79019073511
79019075329
79019074130
79019073663
79019075212
79019074739
79019074231
79019074096
79019075009
79019074738
79019074227
79019074994
79019074114
79019074884
79019075601
79019075098
79019075061
79019075225
79019073941
79019074652
79019074128
79019073993
79019075466
79019073976
79019079343
79019076032
79019076336
79019079171
79019079749
79019078863
79019079551
79019079229
79019077615
79019076347
79019079255
79019076540
79019077681
79019076058
79019078468
79019079649
79019078718
79019077661
79019078639
79019079208
79019076556
79019079118
79019078704
79019077924
79019082112
79019082397
79019082691
79019081629
79019083392
79019082776
79019081549
79019082713
79019081198
79019082702
79019083443
79019083743
79013078231
79013077992
79013077596
79013077529
79013078476
79013077908
79013078398
79013078034
79013077651
79013078350
79013077658
79013078429
79013078255
79013078426
79013078455
79013077816
79013078332
79013078170
79013078358
79013077945
79013078509
79013079379
79013078609
79013078533
79013078567
79013078031
79013079113
79013078655
79013078632
79013078986
79013077650
79013078568
79013078738
79013078997
79771079563
79771079663
79771079881
79771079943
79771079655
79771079863
79771079740
79771079645
79771080118
79771079758
79771079795
79771079844
79771080124
79771079913
79771079967
79771079870
79771079809
79771079968
79771079964
79771079664
79771079705
79771079723
79771079618
79771079681
79771080487
79771081071
79771080610
79771080423
79771080522
79771080954
79771080528
79771080942
79771080928
79771081381
79771081276
79771080496
79771081482
79771081050
79771081403
79771080432
79771081498
79771080690
79771080582
79771080953
79771080450
79771080893
79771080490
79771081169
79771081568
79771081634
79771081696
79771081784
79771081836
79771081795
79771081971
79771081874
79771081778
79771081611
79771082023
79771081791
79771081943
79771081872
79771081844
79771081706
79771081755
79771082029
79771081626
79771081944
79771081681
79771082025
79771081733
79771081877
79771082046
79771082390
79771082379
79771082437
79771082331
79771082403
79771082485
79771082334
79771082679
79771082418
79771082646
79771082696
79771082039
79771082182
79771082375
79771082631
79771082104
79771082647
79771082729
79771082483
79771082746
79771082642
79771082703
79771082056
79771082998
79771082771
79771083054
79771082988
79771082976
79771082829
79771082794
79771082778
79771082779
79771083064
79771082908
79771082918
79771082922
79771082964
79771083056
79771083094
79771083058
79771083080
79771082905
79771082946
79771082923
79771083048
79771083074
79771082961
79771083228
79771083201
79771083195
79771083243
79771083095
79771083134
79771083225
79771083236
79771083129
79771083263
79771083214
79771083197
79771083169
79771083176
79771083251
79771083142
79771083261
79771083245
79771083204
79771083258
79771083121
79771083146
79771083187
79771083209
79771083389
79771083289
79771083268
79771083370
79771083294
79771083368
79771083352
79771083296
79771083290
79771083374
79771083362
79771083281
79771083293
79771083350
79771083402
79771083359
79771083361
79771083383
79771083265
79771083276
79771083390
79771083274
79771083342
79771083372
79771083720
79771083549
79771083753
79771083534
79771083757
79771083797
79771083458
79771083407
79771083657
79771083768
79771083473
79771083527
79771083437
79771083429
79771083464
79771083447
79771083706
79771083426
79771083863
79771083866
79771083807
79771083564
79771083705
79771083728
79771084125
79771083941
79771084145
79771084164
79771083899
79771084083
79771084139
79771084126
79771083894
79771084032
79771084142
79771084157
79771084097
79771084038
79771084056
79771084113
79771084054
79771084024
79771084096
79771084171
79771084115
79771083918
79771084065
79771084089
79771084383
79771084184
79771084239
79771084232
79771084223
79771084189
79771084185
79771084214
79771084361
79771084402
79771084275
79771084309
79771084440
79771084418
79771084378
79771084439
79771084183
79771084298
79771084237
79771084198
79771084218
79771084318
79771084461
79771084319
79771084701
79771084715
79771084678
79771084625
79771084711
79771084720
79771084505
79771084536
79771084698
79771084703
79771084717
79771084719
79771084531
79771084687
79771084535
79771084716
79771084724
79771084472
79771084592
79771084710
79771084481
79771084513
79771084470
79771084684
79771084883
79771086714
79771084970
79771084852
79771084783
79771084886
79771084862
79771084756
79771086718
79771084892
79771084733
79771084729
79771086691
79771086755
79771086683
79771084933
79771084734
79771084905
79771086705
79771084966
79771084968
79771084826
79771086686
79771084758
79771086857
79771086786
79771087019
79771086971
79771087063
79771086958
79771087032
79771086859
79771087011
79771087119
79771086875
79771087191
79771087064
79771087046
79771086781
79771086825
79771086922
79771086912
79771086784
79771086934
79771086812
79771086778
79771086836
79771087102
79771087585
79771087445
79771087207
79771087910
79771087483
79771087647
79771087882
79771087411
79771087625
79771087196
79771087508
79771087314
79771087634
79771087451
79771087901
79771087683
79771087516
79771087638
79771087871
79771087844
79771087599
79771087460
79771087363
79771087559
79771088347
79771088367
79771088051
79771088233
79771088294
79771088143
79771088190
79771087912
79771088211
79771087923
79771088329
79771088053
79771088378
79771087976
79771088004
79771088332
79771088261
79771088376
79771088325
79771088041
79771088303
79771088177
79771088224
79771088289
79771088544
79771088501
79771088435
79771088399
79771088428
79771088433
79771088876
79771088576
79771088665
79771088703
79771088768
79771088631
79771088643
79771088695
79771088670
79771088692
79771088547
79771088422
79771088552
79771088396
79771088628
79771088629
79771088644
79771088606
79771089171
79771088904
79771089227
79771089360
79771089241
79771088963
79771089145
79771089157
79771089279
79771089018
79771089357
79771089155
79771089276
79771089366
79771089372
79771089206
79771089188
79771089369
79771089309
79771088901
79771089051
79771089259
79771089258
79771089177
79771089806
79771089374
79771089762
79771089752
79771089668
79771089819
79771089638
79771089605
79771089446
79771089636
79771089658
79771089743
79771089485
79771089601
79771089604
79771089659
79771089756
79771089613
79771089717
79771089678
79771089702
79771089803
79771089814
79771089549
79771090131
79771090288
79771090397
79771090186
79771089886
79771090258
79771090036
79771090360
79771089854
79771089932
79771090256
79771090433
79771090204
79771089824
79771090240
79771090234
79771090313
79771090176
79771090153
79771089917
79771089857
79771089912
79771090016
79771090365
79771090542
79771090481
79771090720
79771090560
79771090553
79771090492
79771090765
79771090759
79771090815
79771090968
79771090486
79771090882
79771090619
79771090478
79771090557
79771090753
79771091067
79771090873
79771090760
79771090838
79771090730
79771091036
79771090830
79771091120
79771091265
79771091625
79771091480
79771091537
79771091529
79771091590
79771091399
79771091576
79771091346
79771091267
79771091139
79771091435
79771091126
79771091257
79771091182
79771091431
79771091580
79771091568
79771091522
79771091358
79771091485
79771091254
79771091250
79771091523
79771092047
79771091708
79771091783
79771091741
79771091762
79771091985
79771091637
79771091849
79771091844
79771091668
79771092036
79771091748
79771091933
79771091690
79771091737
79771091659
79771091703
79771091814
79771091878
79771091761
79771091944
79771091898
79771091772
79771092038
79771092074
79771092447
79771092286
79771092410
79771092067
79771092364
79771092312
79771092310
79771092496
79771092343
79771092471
79771092395
79771092382
79771092374
79771092138
79771092423
79771092215
79771092452
79771092148
79771092272
79771092467
79771092461
79771092228
79771092518
79771092832
79771092614
79771092543
79771092834
79771092732
79771092661
79771092587
79771092740
79771092532
79771092620
79771092621
79771092779
79771092553
79771092649
79771092536
79771092753
79771092754
79771092869
79771092816
79771092544
79771092855
79771092658
79771092567
79771092682
79771093274
79771092910
79771093089
79771092991
79771093154
79771093346
79771093359
79771093278
79771093182
79771093170
79771093316
79771092944
79771093157
79771093398
79771092923
79771093291
79771092912
79771093062
79771093320
79771092896
79771093288
79771092988
79771093266
79771093194
79771093408
79771093764
79771093742
79771093973
79771093402
79771093689
79771093753
79771093774
79771093920
79771093798
79771093845
79771093620
79771093477
79771093876
79771093412
79771093722
79771093472
79771093516
79771093819
79771093556
79771093623
79771093414
79771093762
79771093924
79771094358
79771094328
79771094267
79771094388
79771094369
79771094205
79771094125
79771094174
79771094072
79771094478
79771094127
79771094504
79771094416
79771094196
79771094163
79771094481
79771094430
79771094156
79771094372
79771094074
79771094523
79771094336
79771094227
79771094531
79771094534
79771094633
79771094732
79771094687
79771094980
79771094938
79771094769
79771094860
79771094670
79771094635
79771094547
79771095081
79771094863
79771094917
79771094844
79771094557
79771094610
79771094669
79771094896
79771094954
79771094578
79771094651
79771094793
79771094835
79771095498
79771095166
79771095426
79771095237
79771095668
79771095273
79771095337
79771095473
79771095083
79771095308
79771095594
79771095246
79771095735
79771095532
79771095256
79771095723
79771095391
79771095691
79771095598
79771095728
79771095502
79771095176
79771095629
79771095567
79771095953
79771095762
79771095736
79771095766
79771095796
79771095862
79771095804
79771095794
79771095744
79771095780
79771095791
79771095771
79771095875
79771096051
79771095867
79771095972
79771095891
79771096078
79771096072
79771095817
79771095755
79771095878
79771096056
79771095746
79771096147
79771096296
79771096159
79771096172
79771096473
79771096365
79771096176
79771096346
79771096432
79771096309
79771096563
79771096086
79771096285
79771096416
79771096379
79771096447
79771096244
79771096478
79771096411
79771096083
79771096216
79771096140
79771096119
79771096217
79771096860
79771096741
79771096865
79771096801
79771096679
79771096863
79771096875
79771096639
79771096826
79771096634
79771096934
79771096807
79771096637
79771096854
79771096724
79771096683
79771096937
79771096747
79771096847
79771096623
79771096695
79771096739
79771096582
79771096794
79771097048
79771097153
79771097031
79771097136
79771097348
79771096997
79771096988
79771097263
79771097061
79771097328
79771097021
79771096974
79771097225
79771097339
79771097110
79771097330
79771097003
79771097375
79771097134
79771097049
79771097124
79771097167
79771097029
79771097260
79771097459
79771101768
79771101857
79771097435
79771097453
79771101566
79771101265
79771097482
79771101486
79771101843
79771101674
79771101574
79771097461
79771097469
79771101529
79771101363
79771097443
79771101629
79771101425
79771101583
79771101392
79771101762
79771101368
79771101276
79771101876
79771102287
79771102175
79771102198
79771102548
79771102140
79771102267
79771102566
79771101859
79771102543
79771102298
79771102283
79771102470
79771102344
79771102353
79771102481
79771102346
79771101874
79771102197
79771102514
79771102547
79771102454
79771102342
79771102477
79771102913
79771102855
79771102869
79771102872
79771102653
79771102956
79771102796
79771102682
79771102615
79771102844
79771102643
79771102789
79771102965
79771102885
79771102884
79771102745
79771102894
79771102863
79771102742
79771102762
79771102832
79771102574
79771102918
79771102771
79771103350
79771103491
79771103396
79771103603
79771103094
79771103516
79771103602
79771103018
79771103053
79771103122
79771103028
79771103485
79771103382
79771103439
79771103594
79771103468
79771103214
79771103511
79771103514
79771103509
79771103572
79771103467
79771103144
79771103027
79771103835
79771103762
79771103810
79771103871
79771103759
79771103684
79771103690
79771103971
79771104122
79771103907
79771103610
79771103866
79771103898
79771103649
79771104175
79771103729
79771103805
79771103816
79771104134
79771103626
79771103935
79771103673
79771104176
79771103903
79771104468
79771104364
79771104434
79771104531
79771104619
79771104485
79771104655
79771104633
79771104629
79771104213
79771104219
79771104450
79771104371
79771104598
79771104654
79771104487
79771104255
79771104516
79771104365
79771104478
79771104284
79771104206
79771104288
79771104277
79771104912
79771104822
79771105371
79771104976
79771105459
79771105295
79771105319
79771104866
79771104974
79771104668
79771104755
79771105483
79771105427
79771105318
79771104744
79771104815
79771105138
79771104902
79771105174
79771104743
79771105466
79771104790
79771104991
79771105309
79771105771
79771105860
79771105850
79771105679
79771105731
79771105825
79771106122
79771105942
79771105664
79771105781
79771105645
79771105697
79771105724
79771105654
79771105623
79771105624
79771105615
79771105523
79771105831
79771105567
79771105514
79771106125
79771105503
79771105675
79771106372
79771106213
79771106279
79771106331
79771106474
79771106325
79771106132
79771106479
79771106434
79771106618
79771106339
79771106154
79771106175
79771106130
79771106254
79771106144
79771106397
79771106276
79771106501
79771106223
79771106435
79771106224
79771106392
79771106554
79771107124
79771106764
79771106751
79771107183
79771106826
79771106975
79771107086
79771106691
79771106833
79771107153
79771107031
79771106683
79771106870
79771106812
79771106961
79771106646
79771106641
79771107059
79771106932
79771106716
79771106982
79771106871
79771106881
79771106819
79771107591
79771107320
79771107286
79771107329
79771107226
79771107184
79771107364
79771107549
79771107638
79771107276
79771107631
79771107348
79771107342
79771107407
79771107541
79771107489
79771107721
79771107438
79771107189
79771107517
79771107511
79771107715
79771107443
79771107401
79771107749
79771107863
79771108259
79771107859
79771107893
79771108316
79771107918
79771107936
79771108136
79771107956
79771107761
79771108231
79771107821
79771107842
79771108324
79771108314
79771108158
79771108330
79771107871
79771107736
79771107916
79771108061
79771107941
79771107752
79771108751
79771108706
79771108856
79771108843
79771108370
79771108837
79771108643
79771108670
79771108761
79771108807
79771108424
79771108714
79771108754
79771108429
79771108354
79771108479
79771108649
79771108362
79771108418
79771108642
79771108615
79771108829
79771108571
79771108569
79771109243
79771108924
79771109276
79771109201
79771109286
79771108981
79771109306
79771109220
79771109302
79771109345
79771109237
79771109203
79771109248
79771109208
79771109283
79771109183
79771109235
79771109144
79771109145
79771108903
79771109288
79771109312
79771108907
79771109319
79771109421
79771109744
79771109698
79771109568
79771109539
79771109407
79771109612
79771109609
79771109626
79771109488
79771109660
79771109370
79771109543
79771109403
79771109349
79771109704
79771109554
79771109423
79771109552
79771109388
79771109420
79771109622
79771109571
79771109735
79771110325
79771109961
79771109873
79771110674
79771109794
79771109752
79771110432
79771109882
79771110315
79771109753
79771110673
79771110431
79771110276
79771110518
79771109755
79771110668
79771110698
79771110329
79771110645
79771109855
79771110265
79771110359
79771109761
79771110268
79771112081
79771112073
79771112514
79771112840
79771110768
79771112972
79771112071
79771112913
79771110732
79771112078
79771112943
79771112689
79771110895
79771112668
79771112136
79771110851
79771112648
79771112792
79771112842
79771112367
79771112428
79771112946
79771110714
79771112134
79771113567
79771113729
79771113539
79771113445
79771113744
79771113782
79771112984
79771113561
79771113538
79771113692
79771113667
79771113776
79771113148
79771113485
79771113043
79771113620
79771113804
79771113778
79771113056
79771113541
79771113944
79771113447
79771113063
79771113653
79771114574
79771114998
79771114796
79771114576
79771114612
79771115198
79771114778
79771115163
79771114916
79771114092
79771114379
79771114028
79771114391
79771114805
79771115319
79771114185
79771114857
79771114718
79771113981
79771114284
79771114932
79771114519
79771115321
79771114248
79771115637
79771116280
79771116783
79771116075
79771116597
79771115620
79771116956
79771115338
79771116893
79771115736
79771116839
79771115786
79771116152
79771115964
79771117289
79771115923
79771116793
79771115679
79771115924
79771117306
79771116593
79771116962
79771117268
79771116120
79771117665
79771117530
79771117912
79771118185
79771118106
79771117613
79771117965
79771117547
79771117349
79771118042
79771118254
79771117610
79771117867
79771117587
79771117698
79771117310
79771118176
79771117924
79771118305
79771117451
79771118067
79771117903
79771117648
79771117918
79771118610
79771118437
79771121665
79771121737
79771121657
79771118443
79771118522
79771121653
79771121679
79771121693
79771121595
79771121627
79771121753
79771121764
79771121750
79771121605
79771121634
79771121689
79771121699
79771118643
79771121731
79771121621
79771121670
79771121599
79771121857
79771122042
79771121786
79771122075
79771122261
79771122087
79771121899
79771122047
79771122051
79771121793
79771121810
79771121861
79771122132
79771121798
79771122146
79771121917
79771121781
79771121832
79771121884
79771121851
79771121831
79771121814
79771122076
79771121816
79771122382
79771122596
79771122624
79771122693
79771122402
79771122307
79771122384
79771122387
79771122685
79771122674
79771122539
79771122761
79771122613
79771122780
79771122347
79771122607
79771122364
79771122736
79771122687
79771122589
79771122354
79771122718
79771122642
79771122784
79771122927
79771122939
79771122957
79771123014
79771122974
79771122805
79771122985
79771123061
79771122864
79771123068
79771122945
79771122897
79771122840
79771123145
79771122968
79771123034
79771123052
79771123155
79771122895
79771122978
79771123084
79771122938
79771123065
79771122842
79771123513
79771123240
79771123243
79771123225
79771123349
79771123607
79771123561
79771123189
79771123208
79771123295
79771123168
79771123156
79771123227
79771123618
79771123176
79771123429
79771123373
79771123175
79771123351
79771123273
79771123498
79771123281
79771123285
79771123722
79771123749
79771124013
79771123922
79771123910
79771123892
79771123957
79771123961
79771123965
79771123988
79771123845
79771123984
79771123862
79771123977
79771123781
79771123789
79771123740
79771123896
79771123916
79771123833
79771123820
79771123998
79771123919
79771123994
79771123967
79771124139
79771124259
79771124168
79771124240
79771124166
79771124096
79771124236
79771124163
79771124257
79771124027
79771124157
79771124089
79771124104
79771124037
79771124238
79771124066
79771124075
79771124228
79771124098
79771124021
79771124097
79771124198
79771124074
79771124209
79771124390
79771124491
79771124631
79771124693
79771124684
79771124722
79771124538
79771124429
79771124594
79771124713
79771124284
79771124679
79771124482
79771124348
79771124328
79771124385
79771124562
79771124337
79771124634
79771124338
79771124609
79771124427
79771124527
79771124691
79771124973
79771124876
79771125049
79771124780
79771124745
79771125027
79771124853
79771125021
79771124931
79771124959
79771124938
79771124761
79771124765
79771124730
79771125098
79771125038
79771125106
79771124928
79771124866
79771124827
79771124901
79771125144
79771124736
79771125086
79771125149
79771125431
79771125286
79771125229
79771125237
79771125434
79771125436
79771125410
79771125285
79771125359
79771125189
79771125226
79771125339
79771125376
79771125368
79771125321
79771125259
79771125183
79771125182
79771125293
79771125158
79771125325
79771125347
79771125471
79771125652
79771125819
79771125479
79771125679
79771125475
79771125706
79771125829
79771125809
79771125609
79771125769
79771125812
79771125661
79771125632
79771125803
79771125569
79771125714
79771125833
79771125814
79771130620
79771125547
79771125718
79771130614
79771125736
79771125763
79771131067
79771131284
79771131163
79771131174
79771131289
79771131142
79771130989
79771130981
79771131245
79771130972
79771130699
79771130630
79771131410
79771131129
79771131053
79771131044
79771130926
79771130629
79771130662
79771130975
79771131291
79771130953
79771130753
79771131183
79771131683
79771131588
79771131475
79771131692
79771131949
79771131630
79771131792
79771131469
79771131618
79771131452
79771131529
79771131449
79771131594
79771132036
79771131621
79771131625
79771131583
79771131850
79771131656
79771131680
79771131932
79771131502
79771131674
79771131638
79771132123
79771132075
79771132392
79771132138
79771132185
79771132464
79771132267
79771132508
79771132091
79771132305
79771132449
79771132480
79771132443
79771132390
79771132258
79771132473
79771132453
79771132096
79771132430
79771132049
79771132360
79771132260
79771132183
79771132379
79771132618
79771132528
79771132750
79771132748
79771132539
79771132580
79771132549
79771132695
79771132641
79771132754
79771132673
79771132827
79771132554
79771132630
79771132821
79771132741
79771132579
79771132622
79771132518
79771132763
79771132652
79771132643
79771132729
79771132553
79771132998
79771132835
79771133096
79771133068
79771132881
79771133109
79771132850
79771132955
79771132852
79771132872
79771133178
79771133097
79771132915
79771133154
79771133059
79771132952
79771133174
79771132979
79771133082
79771133267
79771133149
79771133061
79771133254
79771132884
79771133792
79771133709
79771133657
79771133428
79771133524
79771133348
79771133807
79771133743
79771133501
79771133549
79771133512
79771133473
79771133734
79771133692
79771133706
79771133708
79771133748
79771133604
79771133354
79771133525
79771133615
79771133471
79771133389
79771133645
79771134261
79771134098
79771134207
79771133871
79771134162
79771133975
79771133952
79771134026
79771133826
79771134186
79771134076
79771133920
79771134168
79771134210
79771134237
79771133832
79771134089
79771133954
79771134174
79771134104
79771134250
79771134231
79771133976
79771133972
79771134419
79771134651
79771134537
79771134615
79771134367
79771134574
79771134286
79771134632
79771134620
79771134274
79771134326
79771134691
79771134668
79771134465
79771134298
79771134603
79771134676
79771134570
79771134512
79771134492
79771134522
79771134671
79771134699
79771134308
79771134769
79771134938
79771135244
79771135465
79771134864
79771135379
79771134973
79771135481
