+79897402132
+79891301230
+79891301395
+79194204782
+79890351198
+79890401951
+79188308580
+79194203513
+79888302871
+79890402591
+79897496017
+79888701969
+79890401643
+79891301423
+79188305692
+79891370223
+79897402573
+79888701380
+79194202502
+79890402357
+79187028751
+79888701664
+79187028452
+79890401602
+79890351463
+79187026619
+79891301187
+79188303988
+79890401403
+79891370221
+79188200235
+79194203643
+79187028946
+79888302718
+79891301389
+79888302847
+79897401580
+79888302435
+79897402553
+79890403574
+79188203179
+79897496023
+79188301380
+79188309067
+79188311743
+79188304319
+79888701557
+79891301526
+79888302572
+79188200940
+79188203180
+79888701565
+79891370230
+79194202683
+79888701387
+79891301420
+79897496022
+79194202872
+79888701840
+79188301401
+79891370227
+79891301518
+79890402836
+79897401476
+79188201163
+79187030361
+79888302613
+79888302649
+79187028629
+79890351362
+79187030362
+79194203650
+79897402543
+79890351657
+79188309541
+79888701956
+79194203115
+79891370226
+79188300189
+79890351428
+79188305441
+79897496021
+79897496029
+79891301173
+79188305460
+79890351387
+79187029718
+79187029043
+79888302558
+79891300196
+79897401158
+79188303611
+79188309619
+79888701723
+79891370229
+79888302849
+79897496027
+79897496025
+79897401529
+79888302641
+79890401497
+79890350282
+79188300351
+79194203176
+79890350791
+79891370228
+79890351086
+79891370225
+79188203154
+79188312481
+79187099837
+79188304113
+79890351477
+79891370219
+79188309548
+79188200936
+79897496018
+79188301396
+79188312181
+79888702086
+79187029552
+79188309205
+79897496028
+79897402551
+79188203546
+79897402539
+79891370224
+79187099461
+79188203199
+79194204786
+79890401631
+79188310163
+79188200627
+79897496019
