+79836300295
+79834300953
+79146301116
+79834501107
+79834501119
+79834212533
+79149801633
+79149801615
+79140512133
+79834212518
+79835300948
+79148403905
+79835300943
+79833304622
+79836300329
+79149801611
+79834300892
+79148403880
+79148300681
+79148300643
+79140511955
+79834501114
+79140512148
+79834212503
+79834300926
+79149801605
+79148300386
+79835300942
+79146300692
+79148300465
+79834212517
+79148300436
+79148300671
+79834501072
+79148403715
+79146301361
+79836300247
+79834501057
+79149801630
+79836300264
+79149801619
+79834501115
+79834501019
+79834501118
+79834212528
+79836300273
+79836300305
+79833304392
+79834212527
+79148403519
+79148300648
+79146300583
+79148300583
+79833305214
+79148404105
+79833304468
+79833305229
+79833305215
+79834212532
+79836300298
+79149801609
+79834300876
+79833305237
+79834501143
+79146301422
+79834300857
+79834300957
+79835300945
+79834300872
+79140512057
+79146300571
+79835300954
+79146301198
+79835300949
+79146301398
+79834212471
+79836300354
+79834300861
+79836300259
+79140512110
+79140511954
+79834300952
+79148400692
+79834501039
+79835300961
+79149801612
+79149801620
+79148300537
+79148400576
+79148300593
+79140511928
+79148403882
+79833304368
+79146301204
+79148403571
+79148403901
+79835300958
+79834300326
+79834501116
+79835300957
+79146300677
+79833305219
+79149801584
+79140512072
+79140512142
+79835300952
+79140512123
+79834212485
+79834212529
+79833304372
+79836300332
