+79196601289
+79176701137
+79876607058
+79199729194
+79871202107
+79176501576
+79176701167
+79877601483
+79877355926
+79871202163
+79876703403
+79877355918
+79196601265
+79876608161
+79875755048
+79876605955
+79196507570
+79170779710
+79176701052
+79877355843
+79877356001
+79196601320
+79199729193
+79877601185
+79877601466
+79176602696
+79196700913
+79170671728
+79877355847
+79191380806
+79199729204
+79191380901
+79871202156
+79196700898
+79871201995
+79876606051
+79196601585
+79876703385
+79876608340
+79176501380
+79877601579
+79196507568
+79191380626
+79199710874
+79199710260
+79176602703
+79875755041
+79196601602
+79196507571
+79176701159
+79170671681
+79877601391
+79170671726
+79196700841
+79170671730
+79199710436
+79196700784
+79170779704
+79196507565
+79877355982
+79170779729
+79176602675
+79176602706
+79875755044
+79196507567
+79199713680
+79877355867
+79196700920
+79199713163
+79191380598
+79876703384
+79877355991
+79199713189
+79875755043
+79176501161
+79199729196
+79877601563
+79176501311
+79191380972
+79176602707
+79176501095
+79170671727
+79199729195
+79170779692
+79876703368
+79196507564
+79176501362
+79170779711
+79176700975
+79176602637
+79176502509
+79196500483
+79875755047
+79871202131
+79199711148
+79876703398
+79199729192
+79875750854
+79196700691
+79176701257
+79199729200
+79196601410
+79871202097
+79877353899
+79876603725
+79199713682
+79191380614
+79196601643
+79196601647
+79176602673
+79196505423
+79875755042
+79876606433
+79176701165
+79871202104
+79191380964
+79876604521
+79191380766
+79170770536
+79871202098
+79196601619
+79170671655
+79176502445
+79876607977
+79176501512
+79875755046
+79170671651
+79176501465
+79875755039
+79196601362
+79876608071
+79196700895
+79199725536
+79170779714
+79170779693
+79871202108
+79176602641
+79191380596
+79196700266
+79191380554
+79170671683
+79176701141
+79176701241
+79170779705
+79876703392
+79199729188
+79875751227
+79176602670
+79877601528
+79196601541
+79876702758
+79196700781
+79170671725
+79196500572
+79196507566
+79170779708
+79876703356
+79876703401
+79199729183
+79871202126
+79176701127
+79196700871
+79877355916
+79877601438
+79170671724
+79199712734
+79877601565
+79877601572
+79199710656
+79876703373
+79176602693
