+79896601176
+79884270838
+79882901532
+79884650953
+79896700586
+79884651493
+79188400269
+79882700536
+79887710695
+79896700584
+79882001231
+79894400923
+79886401538
+79882700752
+79887710536
+79884400893
+79894600341
+79887900234
+79886500167
+79887710497
+79882001217
+79898801320
+79898601696
+79884270386
+79886400594
+79884300687
+79188400632
+79886901285
+79894800574
+79882200491
+79884401031
+79882600151
+79894911663
+79894400716
+79886500674
+79887900285
+79188401559
+79886901402
+79882901519
+79898601694
+79884270561
+79887800409
+79884201440
+79882001233
+79886300997
+79894500476
+79882100947
+79883001435
+79187307592
+79187307812
+79187307825
+79884401274
+79882901522
+79894800587
+79884651082
+79882900674
+79882600147
+79882600148
+79894931849
+79886300980
+79894500512
+79884300722
+79884500657
+79886530131
+79884300652
+79884500341
+79882901523
+79886400756
+79884500321
+79896700512
+79884200492
+79886300851
+79883001439
+79886300965
+79894400728
+79882001206
+79886901288
+79886500312
+79882100946
+79894800173
+79894700861
+79886530183
+79187307822
+79898700283
+79898991528
+79882200479
+79886530287
+79896782064
+79896500376
+79882200476
+79896600523
+79886500137
+79894400871
+79894600346
+79898700248
+79887800531
+79882000497
+79882700658
+79884500713
+79896500395
+79884270375
+79887800894
+79898601693
+79886500583
+79887900295
+79884401322
+79894400925
+79884500336
+79898801369
+79884500337
+79188400497
+79882700362
+79896781988
+79896700583
+79188400698
+79883001509
+79886500469
+79898991481
+79894700657
+79896500361
+79884200374
+79188400286
+79886900832
+79896500319
+79896781749
+79882200496
+79896782081
+79887900275
+79884201427
+79884651057
+79898700165
+79884651428
+79887900286
+79898900667
+79896781742
+79882901159
+79896601257
+79896700379
+79884201480
+79884270820
+79894700815
+79884201449
+79887801384
+79883001428
+79896500436
+79894500487
+79898900671
+79882700259
+79886901423
+79896601492
+79187307816
+79882001209
+79886400849
+79898991068
+79187307820
+79883001475
+79898991276
+79896500297
+79884500319
+79884650473
+79886500314
+79898991342
+79882600146
+79896700479
+79884270498
+79886300240
+79894500468
+79884300682
+79898800271
+79882600139
+79188401576
+79898700291
+79187307498
+79886530282
+79887800231
+79894600327
+79898601690
+79894800572
+79898800142
+79898700236
+79887800382
+79882700825
+79886500432
+79882600152
+79887900281
+79884270370
+79894933118
+79882901511
+79898800396
+79898801396
+79894400762
+79898800213
+79896600495
+79894800612
+79894600349
+79886901764
+79894600350
+79886300878
+79887800167
+79883001349
+79887711195
+79884300466
+79882901527
+79894700698
+79884500585
+79884270852
+79882200497
+79882001204
+79894400715
+79883001466
+79886530297
+79884401327
+79894500483
+79882100452
+79882700836
+79894600347
+79894700476
+79894932226
+79898991423
+79894500497
+79884651398
+79886300840
+79894917649
+79887710960
+79884270622
+79882600149
+79894700719
+79896601080
+79896601467
+79898900682
+79882200486
+79886400882
+79887800723
+79898700288
+79882100945
+79887710657
+79898801245
+79884300758
+79883001265
+79894800475
+79884401049
+79896601736
+79882001094
+79894700860
+79884300713
+79886530194
+79898900634
+79896600193
+79882001216
+79882001229
+79894932225
+79882100951
+79886900983
+79886401430
+79887800532
+79898601680
+79896700469
+79894800583
+79882100948
+79896700482
+79894500463
+79884201174
+79894600348
+79884300728
+79188401478
+79886300317
+79884300759
+79883001361
+79882600137
+79884201262
+79187307817
+79882600143
+79894800598
+79898801279
+79886530307
+79886300946
+79896781971
+79896781983
+79884650944
+79887710838
+79894932749
+79898991526
+79884270456
+79898900672
+79896500328
+79894800613
+79896600298
+79884651269
+79882600138
+79884401369
+79188401430
+79884200889
+79884401349
+79886901546
+79882700472
+79898601678
+79894700832
+79898991345
+79884300725
+79898900681
+79884401263
+79887710913
+79894500491
+79896781831
+79887710873
+79884400639
+79896781845
+79898601699
+79894800532
+79883001074
+79887800612
+79887900274
+79882100376
+79887710514
+79882001237
+79887900289
+79886401268
+79886900869
+79898700162
+79187307819
+79898601697
+79898900641
+79882100943
+79898900522
+79886401391
+79887900291
+79896500438
+79896700349
+79894600351
+79882700841
+79886530286
+79896700581
+79894400671
+79898900679
+79882200498
+79894700736
+79882901521
+79894400687
+79894400863
+79884500730
+79898900481
+79886530168
+79882200483
+79886401315
+79894500513
+79886400728
+79898801218
+79894900399
+79882901097
+79187307814
+79894500431
+79898700179
+79887900264
+79884200497
+79896601253
+79898700276
+79894933117
+79882100557
+79882100937
+79896500435
+79896781730
+79887710815
+79884650803
+79898601679
+79188400812
+79882200493
+79898700156
+79896500439
+79898601263
+79886500359
+79898991462
+79884500082
+79882700175
+79886530302
+79887800014
+79898991523
+79886901142
+79894600342
+79886500472
+79886300994
+79882200487
+79894600328
+79894933301
+79894700327
