+79886800054
+79897300061
+79176806913
+79897300064
+79176806909
+79176819102
+79176801154
+79176801158
+79176803698
+79176804200
+79897300056
+79886800013
+79886800064
+79176806914
+79176804199
+79886863094
+79176819175
+79886863068
+79176818922
+79176806915
+79886800053
+79176803407
+79176806916
+79886800051
+79897300059
+79176819185
+79176801163
+79176801161
+79176801162
+79176803948
+79176806911
+79176804198
+79176818929
+79886863293
+79176819141
+79176801159
+79886800067
+79176804196
+79176806939
+79897300025
+79176819244
+79886863207
+79176801143
+79886863268
+79886800057
+79176819393
+79886863286
+79886863010
+79886800043
+79886863351
+79176818933
+79886800049
+79176803891
+79886863003
+79897300052
+79897300065
+79176806933
+79176806912
+79176801160
+79176801165
+79886863254
+79886800071
+79176806923
+79897300046
+79176819472
+79897300068
+79176801156
+79897300015
+79176803740
+79176803591
