+79114011787
+79114202902
+79114102658
+79116609239
+79114102655
+79114301879
+79114202619
+79114203093
+79110518343
+79114301759
+79110518300
+79814013330
+79114301799
+79110518329
+79114011760
+79116608980
+79114203021
+79110518325
+79114102625
+79814013337
+79114302016
+79114102651
+79110518339
+79114201740
+79116609343
+79814013222
+79114301826
+79114102656
+79114202960
+79110518341
+79114302006
+79114011596
+79114102662
+79110518316
+79814013155
+79116609117
+79114011690
+79114102657
+79814013335
+79814012777
+79114011454
+79114102648
+79814013332
+79116609064
+79114301976
+79114011495
+79110518326
+79116609158
+79114202749
+79114202586
+79116609215
+79116608973
+79114102659
+79114011634
+79110518320
+79114011576
+79116609315
+79814013334
+79114202350
+79114011728
+79116609228
+79114102626
+79114202891
+79114203118
+79110518312
+79814013331
+79114301893
+79110518342
+79114011685
+79814012363
+79114302009
+79114302017
+79110518309
+79814013338
