+79881202367
+79881202532
+79886650841
+79888101604
+79888000419
+79888000491
+79888201602
+79888101609
+79188103852
+79188103867
+79886651261
+79188103879
+79881201247
+79886650414
+79881201503
+79888101621
+79188103874
+79888101611
+79888000478
+79888000428
+79886650173
+79888000481
+79888201601
+79188103875
+79888201684
+79888201592
+79881201491
+79188103870
+79888201593
+79881202531
+79888000327
+79188103878
+79188103877
+79886650027
+79888101625
+79888000459
+79888101620
+79886650174
+79888101603
+79881201527
+79888101580
+79886650840
+79881201528
+79188103871
+79881202412
+79886650195
+79888101573
+79888101607
+79888201596
+79888200046
+79888000473
+79888201657
+79888000260
+79888200043
+79188103876
+79886650042
+79888101581
+79888000479
+79886651272
+79881201230
+79888201668
