+79177012082
+79877106474
+79177011671
+79194122408
+79194122409
+79877208579
+79877002865
+79177105360
+79877305688
+79877110164
+79877305679
+79194122377
+79177105148
+79877004612
+79877106959
+79177010603
+79177011497
+79877110600
+79177012077
+79177012066
+79877002832
+79877200155
+79877304617
+79877001004
+79877305681
+79877214389
+79877110612
+79177105455
+79194121529
+79877001157
+79877003490
+79877212626
+79177105444
+79194122274
+79194122245
+79877110637
+79877213253
+79177011544
+79877210257
+79877211047
+79877005545
+79877002778
+79177105161
+79877305673
+79877212659
+79877304965
+79877305680
+79177012081
+79877304749
+79194121941
+79877305148
+79877110641
+79177012067
+79877109876
+79877001148
+79177105294
+79177105430
+79177105429
+79177105432
+79877305682
+79194122405
+79877210768
+79877208570
+79877110621
+79177105176
+79877110341
+79194121362
+79877000834
+79177011596
+79194122247
+79177012074
