+79197870679
+79197800257
+79875694129
+79179901369
+79170681183
+79197870677
+79176900148
+79197870678
+79170680169
+79876800147
+79197800461
+79170681076
+79176900276
+79870100053
+79197800379
+79170034952
+79170681175
+79875694132
+79197850410
+79176900160
+79879901342
+79170035187
+79870100056
+79197800471
+79875650327
+79197870705
+79870100052
+79197850418
+79197870832
+79875650376
+79197870696
+79879901292
+79179903533
+79875650378
+79170681125
+79875694141
+79170720676
+79875694126
+79170034778
+79875701331
+79879901347
+79170720660
+79197850277
+79170035097
+79879901360
+79170720071
+79876800106
+79197850360
+79875650386
+79197850340
+79170720696
+79179904402
+79870100048
+79170720190
+79176900158
+79876901457
+79875701327
+79876800637
+79876800639
+79876901496
+79875650361
+79876901428
+79179902501
+79197850363
+79875694147
+79170681203
+79875701156
+79197850345
+79870100039
+79870100062
+79197870674
+79879901401
+79170720677
+79876901419
+79179901973
+79875694139
+79876800622
+79197870675
+79197800457
+79875694138
+79875650358
+79876901462
+79170035194
+79870100043
+79179902172
+79176900219
+79170720682
+79875694143
+79179901708
+79875701332
+79197800473
+79176900134
+79876901513
+79870100059
+79197800244
+79170720687
+79879901392
+79876901505
+79876901543
+79875650381
+79876800052
+79876901493
+79197800470
+79879901394
+79875694130
+79197850338
+79876901470
+79875694144
+79170680421
+79197800258
+79870100058
+79876800497
+79875650154
+79170035086
+79170035096
+79875650366
+79875701096
+79197850455
+79875701336
+79879901374
+79170034968
+79179901864
+79875701302
+79875650367
+79879900378
+79870100054
+79170035108
+79197850425
+79197870673
+79875700692
+79876800626
+79879901372
+79876800619
+79170720658
+79176900138
+79176900271
+79170035143
+79170680483
+79170681279
+79176900246
+79176900254
+79170720681
+79197870423
+79179901601
+79875701276
+79875701142
+79170681148
+79876800496
+79179901345
+79197800340
