+79875199932
+79875104174
+79023408697
+79875200598
+79875203959
+79023408201
+79022007169
+79870707265
+79502307740
+79875017740
+79023409078
+79869406159
+79869406855
+79085306241
+79869355437
+79869400416
+79023407270
+79085204219
+79869355423
+79875104175
+79022006758
+79875103854
+79020809439
+79870706560
+79869406425
+79875104168
+79085207028
+79869355385
+79085301647
+79875104179
+79022005433
+79020809427
+79502307735
+79085204138
+79085204988
+79875104176
+79085206588
+79875017246
+79020809442
+79085206944
+79875017506
+79085205878
+79867312213
+79085306269
+79867312219
+79869406653
+79020809451
+79020809440
+79020809470
+79870707569
+79022006815
+79869355126
+79875103961
+79869355163
+79023407459
+79020809391
+79020809432
+79085203519
+79875104170
+79020809457
+79875017520
+79023407638
+79502307745
+79020809415
+79022007248
+79875200560
+79869405977
+79867312207
+79502307737
+79502307739
+79875103814
+79875017064
+79869405930
+79085306482
+79085301839
+79867312199
+79085206562
+79869400037
+79875017460
+79867312202
+79869406078
+79867312228
+79502307734
+79020809413
+79870707547
+79875017154
+79875200747
+79502307738
+79022001305
+79020809437
+79020809467
+79020809436
+79502307736
+79875017642
+79502307743
+79875104072
+79020809435
+79870707559
+79867312190
+79867312223
+79875203923
+79875017375
+79867312198
+79875203954
+79869355169
+79022007156
+79869355447
+79875201132
+79869404186
+79870707564
+79020809459
+79875017488
+79022006643
+79020809433
+79875202955
+79085301802
+79020809396
+79869400258
+79020809443
+79875202293
+79020809426
+79023408344
+79023408150
+79085206892
+79869355128
+79875017694
+79869355440
+79022001016
+79875203961
+79022006841
+79023407686
+79870707546
+79867312215
+79085304015
+79022007365
+79085205001
+79085306487
+79020809469
+79870705378
+79023407665
+79020809465
+79085304567
+79085306312
+79870707566
+79020809463
+79085304255
+79870707568
+79502307741
+79869406355
+79869355177
