+79140848971
+79147504686
+79147603882
+79140848966
+79147401383
+79841302663
+79147504494
+79841303445
+79147401328
+79147601512
+79140902416
+79841302136
+79140848984
+79140903139
+79140848959
+79140903131
+79147500962
+79147600319
+79146405699
+79140900928
+79841301268
+79841802991
+79146403914
+79140902970
+79841301243
+79140902976
+79147401469
+79146400552
+79147603130
+79146405725
+79147502385
+79147504599
+79147501146
+79140848962
+79140901684
+79147402391
+79841803831
+79147504679
+79146405802
+79140848980
+79841303429
+79147400481
+79841303484
+79147504675
+79147400702
+79140901843
+79146405801
+79147501315
+79147401953
+79147402318
+79841802960
+79140903123
+79140903060
+79841803964
+79147603886
+79841303844
+79147603845
+79140848974
+79841303229
+79147504572
+79147601670
+79146400332
+79140903137
+79841804169
+79146405792
+79140848978
+79140903079
+79841301285
+79140845449
+79140903069
+79147504502
+79147602867
+79841803976
+79146405085
+79841803110
+79841803155
+79841804061
+79147603425
+79147400313
+79140903109
+79140848977
+79146405568
+79147400799
+79140903143
+79147603843
+79140848983
+79147504581
+79147603287
+79140903101
+79841800345
+79146405687
+79147504452
+79841302622
+79841803991
