+79179669011
+79878162444
+79879635933
+79179748064
+79198154144
+79879636575
+79179663033
+79178255209
+79179618739
+79179708168
+79878160810
+79871663847
+79198148346
+79178291090
+79869556712
+79871662766
+79879642148
+79879738457
+79179739648
+79179751567
+79198195839
+79179670943
+79879713083
+79198160467
+79179744878
+79878154479
+79179733089
+79878189232
+79879761259
+79878154965
+79179719653
+79871667856
+79179786859
+79179673172
+79179730784
+79198170383
+79878176339
+79879347295
+79878193008
+79179764732
+79871664673
+79869559963
+79874519577
+79179734176
+79879718455
+79179649784
+79179611227
+79178244599
+79879783901
+79874519573
+79198197115
+79179618751
+79878184428
+79871688711
+79198139670
+79179748063
+79878184674
+79179673480
+79869584607
+79178271253
+79874520193
+79878170466
+79871665991
+79878160894
+79178263720
+79879634783
+79179653905
+79871661142
+79871654502
+79198169333
+79198146973
+79178292847
+79879672577
+79871656628
+79879674384
+79871694609
+79179749019
+79878160821
+79879672092
+79179751563
+79179752074
+79879738721
+79179760637
+79179731107
+79878162484
+79179714945
+79871698856
+79179658981
+79198191790
+79871663842
+79878152746
+79874512497
+79871688714
+79198189240
+79198109856
+79179643308
+79871662258
+79871665989
+79171247426
+79871689162
+79878152569
+79878157081
+79179792369
+79879713081
+79179640130
+79198161276
+79874512322
+79879743254
+79198161273
+79878158354
+79879303946
+79878160906
+79878160834
+79871671644
+79879656075
+79871654607
+79879389397
+79178267416
+79879725349
+79879742644
+79198164850
+79878184758
+79879672093
+79179693198
+79171287635
+79874563891
+79874519602
+79179775985
+79871692182
+79171292632
+79878189473
+79879718357
+79178231835
+79871665994
+79869556021
+79178284605
+79874520194
+79178228401
+79178271490
+79171294849
+79179740622
+79871667854
+79178270867
+79179612622
+79179740573
+79179739649
+79179676890
+79179633507
+79871664710
+79178267417
+79179651467
+79879742638
+79879672580
+79878192311
+79879713567
+79178219413
+79179758786
+79179639748
+79871662758
+79878188019
+79879712637
+79871652479
+79198164657
+79171253096
+79198160774
+79198105476
+79879309727
+79178284211
+79179730782
+79179659518
+79878162823
+79198164854
+79198165698
+79179705047
+79878164377
+79869555626
+79871689177
+79871694566
+79879679903
+79879328527
+79871666017
+79179734177
+79878154478
+79179634720
+79179716209
+79871686304
+79178268648
+79879392467
+79879392915
+79171179396
+79171353179
+79171248165
+79179659517
+79878184731
+79198164851
+79171230554
+79198167643
+79179622817
+79179639694
+79878159874
+79869563537
+79179687136
+79869556019
+79879734028
+79869559984
+79878164361
+79878170853
+79874519606
+79878159882
+79198109092
+79878157087
+79179708551
+79871664714
+79879303119
+79178291083
+79179762006
+79878184730
+79878187195
+79179739859
+79871662247
+79198194428
+79198174695
+79178263726
+79878192289
+79178227211
+79878179010
+79179755938
+79871672762
+79878179300
+79178295986
+79879389975
+79878175104
+79179708237
+79179663542
+79878178912
+79871686289
+79179749802
+79874514683
+79879669426
+79179755933
+79179746631
+79878175138
+79179790166
+79871656627
+79879306758
+79198133621
+79179676891
+79879742143
+79179669101
+79879311627
+79179609238
+79871664711
+79179705043
+79878187196
+79871677559
+79874528983
+79869556742
+79871664677
+79879635649
+79871689473
+79179744706
+79878170475
+79179739861
+79171257781
+79871677562
+79871653840
+79171179380
+79198112217
+79198145994
+79179649128
+79879745739
+79198193744
+79178207752
+79179748052
+79878184725
+79879729265
+79179755931
+79179748055
+79878179226
+79171224246
+79179789937
+79179678347
+79879391489
+79879392469
+79171179392
+79198154182
+79871689478
+79879357596
+79198176894
+79878158353
+79198116503
+79179633487
+79178272652
+79871667857
+79178227594
+79871652534
+79198174752
+79171263834
+79171287451
+79179733751
+79871656603
+79179716894
+79878166360
+79878182668
+79179659463
+79871696454
+79179783519
+79198199077
+79179726475
+79178270642
+79878170900
+79178255480
+79879704772
+79198117311
+79879670566
+79869556057
+79871698821
+79178215246
+79198191322
+79179692465
+79178241650
+79878166005
+79878164375
+79179639050
+79171253094
+79879744282
+79878187192
+79178255214
+79871688694
+79871689154
+79179633546
+79871672769
+79878185854
+79879304398
+79171179157
+79871667852
+79871692119
+79198167509
+79878158417
+79878159967
+79179634717
+79198169186
+79871683711
+79879738445
+79171318979
+79178247201
+79871688615
+79871653794
+79179633489
+79871666021
+79198141057
+79171292629
+79179618322
+79878179217
+79879704769
+79198187467
+79179622347
+79871664708
+79878174374
+79878155926
+79198197113
+79871665993
+79171293396
+79179789572
+79879304528
+79879711136
+79879679234
+79198154189
+79879712187
+79198142313
+79871694618
+79878168533
+79871686154
+79879704147
+79878179239
+79878160824
+79879327597
+79179664253
+79874520187
+79878160904
+79871500104
+79871653814
+79878159981
+79871653831
+79878162826
+79871672729
+79179643076
+79198173573
+79879707242
+79879392213
+79179776971
+79178291088
+79178275670
+79871654503
+79879305749
+79879378963
+79179632045
+79179639746
+79198137050
+79879627592
+79878156796
+79198106204
+79869584630
+79179731811
+79878184727
+79198185705
+79179625956
+79198139672
+79879316386
+79879648538
+79178268659
+79179678342
+79178278895
+79879714279
+79178249996
+79878175107
+79198154188
+79179675113
+79879725351
+79178207751
+79878160844
+79871663846
+79871664709
+79879328526
+79179724518
+79179686452
+79879704146
+79878174359
+79878160318
+79198155098
+79179746630
+79171248166
+79178263422
+79871652464
+79179739814
+79871689179
+79878159876
+79871662265
+79178291778
+79179632835
+79879707241
+79878159980
+79871664693
+79198151419
+79879305763
+79878174371
+79871651540
+79874520191
+79178263725
+79878156399
+79871689485
+79178288137
+79878192937
+79179749803
+79878152567
+79878155930
+79878179232
+79198165864
+79178269417
+79879306457
+79879620174
+79871667855
+79878184721
+79179719654
+79179622648
+79879689836
+79874528002
+79198176926
+79179781450
+79879387024
+79198116504
+79871689483
+79879603134
+79879670568
+79871653811
+79879661713
+79179658044
+79179730786
+79179619337
+79871662264
+79171294862
+79198159764
+79874519594
+79179755952
+79878184398
+79879305662
+79198164659
+79879303391
+79198105471
+79171206376
+79178291089
+79171295793
+79179755939
+79879713082
+79179646069
+79171264120
+79179694206
+79879614564
+79878162825
+79171178580
+79171294852
+79198154145
+79879708268
+79879667034
+79198139671
+79879357864
+79869584870
+79871652471
+79179643832
+79871500103
+79869556707
+79179679304
+79879368146
+79879395581
+79179733090
+79871667958
+79179739650
+79171293872
+79874502685
+79871683720
+79198141671
+79879711140
+79871670028
+79878152562
+79878151907
+79198170384
+79878178903
+79879305676
+79179634716
+79878155924
+79198145995
+79871692173
+79171178374
+79178264813
+79198103867
+79871667962
+79179659477
+79871694622
+79171228401
+79878192969
+79871689482
+79198167650
+79878152565
+79878170464
+79878162824
+79198184629
+79179722316
+79878155794
+79179719218
+79179768320
+79879725345
+79879744281
+79871651527
+79179664329
+79871651538
+79171179384
+79179705048
+79878179224
+79179665878
+79871664660
+79179785682
+79879743423
+79179665067
+79171276929
+79198197110
+79179721672
+79879389554
+79878188012
+79178241907
+79874526130
+79879727217
+79179602987
+79179639745
+79179639747
+79178216313
+79879347277
+79878155928
+79871652455
+79198197049
+79879620166
+79879629881
+79171298359
+79871698843
+79879635934
+79871692185
+79878168544
+79879340723
+79879620173
+79879672096
+79198177011
+79179725033
+79198154146
+79869551071
+79179778390
+79871688703
+79198154187
+79871689150
+79198105509
+79198159758
+79178249995
+79171252023
+79179744714
+79874520199
+79878177589
+79879331023
+79879629882
+79179781042
+79178208510
+79878178894
+79178278739
+79879642147
+79879713078
+79878162797
+79871686271
+79878160838
+79879671863
+79878192954
+79871651541
+79171309851
+79179712658
+79879678873
+79178255213
+79879323771
+79179654509
+79878159885
+79179676391
+79871692132
+79198175293
+79879712193
+79871692172
+79171268315
+79879386711
+79871688698
+79179634722
+79879311626
+79179609253
+79198182842
+79871686146
+79171293860
+79178293670
+79179786860
+79879737864
+79879776731
+79869571291
+79178270643
+79179624251
+79879309730
+79179637203
+79171240974
+79879758893
+79179634708
+79198114854
+79871500047
+79198187465
+79179660207
+79879783900
+79198166182
+79871692624
+79871662263
+79869556056
+79179622652
+79878182679
+79178291629
+79179667304
+79179645058
+79171268316
+79879620157
+79179745722
+79871692190
+79879698278
+79878155931
+79179749550
+79871683745
+79198141674
+79878162822
+79178255206
+79878184048
+79178252614
+79179669104
+79198145703
+79871688639
+79874515044
+79171243065
+79879744129
+79198199728
+79178263415
+79179672947
+79179719651
+79878152564
+79879303392
+79171297543
+79178278738
+79879380960
+79871694610
+79198161344
+79879629879
+79198117258
+79198143040
+79179691655
+79874520197
+79198164656
+79198136314
+79198154184
+79871692122
+79869550498
+79874510877
+79179643834
+79879737852
+79879640689
+79179637402
+79179762012
+79878179243
+79878154480
+79869556009
+79198110214
+79871689160
+79179665069
+79879663514
+79171219772
+79179670929
+79871689122
+79869556726
+79879652131
+79871663848
+79198148553
+79878185813
+79879389546
+79871672739
+79171302721
+79179659465
+79198159663
+79878155934
+79874520195
+79871500094
+79879674521
+79878185358
+79178287843
+79869584635
+79871671459
+79171229641
+79879365831
+79871500034
+79879689828
+79179659470
+79179675163
+79871692176
+79198184628
+79871666037
+79879663511
+79178227170
+79171228399
+79198108314
+79179733280
+79871683706
+79198170387
+79198161270
+79179693071
+79871653804
+79178215244
+79171295669
+79879369309
+79871500058
+79879316396
+79871653822
+79871672753
+79179711586
+79879672587
+79179646417
+79879336295
+79871653792
+79879362747
+79878190745
+79171225142
+79871683743
+79171247336
+79878164362
+79179761998
+79178293677
+79871692197
+79878155927
+79871500097
+79871688707
+79179659464
+79198150104
+79178271254
+79871686205
+79879676450
+79171288066
+79178280478
+79878170848
+79874520192
+79874581271
+79179716208
+79878152556
+79179743291
+79171353182
+79879347291
+79178252620
+79171274803
+79879371720
+79178274574
+79178284606
+79871694612
+79874572370
+79879304387
+79878185806
+79171287637
+79878179238
+79179664585
+79878170479
+79874515056
+79871664679
+79179705044
+79179659468
+79874509237
+79179669098
+79879672094
+79171209792
+79198196686
+79878179212
+79179719655
+79879362738
+79179634719
+79178218739
+79871651524
+79179671469
+79871672783
+79179675080
+79879663907
+79878155922
+79871672724
+79874574859
+79198174687
+79871653828
+79179746625
+79878163190
+79179762083
+79198159662
+79179762403
+79178251276
+79198114845
+79198122483
+79198174753
+79171178463
+79179633542
+79179634715
+79879711138
+79179602991
+79878160819
+79879347297
+79878152566
+79878171217
+79171297536
+79879303938
+79871689152
+79879303122
+79179634714
+79871667853
+79179630610
+79179713633
+79878155925
+79179643830
+79871692631
+79878188014
+79179659467
+79171301022
+79179605057
+79878155819
+79878183617
+79879686903
+79179748067
+79871653328
+79878179296
+79179634721
+79171178943
+79179739643
+79871671912
+79179778392
+79871667859
+79871653809
+79879713073
+79879672095
+79879636830
+79171293391
+79879305666
+79871683763
+79878192499
+79198165689
+79869556732
+79198174689
+79879736450
+79178291084
+79179651387
+79179751646
+79179778728
+79878179208
+79878184760
+79871688730
+79874530115
+79179730787
+79179659466
+79879627598
+79879744128
+79869556027
+79871672705
+79178295987
+79879335285
+79198167968
+79198174751
+79869584603
+79871652429
+79874519856
+79878184729
+79879679901
+79878151924
+79198176912
+79171208367
+79879386738
+79879624882
+79879742142
+79874581273
+79171228577
+79878156794
+79871694607
+79171291463
+79879361416
+79179737163
+79879672586
+79179720125
+79171290256
+79879305768
+79879707130
+79879642427
+79871698857
+79179748053
+79871694603
+79874520196
+79879305762
+79871678857
+79879672578
+79178267421
+79871666019
+79179634718
+79879778191
+79879712636
+79179622659
+79878166378
+79869556195
+79871688636
+79179659469
+79878152563
+79869556016
+79874520198
+79198169184
+79179658045
+79171278456
+79198174756
+79874574860
+79178263427
+79879713074
+79179763362
+79179665072
+79878192491
+79178280594
+79874502680
+79198115242
+79198176902
+79871672738
+79179739651
+79874519614
+79179678325
+79179771034
+79171269532
+79179618757
+79198154181
+79178288140
+79171290265
+79879693168
+79171297537
+79871679789
+79179776972
+79869584611
+79178247384
+79198174750
+79878184906
+79874514692
+79179693421
+79879729275
+79179650950
+79198189235
