+79873611272
+79173204999
+79869801114
+79873800468
+79873301126
+79170231742
+79878200715
+79173101612
+79198200712
+79869906292
+79873302015
+79173006649
+79878002922
+79198301777
+79873603798
+79172100426
+79878200526
+79179802192
+79179803628
+79873218954
+79878003628
+79198201601
+79878200753
+79170231739
+79873700979
+79873503805
+79878100828
+79170231775
+79878300590
+79873100470
+79869905466
+79873219014
+79878300580
+79170231737
+79878101909
+79179803546
+79873800921
+79173101258
+79172002537
+79873301926
+79878200959
+79878003123
+79873100494
+79198201051
+79873611243
+79873212916
+79198301989
+79198303565
+79198307281
+79873218976
+79170231770
+79173204921
+79878200643
+79173101587
+79873610723
+79198307304
+79878003138
+79172100460
+79873219023
+79179803644
+79873702072
+79170231762
+79878300432
+79173004402
+79869905418
+79873701009
+79869800543
+79873700738
+79873001198
+79173205074
+79878200862
+79873218966
+79873001179
+79878300586
+79198305234
+79170231765
+79878200652
+79869906151
+79172000179
+79172101613
+79873800922
+79198304095
+79869800483
+79179801725
+79873700981
+79869902033
+79173103229
+79173204888
+79198201634
+79873500379
+79873301960
+79873610205
+79179803565
+79873000795
+79878002978
+79198201213
+79873607947
+79869904232
+79878300602
+79172003610
+79869904021
+79873001294
+79869905400
+79873001192
+79873800384
+79878101886
+79873001418
+79873500846
+79878300576
+79873218886
+79873301252
+79173204827
+79170231749
+79873503769
+79873606242
+79173204856
+79179803588
+79873500918
+79170231760
+79878200647
+79869901946
+79873219018
+79179803598
+79173000791
+79869800681
+79173200619
+79873301495
+79873100506
+79172100896
+79873800891
+79198201663
+79173204897
+79878003678
+79179803551
+79878200984
+79878101579
+79873218949
+79873500695
+79170231738
+79869800431
+79198200886
+79878100967
+79869905379
+79173006551
+79172101677
+79172000324
+79873301560
+79173003961
+79198200890
+79198307263
+79170231768
+79173102317
+79873001421
+79198200741
+79878300524
+79173102237
+79873100493
+79873503800
+79172102297
+79198307276
+79873611250
+79173103147
+79873800911
+79873301679
+79873503817
+79878200696
+79878003485
+79873503772
+79873700949
+79873611256
+79873001378
+79173204971
+79869800270
+79173002117
+79170231743
+79873001091
+79873800509
+79878100711
+79873100504
+79172003550
+79878003622
+79878101708
+79173100845
+79873100499
+79878300582
+79878201113
+79878101842
+79869800893
+79873701108
+79173005903
+79173204933
+79873218906
+79878003365
+79170231732
+79172002780
+79878003271
+79873100462
+79873503796
+79873100480
+79873611270
+79873100508
+79173004704
+79869801113
+79172003499
+79869800531
+79873700653
+79172003576
+79173004275
+79172002730
+79172004106
+79873301034
+79172102306
+79172101375
+79873100492
+79873301275
+79878101238
+79170231764
+79172102276
+79869800799
+79873100495
+79873800731
+79179803537
+79873702027
+79873503810
+79173000866
+79170231753
+79173101593
+79873701211
+79173103258
+79873001423
+79873800678
+79878101402
+79878002990
+79172102298
+79198306482
+79878300351
+79869800023
+79873609157
+79873800765
+79170231757
+79878300584
+79170231734
+79198200701
+79198307277
