+79899800149
+79197400662
+79187601013
+79886010139
+79899800092
+79886260475
+79197500720
+79187900804
+79887300260
+79188601576
+79889580935
+79197500494
+79888506264
+79887661082
+79197501798
+79888400229
+79889580793
+79899907511
+79188001799
+79899907514
+79197300831
+79188700886
+79880900774
+79888601481
+79197300793
+79886260765
+79887631286
+79888600654
+79888601444
+79887601252
+79187701577
+79881101496
+79188609034
+79187900270
+79880900675
+79187415813
+79888601482
+79187415773
+79887400725
+79880850734
+79887001853
+79188700988
+79899907581
+79899700074
+79881002453
+79187700068
+79188002295
+79188801450
+79197400718
+79188801424
+79887501713
+79188800629
+79887601035
+79886012950
+79887601052
+79888505802
+79197400469
+79187609633
+79197400513
+79187800562
+79187702330
+79881101280
+79188610153
+79197300796
+79887630103
+79187908255
+79187607951
+79187802221
+79888686069
+79188610496
+79188609765
+79888400418
+79188700879
+79187802055
+79899907557
+79887631386
+79881002478
+79187800318
+79881001972
+79188801489
+79187909052
+79187500721
+79187500438
+79187802111
+79887660141
+79886010884
+79887001839
+79187600678
+79899907572
+79187500396
+79881002467
+79187702858
+79887662901
+79887631289
+79187800326
+79887001317
+79888400476
+79887662280
+79887300345
+79197400611
+79197500688
+79187800640
+79887662069
+79187900798
+79187700941
+79188610235
+79887300436
+79886011450
+79880850796
+79187601391
+79887400981
+79187800291
+79188801106
+79188608714
+79887601286
+79881100697
+79899907540
+79881100743
+79888505886
+79888400165
+79187609646
+79188700874
+79886012989
+79881002197
+79188602095
+79880900586
+79888505884
+79188700993
+79888685271
+79886260850
+79887400819
+79187909033
+79887300082
+79888400527
+79880900657
+79197400377
+79887000864
+79188601061
+79887662252
+79887661143
+79187702409
+79899800156
+79187802016
+79887632218
+79188801378
+79899800148
+79197300819
+79188600970
+79188000923
+79880850642
+79187908246
+79187908320
+79188610432
+79887601263
+79187415816
+79880900722
+79887300087
+79187908465
+79887601261
+79880900821
+79899700106
+79888685514
+79187801584
+79889580659
+79187800461
+79888601545
+79888601588
+79187607955
+79197501584
+79880850643
+79887601056
+79888685336
+79886260981
+79887000846
+79887601204
+79887300127
+79187600371
+79187501558
+79187702836
+79887501779
+79187908946
+79888506267
+79887400731
+79881101827
+79187609881
+79899700104
+79188601705
+79888601467
+79887632199
+79188608904
+79888601119
+79887001251
+79188001435
+79187900587
+79887401005
+79881101663
+79886012990
+79197501641
+79888400196
+79889580132
+79187415827
+79188600165
+79188601492
+79887300455
+79188801522
+79188001831
+79886012379
+79187600821
+79887601148
+79888400357
+79187415760
+79187802220
+79187607958
+79899700109
+79197502381
+79887400952
+79899907510
+79887501720
+79188601465
+79887501719
+79187802120
+79886260784
+79888505832
+79880900664
+79187601402
+79899800155
+79187601142
+79887661701
+79187600772
+79899907578
+79887400498
+79887632227
+79881002441
+79888685158
+79187501471
+79888686370
+79187501006
+79197300785
+79187701956
+79187801650
+79889580915
+79197502094
+79899700108
+79889580962
+79187900796
+79187900789
+79887001319
+79887001309
+79888505698
+79888505709
+79899800082
+79887300328
+79197501114
+79187415817
+79187900496
+79886012535
+79187800281
+79187800749
+79899800087
+79188002149
+79187802067
+79187702824
+79188701003
+79188609544
+79888506274
+79899700078
+79899700103
+79187908528
+79887632226
+79187600356
+79899700107
+79888400187
+79888400197
+79188601621
+79881002471
+79887662287
+79188700944
+79887001386
+79197400639
+79188700950
+79880850833
+79886260413
+79887501815
+79187801652
+79187900765
+79188700632
+79889580479
+79888685024
+79888686449
+79881001713
+79187415824
+79880900805
+79888600983
+79887300097
+79187415778
+79887632225
+79887501524
+79880850692
+79899800150
+79899700076
+79889581002
+79887601152
+79187900563
+79197502353
+79886260319
+79188001308
+79881101219
+79188801485
+79188700942
+79899700041
+79887501028
+79187500736
+79187800311
+79887501758
+79887400949
+79886260962
+79889580792
+79887401060
+79899800159
+79187908659
+79880850834
+79888601118
+79880850793
+79887632224
+79188001359
+79188801490
+79886260942
+79197400558
+79888686381
+79187900451
+79881101803
+79889580936
+79197400637
+79187415819
+79899907546
+79188600892
+79188002246
+79187609827
+79188609853
+79887300244
+79881001921
+79881002493
+79197300840
+79197300824
+79886010892
+79887001825
+79880900824
+79187500578
+79187500279
+79187609843
+79886260985
+79187415825
+79187609638
+79187609950
+79197400681
+79197300754
+79899907562
+79888506271
+79187500623
+79887401035
+79880900827
+79187601383
+79881101716
+79880850811
+79899800084
+79887501559
+79880850813
+79188001137
+79887662592
+79888400205
+79887501730
+79197300835
+79881101513
+79886010793
+79187702859
+79188801301
+79888686382
+79187908720
+79197300794
