+79158607890
+79156612507
+79807815094
+79106519883
+79107502749
+79806701035
+79158711783
+79807816182
+79158607918
+79108510360
+79156700718
+79158809241
+79156607857
+79158811154
+79158810940
+79806700632
+79806700865
+79107502388
+79158811126
+79158810719
+79107502157
+79156701134
+79106519860
+79807814896
+79158605870
+79108510444
+79806700540
+79107502142
+79158807029
+79158810964
+79158702723
+79158704721
+79158810932
+79158811043
+79807811098
+79807816181
+79158711687
+79106519873
+79806701084
+79156612518
+79106519869
+79106519881
+79156612525
+79108501377
+79108510182
+79156701279
+79158708935
+79156612559
+79107502390
+79108510443
+79106519857
+79107502736
+79106519862
+79107501705
+79156701169
+79158605947
+79156612558
+79806700988
+79158605648
+79158705796
+79156701506
+79156701542
+79806700936
+79806701094
+79156701541
+79106519875
+79158608804
+79158708355
+79108510327
+79107502387
+79156701544
+79156612568
+79158603728
+79807816062
+79108510295
+79156612550
+79108510434
+79806700673
+79156700495
+79158608467
+79156612537
+79158708713
+79156701481
+79807815933
+79158604063
+79107501208
+79806700821
+79807815285
+79158703930
+79806700897
+79106519859
+79107502127
+79158607638
+79158702263
+79158605127
+79807815663
+79108510424
+79158810862
+79106519872
+79807816399
+79156612566
+79108503025
+79156612529
