+79156800631
+79105801158
+79109410175
+79105500643
+79805896672
+79101502975
+79107004051
+79190808633
+79805895663
+79101502372
+79101502882
+79157802823
+79100770415
+79156801196
+79107001774
+79190702350
+79101502415
+79156800393
+79805895582
+79100770960
+79807201820
+79107005708
+79156800755
+79100769206
+79105501223
+79109409482
+79100771283
+79107008371
+79100770966
+79156901392
+79105801076
+79157802154
+79190701359
+79157801863
+79807201780
+79805896641
+79101503893
+79105801375
+79101603786
+79101603693
+79805895594
+79101603681
+79101603779
+79190811507
+79105801296
+79805894428
+79101602347
+79157800612
+79156902125
+79807201744
+79807201561
+79105801284
+79105501628
+79109409514
+79105501799
+79156902152
+79105501180
+79105500961
+79105501258
+79157802915
+79807201405
+79807201765
+79156800603
+79190701862
+79190811678
+79105501852
+79101503278
+79107007940
+79109409512
+79107008661
+79190707761
+79157802182
+79805894552
+79156801466
+79156901463
+79157803296
+79156901820
+79190811189
+79109406286
+79100769964
+79105501127
+79157803726
+79156900723
+79109407133
+79156900685
+79157803789
+79190704793
+79156902252
+79190703276
+79105801110
+79105801335
+79156801093
+79105500278
+79107004963
+79190811187
+79109406594
+79109410016
+79156900848
+79101603778
+79100770715
+79101505277
+79105501440
+79107002258
+79101603784
+79807201264
+79105801387
+79107006152
+79805895543
+79807201355
+79807201806
+79156800687
+79805895587
+79190707759
+79105801505
+79190812186
+79100769074
+79101602324
+79190704254
+79190812153
+79190701856
+79190701784
+79101602136
+79109410146
+79190811320
+79190707356
+79190811469
+79101502905
+79101505367
+79156902272
+79100771450
+79100770794
+79156901293
+79807201751
+79105801363
+79805895661
+79101504421
+79109406772
+79156800611
+79190811273
+79157803371
+79107003849
+79101603562
+79156801977
