+79157101337
+79190503447
+79157301117
+79106461806
+79105317511
+79105317505
+79806404103
+79190602563
+79108405802
+79190601129
+79157200857
+79157001162
+79108404117
+79806404108
+79157001284
+79190600437
+79806218527
+79105317506
+79109301127
+79806305596
+79157202024
+79157301045
+79157001268
+79106461480
+79806305612
+79157301110
+79806217903
+79190503425
+79108301437
+79157301113
+79108301314
+79106461972
+79190602507
+79157001302
+79109301452
+79806301121
+79105317510
+79106403623
+79806218569
+79157403851
+79108405495
+79190602036
+79157001417
+79157001390
+79806301322
+79108301427
+79190503464
+79108403082
+79157403669
+79109301457
+79106461935
+79157403823
+79190600751
+79157101309
+79806305685
+79190503451
+79190503430
+79157301038
+79806305700
+79157001291
+79108301474
+79157001426
+79108300843
+79157202241
+79157301076
+79806305594
+79105317427
+79106401806
+79806404105
+79105317499
+79806404102
+79157001409
+79108301386
+79106409965
+79806404107
+79108300921
+79157402285
+79106461237
+79109301446
+79108401971
+79806404099
+79190503390
+79106401546
+79157202010
+79105317502
+79190601079
+79157301114
+79190503483
+79190503493
+79108401785
+79190601036
+79190602418
+79806305680
+79157400695
+79157202059
+79106461897
+79157101378
+79157403589
+79806218631
+79157101373
+79108401423
+79106402071
+79157403803
+79806404109
+79157100974
+79109301070
+79157101345
+79108404476
+79157201285
+79106461791
+79806305691
+79157201472
+79157001267
+79109301048
+79190503481
+79190503475
+79108301287
+79106461422
+79806218444
+79157403799
+79190602820
+79157301106
+79806404098
+79109301294
+79106408338
+79157202552
+79806218517
+79806404106
+79157201632
+79109301062
+79157301037
+79157403801
+79157201134
+79806218457
+79806218423
+79108301445
+79108301369
+79806218593
+79157301115
+79806305651
+79105317501
+79108402005
+79106461552
+79105317507
+79108400987
+79109301319
+79105317503
+79157101338
+79806404104
+79157403747
+79157101348
+79106461353
+79109301147
+79157100854
+79157101343
+79109301102
+79806218460
