+79128701445
+79828208586
+79828301854
+79127502714
+79829914510
+79120211498
+79821153009
+79199102318
+79199102193
+79829916873
+79120534377
+79199000221
+79128509273
+79828208569
+79124401630
+79827907947
+79124401598
+79124402509
+79821153109
+79828301832
+79828302466
+79120534429
+79199102527
+79827907011
+79828301581
+79827911049
+79120103423
+79127608002
+79828150369
+79827910823
+79827910993
+79120534413
+79127611989
+79127503278
+79821201567
+79199102465
+79821153044
+79124514749
+79829913417
+79828151140
+79128701678
+79124401295
+79124605547
+79124514742
+79827911018
+79127502722
+79199000319
+79827907295
+79127607820
+79124602027
+79120072870
+79127612101
+79127502879
+79124514740
+79124602356
+79128509342
+79821201756
+79124401353
+79128701386
+79128509413
+79829916898
+79120072863
+79120072861
+79128509378
+79199102385
+79127611986
+79128509389
+79829913439
+79199000328
+79120072847
+79821201561
+79124605287
+79199000322
+79128509396
+79827909791
+79828150927
+79127401447
+79828208554
+79199102510
+79124513835
+79829913097
+79124512541
+79124514754
+79828208534
+79120211872
+79124402274
+79821201529
+79127401260
+79821153103
+79120103473
+79128701449
+79128701555
+79120103456
+79120072853
+79829910974
+79821153090
+79828150355
+79199102441
+79828150703
+79127612016
+79821201672
+79828301973
+79821201736
+79124402421
+79199000326
+79128509444
+79828150680
+79127401263
+79821201689
+79124514759
+79120103465
+79120072846
+79120072869
+79199102322
+79828208584
+79127401238
+79124603206
+79127401573
+79120209794
+79127610312
+79127502741
+79124602153
+79124401657
+79127401331
+79199000317
+79120211784
+79127502768
+79120534416
+79120103394
+79828208589
+79120534366
+79128509343
+79128701740
+79127612090
+79828208581
+79120072865
+79128701597
+79127609238
+79828150882
+79120103420
+79199000316
+79124401292
+79128701682
+79127401696
+79120072871
+79829913458
+79124603004
+79827909399
+79120072868
+79124514741
+79821153314
+79128700891
+79828302682
+79120103378
+79120534412
+79127612076
+79120210689
+79120212056
+79120103416
+79828150603
+79828208546
+79199102546
+79127401638
+79821153354
+79128509392
+79120103409
+79124602573
+79120534370
+79828302348
+79120211940
+79828301985
+79821153290
+79120534410
+79828150691
+79199102137
+79828301709
+79199000315
+79828208577
+79120534402
+79127503391
+79120211470
+79821153021
+79124514751
+79120534374
+79127502771
+79128509333
+79127401448
+79821201526
+79828150746
+79127502767
+79120210468
+79828208594
+79120103449
+79127502694
+79821153167
+79124605209
+79829914840
+79199000327
+79128701796
+79827911053
+79821201692
+79199000311
+79127401459
+79829915329
+79124510779
+79120211038
+79821201578
+79828302276
+79124605130
+79124401643
