+79876302852
+79170508952
+79170508910
+79876302155
+79170600951
+79176301878
+79170508876
+79876302872
+79176003849
+79867350980
+79170508964
+79170508950
+79176201772
+79176301549
+79170600281
+79170602744
+79876850347
+79176003693
+79176003809
+79876302854
+79170602738
+79176003770
+79176003684
+79176301834
+79876850339
+79176101307
+79176003782
+79176201624
+79176101323
+79176301688
+79876302913
+79170600581
+79876850317
+79867350979
+79176101271
+79170602747
+79176201691
+79176101293
+79176003701
+79176201729
+79170602746
+79176101316
+79176201582
+79867350988
+79176101273
+79170602734
+79170508909
+79170508960
+79176301927
+79176301955
+79876850345
+79170508973
+79176003876
+79176003831
+79176101319
+79176101328
+79876302853
+79876302932
+79867350987
+79176201867
+79176201606
+79170600905
+79170601150
+79176301951
+79170602748
+79876850273
+79876850313
+79176301581
+79176301752
+79876850336
+79867350985
+79170508979
+79876850311
+79176201706
+79876303127
+79176201942
+79176301968
+79876302915
+79867350984
+79176201944
+79867350989
+79170508946
+79876850316
+79170508980
+79867350970
+79876302754
+79867350712
+79176101213
+79876850320
+79176002181
+79176101363
+79867350991
+79876302884
+79876302921
