+79825811633
+79125103127
+79828803192
+79825912569
+79825000258
+79821803627
+79821803478
+79120934633
+79825402644
+79821351856
+79120892312
+79125302903
+79128110722
+79129306879
+79125302979
+79822202703
+79125103185
+79129001971
+79120869106
+79825811731
+79195301950
+79825603709
+79824102369
+79120892347
+79825506310
+79825001295
+79129002735
+79825101657
+79129306864
+79825506314
+79825000716
+79821902568
+79825303187
+79822201622
+79822102272
+79825912669
+79828803165
+79825506332
+79825303011
+79822102270
+79120892301
+79825303084
+79821504338
+79821803490
+79825402493
+79825773499
+79825602403
+79828803265
+79120869110
+79825000388
+79822001371
+79822203910
+79822101341
+79129306865
+79825401672
+79825303379
+79828701182
+79120892689
+79825773528
+79825912616
+79821352351
+79828701417
+79825401147
+79825602409
+79825911608
+79120931584
+79825102551
+79828803136
+79120869045
+79822001364
+79120869053
+79825506324
+79124103275
+79825602996
+79822201518
+79129306874
+79822102187
+79821404165
+79125102706
+79129306882
+79195300359
+79824101201
+79825774105
+79822001381
+79825000736
+79825402630
+79822102232
+79824102008
+79195302074
+79120865107
+79120931578
+79825000257
+79821504339
+79825912542
+79821504342
+79120931580
+79825774269
+79129306873
+79129003728
+79120931581
+79825506322
+79821902813
+79195302088
+79822001362
+79120869109
+79821352161
+79821351859
+79825811763
+79825912702
+79825000561
+79821803610
+79825206224
+79120892664
+79129002876
+79125102484
+79825912666
+79195302087
+79821351878
+79825303351
+79825912679
+79128110715
+79825912771
+79129306878
+79825000689
+79821803572
+79822102241
+79822102352
+79822001374
+79821803642
+79825301129
+79828701022
+79128110724
+79825811684
+79128110713
+79825205114
+79828803164
+79125102617
+79825601872
+79825773559
+79825205276
+79125302970
+79825811570
+79825506321
+79821504327
+79821902897
+79825206184
+79824102586
+79825704158
+79825602527
+79195302061
+79825303139
+79125102995
+79195300735
+79120869113
+79821504336
+79821403946
+79828701572
+79825506313
+79825603743
+79825773523
+79825205631
+79821404195
+79825205698
+79128110723
+79120931562
+79125303918
+79821351871
+79125101043
+79821803548
+79124103161
+79825811672
+79825102050
+79125302968
+79825205742
+79195302081
+79120892316
+79822202405
+79822001379
+79120892265
+79821504308
+79825402715
+79825402562
+79825506334
+79821403927
+79825506320
+79828803172
+79822201977
+79821803634
+79821403944
+79825001018
+79129003693
+79821902795
+79821404253
+79120869107
+79129003228
+79195300681
+79825204309
+79129001831
+79821352089
+79825204194
+79825811602
+79824101762
+79821902982
+79124103745
+79824101359
+79125302991
+79822201991
+79129306881
+79825773529
+79821902986
+79822102254
+79825700215
+79825773593
+79124103720
+79125103045
+79825402746
+79128110709
+79828803194
+79821803594
+79821803559
+79125103206
+79828803169
+79822001363
+79825303122
+79821351894
+79129001723
+79120931586
+79825701458
+79124103568
+79825603670
+79825704149
+79825303239
+79825102049
+79124103496
+79124103534
+79825204456
+79821902499
+79120869052
+79821504325
+79825102069
+79825102530
+79825772963
+79124103667
+79821803571
+79120931579
+79824101372
+79120869055
+79129002417
+79822001376
+79821504331
+79822102344
+79824102096
+79828701571
+79825911781
+79825811612
+79822201993
+79129306886
+79828701290
+79828701025
+79825700130
+79825303257
+79825704137
+79822202835
+79821352225
+79825811589
+79825602003
+79824102068
+79825704155
+79124103756
+79828701500
+79822102297
+79195302069
+79825000538
+79128110718
+79825102673
+79825506338
+79129306884
+79124103731
+79821902790
+79120931574
+79821902644
+79828803170
+79128110727
+79128110726
+79821352041
+79821504344
+79822203863
+79821400025
+79125303190
+79825773578
+79821404549
+79825811591
+79825603801
+79828701560
+79828701568
+79125302960
+79120892286
+79120892261
+79129004233
+79128110714
+79125303184
+79825401804
+79125100473
+79822001358
+79825402743
+79125303292
+79825102765
+79825704156
+79120934631
+79120869108
+79821902110
+79822001375
+79821404208
+79825704152
+79825102741
+79821403934
+79828803160
+79825702833
+79825773539
+79824102543
+79821504337
+79120892268
+79825102413
