79091681073
79030149589
79099979285
79091500341
79091696273
79031513909
79031587633
79091674289
79031588945
79091587985
79091662385
79030142293
79099953813
79091523729
79031591249
79031593617
79031599633
79653594129
79031503057
79091697457
79091689617
79030141845
79091694353
79099877009
79091698673
79091507797
79091680497
79091683761
79031585617
79653595345
79091692081
79091681361
79091688753
79031615953
79031581457
79091693905
79031181205
79031499125
79031589105
79031608913
79031597233
79091698257
79031588721
79031599441
79030152853
79091575281
79030188149
79031592849
79031584369
79091575418
79031603642
79031478266
79653591674
79091542138
79653595130
79031479034
79031484762
79653591322
79653596058
79031473530
79031465466
79091600954
79653596314
79031584378
79091602746
79091599610
79091603226
79031488314
79091584986
79031487738
79653596378
79091597594
79091597146
79031619322
79091598106
79091592794
79091601178
79653596538
79091580794
79091593850
79091541886
79091598618
79091564378
79031491290
79091597914
79091602362
79091594362
79653596474
79091594394
79031490618
79031149306
79091670426
79091579834
79091597658
79091592154
79091604762
79091604858
79091603514
79653596954
79031511397
79031514917
79031470981
79031463845
79031497125
79031512197
79091517669
79031510629
79067699237
79031496293
79031495173
79031512997
79031512741
79031498597
79031499461
79031498725
79031491685
79031495237
79031497381
79091511589
79091546309
79031514277
79031501765
79031287685
79031508773
79031511653
79031498405
79031497509
79031509765
79031453957
79060723614
79031514437
79031512965
79031514789
79091640869
79031513349
79031468421
79031514725
79031509957
79031377285
79031515621
79031492197
79031511845
79031407109
79031515269
79031515493
79031512485
79031510725
79031515429
79031510821
79687781729
79067118261
79067686581
79067036597
79067101365
79067691925
79067078645
79067688597
79067696149
79067694325
79067083189
79067687285
79067693781
79091528613
79091520453
79091530885
79091520485
79091533189
79091527237
79091521253
79091524037
79091532709
79091528805
79091533829
79091525029
79091525061
79091531685
79091534021
79091532805
79091533861
79091523269
79091532261
79091533765
79091528869
79091531077
79091524069
79091532901
79091529637
79060120233
79091528197
79091523845
79091532453
79091527845
79091521893
79091526405
79091528645
79091524357
79091529733
79091527045
79091531429
79091532549
79091532997
79091529861
79091522437
79091533957
79091533573
79091528837
79091528997
79091531781
79091534693
79091525925
79091533701
79091534085
79031466581
79031464853
79031466773
79031464629
79031464309
79031464597
79031464917
79031464725
79031464821
79031464533
79031466709
79031464693
79680371246
79037072165
79037072261
79036608645
79091533541
79031276190
79031445118
79031289278
79031626174
79031195742
79031440958
79031438462
79031654437
79031439870
79031437598
79031421598
79031225374
79031439102
79031376286
79031436190
79031259486
79031193246
79031443710
79031445342
79031418654
79031380766
79060247806
79031443678
79031439486
79031217342
79031429438
79031392094
79091571902
79031438846
79031445790
79031409758
79031438974
79031445950
79031443742
79031437534
79031443582
79031446430
79031445438
79031293246
79031394750
79031275934
79031267582
79031418910
79031378302
79031380734
79031425598
79031438750
79031445374
79031386942
79067698325
79030154709
79031515973
79091561772
79091561932
79091561804
79091561228
79091561036
79091561868
79091561548
79091561132
79091561836
79091561740
79091561292
79091561196
79091561900
79030191445
79030168405
79030158837
79031025109
79030189237
79030190965
79030187029
79030191125
79031019253
79030191573
79030181461
79030190453
79030169461
79031015477
79030181045
79031028341
79030173557
79099905146
79030164629
79030195637
79030182293
79031028853
79030187669
79030176725
79031029301
79030195573
79030198741
79030168469
79030173269
79030173493
79031026197
79031005397
79030197685
79030196853
79030189621
79030194133
79031026421
79099495487
79031446078
79031785900
79091609178
79091609658
79091606874
79091607418
79091609786
79091608922
79091606778
79091609210
79091609626
79091605338
79091608250
79091606746
79091605274
79091605658
79091605978
79091608570
79091606842
79091604954
79091607834
79091609850
79091606906
79091605690
79091609722
79091610138
79091606426
79031471354
79031662718
79099205269
79099205749
79099204821
79099206837
79099182357
79099212789
79099207829
79099130261
79099206357
79099205781
79099206517
79099204725
79099201845
79099203925
79099270197
79099267189
79099273461
79099274229
79099267605
79099271925
79099268501
79099274485
79099271861
79099272597
79099271573
79099271349
79099274453
79099270613
79067308705
79688086547
79688220531
79688117267
79688220563
79688221491
79688220723
79688087539
79688114579
79688221651
79688116851
79688221843
79688220467
79688220915
79688220851
79661622649
79031102815
79661622049
79629822559
79661622783
79091646682
79091649242
79091644986
79091647866
79091648122
79091644762
79091643866
79091646810
79091646874
79091648218
79091649402
79091649466
79091649434
79091644826
79091650266
79091646298
79091646746
79091648698
79091649114
79091650586
79091648730
79091644346
79091645754
79091650234
79091646330
79091647258
79091647994
79091646842
79091645914
79091646106
79091649146
79091648794
79091643802
79096989438
79091649754
79091650362
79091644570
79091649338
79091650490
79091642842
79091647098
79091646074
79091646170
79091648250
79091646362
79091646778
79091643930
79091642906
79091649946
79091647418
79096973589
79096972341
79096971861
79096973845
79096968725
79096974037
79096975893
79096975093
79096963957
79096975861
79096961397
79096975829
79096970741
79096970581
79680450468
79680427460
79680462468
79680450372
79680461380
79680429956
79680430532
79680437732
79680439556
79661622852
79680431460
79680437764
79680450564
79680439396
79680429028
79680430052
79680423780
79680423460
79680423364
79680450532
79680462948
79680436964
79680439492
79680437860
79680457348
79680439748
79680438020
79680439652
79680431620
79680423844
79680439684
79680431684
79680462084
79680429060
79680429924
79680454276
79680427780
79680439428
79661622564
79661622884
79680427588
79680450852
79680431396
79680430756
79680439588
79680450436
79680437988
79680436932
79661622052
79067704821
79091553269
79091553973
79091552149
79091551957
79091553493
79091548341
79091551637
79091548917
79091551765
79091552181
79091549013
79091550293
79091550325
79091553397
79091551029
79091551541
79091551253
79091548597
79091553621
79091553909
79091550613
79091548821
79091549365
79091549269
79091551797
79091553045
79091548117
79091552597
79091553941
79091549237
79091549685
79091551061
79091551093
79091550933
79091548021
79091551573
79091550133
79091549877
79091547989
79091553781
79091551669
79091554037
79091548053
79091552853
79091548309
79091551861
79091552917
79091551349
79091550869
79032953973
79067783468
79688904959
79031735294
79096993203
79096986803
79096987731
79096988307
79096985651
79096989875
79096986035
79096988179
79096986739
79096988403
79096989107
79096987379
79096988627
79096988915
79096992883
79096987347
79096985843
79096988339
79096988211
79096986515
79096989203
79096992371
79096985203
79096987955
79096991571
79096989427
79096987155
79096989171
79096986675
79096993523
79096988243
79096988019
79096987443
79096986259
79096986707
79096992275
79096992819
79680423914
79096986291
79096989523
79096985363
79096991187
79096986483
79096991251
79096993427
79096991443
79096989651
79096990643
79096988531
79096992563
79031606344
79036609541
79036607461
79060173945
79031789032
79031789512
79031789480
79031789352
79031789416
79031788552
79031788392
79031788232
79031789320
79031788648
79031788904
79031789160
79031788168
79031788296
79091699706
79099907162
79099908634
79096874238
79096443678
79096577342
79096417694
79096894654
79096925694
79096415902
79096571486
79096483294
79096915934
79096415966
79096406174
79096437854
79096899134
79096897598
79096913982
79096584318
79096434526
79096416734
79096927934
79096935230
79096572286
79096440958
79096895614
79096429438
79096419678
79096441246
79096890782
79096585278
79096855326
79096421726
79096572574
79096930462
79096431742
79096432894
79096904638
79096405726
79096927198
79096409374
79096420382
79096419870
79096584190
79096575902
79096479742
79096410398
79096895806
79096580478
79096927038
79096574238
79067098412
79032043585
79031127934
79060110493
79060107293
79060110397
79060112349
79060105789
79060114973
79060112061
79060103709
79060107613
79060112413
79060113149
79060107325
79060102461
79060114877
79060102365
79060103997
79060113469
79060104669
79060109437
79060105149
79060114941
79060104029
79060109405
79060105085
79060115037
79060109277
79060105437
79060106173
79060105821
79060104125
79060102429
79060104605
79060112093
79099548493
79060102589
79060105373
79060112381
79060110973
79060107421
79060110845
79060113437
79060107837
79060103933
79060112477
79060112157
79060112541
79060105917
79060102397
79060113597
79060109469
79031516293
79031347791
79031344975
79031344207
79031346319
79031346543
79031344591
79031347279
79031347695
79031345807
79031344751
79031346863
79031343887
79031347343
79031346063
79031345039
79031347439
79031346831
79031346447
79031345135
79031345071
79031346095
79031347599
79031346127
79031345199
79031346703
79031345711
79031345295
79031395056
79031343951
79031344271
79031343919
79031345167
79031345231
79031344015
79031346191
79031343439
79031344623
79031345423
79031346895
79031344527
79031347247
79031347375
79031344239
79031345327
79031345935
79031344079
79031344399
79031347759
79031345871
79031347503
79684240072
79031598797
79031598637
79031598893
79031598733
79031598573
79031599501
79031599309
79031599085
79031598861
79031598957
79031599373
79031598701
79031598669
79031599149
79684430024
79687008936
79687006984
79686935016
79687030984
79687034152
79687012936
79687017992
79687018632
79687016520
79687017864
79687008648
79687027528
79687016872
79687038792
79687008456
79687006824
79687023368
79687040584
79687033448
79686930216
79687016904
79684410056
79686930152
79687054568
79687009224
79687009352
79687027496
79687015304
79687035016
79687029960
79686937192
79687008264
79684430056
79687013384
79687058664
79687038024
79687018440
79687003976
79687028520
79031359567
79687023624
79687062664
79687017032
79686928136
79686932168
79687009864
79687006184
79687005736
79099771369
79099769321
79099769385
79099746921
79099772553
79099767881
79099768169
79099765801
79099763209
79099761353
79099768297
79099769065
79099764969
79099765865
79099764905
79099767913
79099768361
79099772617
79099748265
79099772041
79099769001
79099768265
79099764617
79099770249
79099747689
79099765417
79099771785
79099770569
79099771593
79099761737
79099772393
79099767433
79099769865
79099768649
79099768073
79099763497
79099762857
79099748841
79099747817
79099745673
79099766313
79099763977
79099745609
79099765929
79099749161
79099744841
79099767529
79099769097
79099766825
79686900621
79684085771
79684083723
79684093963
79684088651
79684091755
79684084363
79684136459
79684069067
79684064875
79684135211
79684134699
79684083627
79684083147
79684134219
79036608289
79031953406
79031588001
79031893790
79099728766
79099431297
79055148798
79055189278
79055193726
79036607326
79055142942
79055173598
79055130174
79060215902
79055186846
79037489214
79055186142
79055189854
79036602942
79036607518
79055183102
79037079614
79036607358
79037486654
79037489374
79037893726
79037487614
79037847038
79037709246
79036609374
79037853214
79036609182
79037488926
79055169854
79036607582
79055195326
79055134238
79055127134
79055516382
79036608574
79037474398
79037486206
79684430047
79036607486
79060216798
79037846814
79037834206
79037486910
79055182174
79037485278
79037078462
79037846910
79055148638
79037861246
79037817342
79055177598
79661622483
79661622931
79661622675
79091590613
79091589621
79091589269
79091592149
79091591317
79091591573
79091589141
79091588981
79091591541
79091589973
79091592181
79091591381
79091589205
79091589301
79091589461
79091590581
79099224725
79099233269
79099218613
79099216597
79099214133
79099230741
79099232981
79099230581
79099223541
79099238709
79099214837
79099231573
79099216437
79099215125
79099236213
79099214805
79099219541
79099218709
79099218037
79099218261
79099219445
79099228629
79099217813
79099226421
79099233749
79099234901
79099219765
79099216149
79099235189
79099214965
79099215413
79099212917
79099229173
79099218325
79099236853
79031765823
79031603125
79057077384
79091561790
79091559582
79091563358
79091557118
79091559646
79091561342
79091563294
79091563614
79091563934
79091562654
79091559518
79091560926
79091562590
79091558046
79091559614
79091559262
79091561214
79091559678
79091560190
79091562846
79091557342
79091561598
79091558782
79091559390
79091561278
79091562622
79091558462
79091560894
79091561438
79091557310
79060249057
79091561534
79091558238
79091562174
79091560958
79091558910
79091563678
79091557470
79091562910
79091559806
79091563326
79091561758
79091557438
79091558302
79091562462
79091564094
79091558174
79091560254
79091560382
79091562942
79686043192
79039751532
79055135436
79055085964
79055096396
79055074956
79055089228
79055068716
79055136236
79039755372
79055077964
79055129964
79055145420
79055144108
79055069356
79055098956
79055016492
79055016716
79055126796
79055124492
79055117196
79055103468
79055146156
79055139052
79055110956
79055129932
79055071532
79055099756
79055133964
79055093164
79055139980
79055113324
79055085612
79055124684
79055145036
79055123372
79055075884
79055142636
79055097164
79055146316
79055125804
79055142796
79055122956
79055126572
79055141740
79055097804
79055077164
79055103596
79031445415
79039790732
79055138956
79031648447
79099278739
79099275443
79099282099
79099275923
79099282579
79099283571
79099281843
79099278163
79099283603
79099278451
79099276339
79099275635
79099276051
79099278195
79099278419
79099281235
79099275347
79099283667
79099277651
79099282035
79099278547
79099280499
79099280179
79099275571
79099283379
79099281715
79099283411
79099276275
79099282931
79099281683
79099276435
79099278835
79099278675
79099278483
79099270131
79099280851
79099282675
79099278259
79099279603
79099280243
79099277395
79099278963
79099281363
79091686380
79099277459
79099283347
79099283251
79099276307
79099278643
79099278099
79687642683
79687589083
79687568763
79687565019
79687629147
79687628699
79687583419
79687569211
79687671835
79099611263
79687624251
79687565467
79687659259
79687638075
79687568251
79687589627
79687623259
79687581723
79687653691
79687643707
79687635163
79687566811
79687566459
79687622875
79687592379
79687648603
79687567547
79687564795
79687568859
79687626971
79687632507
79687588635
79687594203
79687632539
79687596411
79687588667
79687582779
79687638779
79687671451
79687642971
79687592539
79687643867
79687613595
79687628827
79687629307
79687582363
79687673851
79687677499
79687580923
79687567195
79096878796
79032014883
79091646337
79686911724
79091629733
79091629413
79091629253
79091631109
79091630853
79091631269
79091630341
79091631045
79091630245
79091629445
79091629925
79091629477
79091629573
79091630885
79091630629
79091629157
79091629189
79091629509
79099493061
79099491781
79099462437
79099465413
79099467813
79099481925
79099488293
79099461381
79099481285
79099462085
79099491621
79099463461
79099483109
79099459781
79099485733
79099492165
79099487685
79099470693
79036602677
79091500469
79036600981
79067706453
79688221875
79091659187
79091659795
79091659475
79091659411
79091660339
79091659667
79091659283
79091659891
79091659379
79091659539
79091659443
79091660915
79091660147
79091660787
79091659091
79091660819
79091659923
79091660371
79060102431
79060102689
79031468757
79031468053
79031468277
79031467573
79031469813
79031468789
79031467637
79031467221
79031467317
79031470485
79031470357
79031469973
79031469045
79031469877
79031466965
79031467861
79031469205
79031467253
79031469845
79031467605
79031467829
79031467029
79031469365
79031467189
79031470549
79031468309
79031467125
79031470389
79031469781
79031469141
79031467061
79031467509
79031469109
79031470837
79031468853
79031469237
79031469685
79099908286
79091674565
79091675941
79091672517
79091672997
79091673989
79091673925
79091675301
79091672901
79091672709
79091673413
79091673957
79091675461
79091673285
79091673477
79091673509
79091674469
79091674789
79091675429