
79298431985
79298487145
79298325260
79283329804
79388687462
79298374825
79384153317
79384337471
79385123471
79288835176
79385010114
79282559367
79282836106
79994140411
79385157553
79385155753
79385153554
79385154558
79385156557
79385055850
79385055954
79385055957
79384267611
79298346690
79298327526
79384329185
79286617539
79384268279
79284197451
79994265507
79284033261
79385077669
79385361807
79994168656
79288439620
79282731031
79284078710
79384160193
79298427739
79385123628
79384798395
79298292768
79298342127
79384257814
79384327455
79385494264
79384107231
79384142599
79385163495
79298496421
79384270716
79384227076
79385188551
79994288553
79298506295
79298518671
79385477186
79994163608
79384358273
79298525465
79384062187
79385288967
79384096173
79385122702
79384165734
79384226402
79384226802
79385122302
79384226102
79385022702
79384223902
79384226302
79384227202
79385465376
79385352967
79994293024
79384229923
79384761906
79298521906
79385301906
79298460959
79994257966
79384122502
79384096237
79385161629
79284176122
79298489416
79384017621
79994288551
79384088557
79385088554
79385088552
79384288552
79385088556
79385469062
79384310118
79384858257
79384758073
79384125459
79384215345
79385342318
79384788207
79384259243
79385239565
79282682698
79384795264
79994167912
79994270634
79388685475
79384218053
79385306219
79384352707
79385240830
79384163971
79385095475
79385185475
79298435475
79385066423
79994129264
79384162985
79385168905
79384155026
79384822985
79384172985
79385012985
79384862985
79384842985
79385142985
79384256520
79385194795
79284057031
79384121536
79385147140
79385033825
79384122985
79384132985
79384823093
79384872395
79994273611
79385267497
79384827044
79298503891
79385463851
79385276790
79298428373
79384307083
79388679615
79384857087
79385178348
79385407803
79384776547
79385205861
79298456534
79994168698
79385560974
79384263891
79385100697
79384273891
79384143506
79385242490
79385242495
79384856453
79385299086
79994291252
79385341192
79385161654
79385024978
79384269472
79384347668
79384827241
79384340187
79385138629
79385045584
79384174695
79388653483
79384800795
79384300211
79385001711
79385130362
79384742863
79298257749
79385046872
79298257876
79385561032
79384163408
79384764235
79388672822
79384210024
79384100278
79384100286
79384100283
79384100269
79384100279
79384011855
79383155134
79384155113
79384115513
79383155168
79383155114
79383155119
79384115518
79383155104
79383155149
79385214759
79383155173
79384155112
79384115516
79384873524
79384870343
79384283240
79384094309
79385573268
79385095709
79385092809
79384098309
79385309609
79385109209
79385097409
79384094609
79384100234
79384100242
79384100250
79298510026
79384136428
79298526649
79384819067
79385289441
79385389095
79282588905
79994268412
79384264169
79384263483
79384110954
79384129866
79385193325
79384167665
79385225490
79384858231
79384146823
79385306357
79384735822
