79140043415
79842705793
79148901928
79149003354
79140101569
79148800235
79140101571
79140101576
79140043466
79836904519
79149003356
79834101347
79148804806
79140101566
79832400934
79149507236
79149003362
79834101706
79149106515
79149507196
79834402558
79140101572
79149507293
79148805217
79149106356
79148901539
79149402634
79842703793
79834101801
79834101178
79148702047
79148805184
79140043372
79834602589
79149402758
79149003372
79149003361
79140043357
79149402729
79836904526
79149106358
79148902098
79148805235
79834003373
79149204380
79834402594
79834101502
79832400853
79834402522
79149204382
79140043364
79140101592
79842702843
79834003296
79842703294
79148902483
79149003471
79834003359
79140101596
79148702140
79834602585
79842705347
79834101342
79149402645
79836904237
79834003297
79834602603
79149304306
79140043363
79149106446
79149003371
79834003371
79832400742
79148902738
79834402596
79140101591
79834602608
79836904214
79836904257
79149003352
79832400956
79834003368
79149204370
79149003367
79148805259
79834402497
79149106419
79149507284
79148903028
79148702106
79148702082
79149106401
79834402603
79148805144
79842701413
79149304093
79834402599
79149402658
79140043348
79140101587
79149507318
79832400916
79148901963
79149003381
79148702155
79149507335
79836904238
79836904453
79834101846
79836904277
79832400563
79834602537
79148805203
79834602565
79149402671
79836904560
79149204407
79834602573
79149302650
79834003372
79149303255
79149204435
79149204362
79149304424
79832400548
79148804276
79149106429
79842704921
79149507277
79148902763
79149402724
79140043445
79149303658
79148702168
79149507222
79834101526
79148903062
79834602483
79149402598
79140043240
79834402604
79842703357
79834002648
79148805176
79149507299
79149106342
79148702375
79149304414
79832400854
79140043349
79834602554
79149106500
79140043319
79834003269
79832400773
79149204414
79834101658
79148804474
79149303349
79836904304
79148701723
79149106475
79149204430
79148702226
79842704156
79149402547
79834602550
79148702095
79149204416
79148901827
79149303354
79149402650
79834402517
79149003376
79834402508
79832400867
79834402457
79842702534
79834100989
79140101430
79149507171
79149204408
