79114818178
79118515045
79118604347
79114817816
79814608650
79118605436
79114505409
79114713659
79114505475
79118611969
79814522686
79114817257
79110747085
79114505374
79114607331
79814710989
79110747100
79118609574
79110745666
79814607772
79114505470
79110746945
79814520375
79118502115
79118613095
79114504788
79814710986
79118612112
79114606005
79114611104
79114816275
79110746302
79114604389
79814611433
79814607653
79814608689
79114708740
79114711422
79110747088
79114815891
79118612671
79114817274
79814710652
79814710973
79114710686
79114505286
79114913813
79114711260
79814506584
79118515119
79114613077
79114710642
79110747073
79118609585
79118514296
79110747081
79110746879
79110746147
79814507168
79114713708
79110746856
79814710674
79814506727
79110746721
79814522354
79110747079
79110747072
79814611261
79114505267
79118604893
79814605402
79114914570
79118515108
79118511803
79814520901
79118613051
79114817637
79114913531
79118515114
79814710718
79118512557
79114505473
79110746942
79110746952
79110747082
79814610491
79114705366
79114611456
79114818079
79110746959
79114505489
79814710655
79114913898
79118612602
79114612472
79114915647
79114912627
79114702722
79118611933
79814611126
79110747098
79114602952
79114913423
79114610727
79814711346
79814710932
79114913532
79110746968
79114817482
79814521549
79118514602
79114504879
79814710659
79114817740
79114914586
