+79188308580
+79188309067
+79188309205
+79188309541
+79188309548
+79188309619
+79188310163
+79188311743
+79188312181
+79188312481
+79188308580
+79188309067
+79188309205
+79188309541
+79188309548
+79188309619
+79188310163
+79188311743
+79188312181
+79188312481
+79188301380
+79188301396
+79188301401
+79188303611
+79188303988
+79188304113
+79188304319
+79188305441
+79188305460
+79188305692
+79188300189
+79188300351
+79897496017
+79897496018
+79897496019
+79897496021
+79897496022
+79897496023
+79897496025
+79897496027
+79187099461
+79187099837
+79188301380
+79188301396
+79188301401
+79188303611
+79188303988
+79188304113
+79188304319
+79188305441
+79194202502
+79194202683
+79194202872
+79194203115
+79194203176
+79194203513
+79194203643
+79194203650
+79194204782
+79194204786
+79194202502
+79194202683
+79194202872
+79194203115
+79194203176
+79194203513
+79194203643
+79194203650
+79194204782
+79194204786
+79890350282
+79890350791
+79890351086
+79890351198
+79890351362
+79890351387
+79890351428
+79890351463
+79890351477
+79890351657
+79890350282
+79890350791
+79890351086
+79890351198
+79890351362
+79890351387
+79890351428
+79890351463
+79890351477
+79890351657
+79187099461
+79187099837
+79897401158
+79897401476
+79897401529
+79897401580
+79897402132
+79897402539
+79897402543
+79897402551
+79897401158
+79897401476
+79897401529
+79897401580
+79897402132
+79897402539
+79897402543
+79897402551
+79897402553
+79897402573
+79891370219
+79891370221
+79891370223
+79891370224
+79891370225
+79891370226
+79891370227
+79891370228
+79891370229
+79891370230
+79194202502
+79194202683
+79194202872
+79194203115
+79194203176
+79194203513
+79194203643
+79194203650
+79194204782
+79194204786
+79187026619
+79187028452
+79187028629
+79187028751
+79187028946
+79187029043
+79187029552
+79187029718
+79187030361
+79187030362
+79888701380
+79888701387
+79888701557
+79888701565
+79888701664
+79888701723
+79888701840
+79888701956
+79888701969
+79888702086
+79188308580
+79188309067
+79188309205
+79188309541
+79188309548
+79188309619
+79188310163
+79188311743
+79188312181
+79188312481
+79891370219
+79891370221
+79891370223
+79891370224
+79891370225
+79891370226
+79891370227
+79891370228
+79891370229
+79891370230
+79890350282
+79890350791
+79890351086
+79890351198
+79890351362
+79890351387
+79890351428
+79890351463
+79890351477
+79890351657
+79187026619
+79187028452
+79187028629
+79187028751
+79187028946
+79187029043
+79187029552
+79187029718
+79187030361
+79187030362
+79188308580
+79188309067
+79188309205
+79188309541
+79188309548
+79188309619
+79188310163
+79188311743
+79188312181
+79188312481
+79891370219
+79891370221
+79891370223
+79891370224
+79891370225
+79891370226
+79891370227
+79891370228
+79891370229
+79891370230
+79187026619
+79187028452
+79187028629
+79187028751
+79187028946
+79187029043
+79187029552
+79187029718
+79187030361
+79187030362
+79188308580
+79188309067
+79188309205
+79188309541
+79188309548
+79188309619
+79188310163
+79188311743
+79188312181
+79188312481
+79188300189
+79188300351
+79187099461
+79187099837
+79188301380
+79188301396
+79188301401
+79188303611
+79188303988
+79188304113
+79891300196
+79891301173
+79891301187
+79891301230
+79891301389
+79891301395
+79891301420
+79891301423
+79891301518
+79891301526
+79888701380
+79888701387
+79888701557
+79888701565
+79888701664
+79888701723
+79888701840
+79888701956
+79888701969
+79888702086
+79187026619
+79187028452
+79187028629
+79187028751
+79187028946
+79187029043
+79187029552
+79187029718
+79187030361
+79187030362
+79187026619
+79187028452
+79187028629
+79187028751
+79187028946
+79187029043
+79187029552
+79187029718
+79187030361
+79187030362
+79187026619
+79187028452
+79187028629
+79187028751
+79187028946
+79187029043
+79187029552
+79187029718
+79187030361
+79187030362
+79188301380
+79188301396
+79188301401
+79188303611
+79188303988
+79188304113
+79188304319
+79188305441
+79188305460
+79188305692
+79890350282
+79890350791
+79890351086
+79890351198
+79890351362
+79890351387
+79890351428
+79890351463
+79890351477
+79890351657
+79890350282
+79890350791
+79890351086
+79890351198
+79890351362
+79890351387
+79890351428
+79890351463
+79890351477
+79890351657
+79188301380
+79188301396
+79188301401
+79188303611
+79188303988
+79188304113
+79188304319
+79188305441
+79188305460
+79188305692
+79888302435
+79888302558
+79888302572
+79888302613
+79888302641
+79888302649
+79888302718
+79888302847
+79888302849
+79888302871
+79188301380
+79188301396
+79188301401
+79188303611
+79188303988
+79188304113
+79188304319
+79188305441
+79188305460
+79188305692
+79890401403
+79890401497
+79890401602
+79890401631
+79890401643
+79890401951
+79890402357
+79890402591
+79890402836
+79890403574
+79188300189
+79188300351
+79897401158
+79897401476
+79897401529
+79897401580
+79897402132
+79897402539
+79897402543
+79897402551
+79891370219
+79891370221
+79891370223
+79891370224
+79891370225
+79891370226
+79891370227
+79891370228
+79891370229
+79891370230
+79194202502
+79194202683
+79194202872
+79194203115
+79194203176
+79194203513
+79194203643
+79194203650
+79194204782
+79194204786
+79187026619
+79187028452
+79187028629
+79187028751
+79187028946
+79187029043
+79187029552
+79187029718
+79187030361
+79187030362
+79888302435
+79888302558
+79888302572
+79888302613
+79888302641
+79888302649
+79888302718
+79888302847
+79888302849
+79888302871
+79187099461
+79187099837
+79897496017
+79897496018
+79897496019
+79897496021
+79897496022
+79897496023
+79897496025
+79897496027
+79891370219
+79891370221
+79891370223
+79891370224
+79891370225
+79891370226
+79891370227
+79891370228
+79891370229
+79891370230
+79897496017
+79897496018
+79897496019
+79897496021
+79897496022
+79897496023
+79897496025
+79897496027
+79897496028
+79897496029
+79897496017
+79897496018
+79897496019
+79897496021
+79897496022
+79897496023
+79897496025
+79897496027
+79897496028
+79897496029
+79188300189
+79188300351
+79888302435
+79888302558
+79888302572
+79888302613
+79888302641
+79888302649
+79888302718
+79888302847
+79890401403
+79890401497
+79890401602
+79890401631
+79890401643
+79890401951
+79890402357
+79890402591
+79890402836
+79890403574
+79188308580
+79188309067
+79188309205
+79188309541
+79188309548
+79188309619
+79188310163
+79188311743
+79188312181
+79188312481
+79187026619
+79187028452
+79187028629
+79187028751
+79187028946
+79187029043
+79187029552
+79187029718
+79187030361
+79187030362
+79891370219
+79891370221
+79891370223
+79891370224
+79891370225
+79891370226
+79891370227
+79891370228
+79891370229
+79891370230
+79897496017
+79897496018
+79897496019
+79897496021
+79897496022
+79897496023
+79897496025
+79897496027
+79897496028
+79897496029
+79888302435
+79888302558
+79888302572
+79888302613
+79888302641
+79888302649
+79888302718
+79888302847
+79888302849
+79888302871
+79897401158
+79897401476
+79897401529
+79897401580
+79897402132
+79897402539
+79897402543
+79897402551
+79897402553
+79897402573
+79188200235
+79188200627
+79188200936
+79188200940
+79188201163
+79188203154
+79188203179
+79188203180
+79188203199
+79188203546
+79188301380
+79188301396
+79188301401
+79188303611
+79188303988
+79188304113
+79188304319
+79188305441
+79188305460
+79188305692
+79188300189
+79188300351
+79188200235
+79188200627
+79188200936
+79188200940
+79188201163
+79188203154
+79188203179
+79188203180
+79188200235
+79188200627
+79188200936
+79188200940
+79188201163
+79188203154
+79188203179
+79188203180
+79188203199
+79188203546
+79188301380
+79188301396
+79188301401
+79188303611
+79188303988
+79188304113
+79188304319
+79188305441
+79188305460
+79188305692
+79188200235
+79188200627
+79188200936
+79188200940
+79188201163
+79188203154
+79188203179
+79188203180
+79188203199
+79188203546
+79890401403
+79890401497
+79890401602
+79890401631
+79890401643
+79890401951
+79890402357
+79890402591
+79890402836
+79890403574
+79890350282
+79890350791
+79890351086
+79890351198
+79890351362
+79890351387
+79890351428
+79890351463
+79890351477
+79890351657
+79194202502
+79194202683
+79194202872
+79194203115
+79194203176
+79194203513
+79194203643
+79194203650
+79194204782
+79194204786
+79188200235
+79188200627
+79188200936
+79188200940
+79188201163
+79188203154
+79188203179
+79188203180
+79188203199
+79188203546
+79888302435
+79888302558
+79888302572
+79888302613
+79888302641
+79888302649
+79888302718
+79888302847
+79888302849
+79888302871
+79888302435
+79888302558
+79888302572
+79888302613
+79888302641
+79888302649
+79888302718
+79888302847
+79888302849
+79888302871
+79188308580
+79188309067
+79188309205
+79188309541
+79188309548
+79188309619
+79188310163
+79188311743
+79188312181
+79188312481
+79188200235
+79188200627
+79188200936
+79188200940
+79188201163
+79188203154
+79188203179
+79188203180
+79188203199
+79188203546
+79891370219
+79891370221
+79891370223
+79891370224
+79891370225
+79891370226
+79891370227
+79891370228
+79891370229
+79891370230
+79890401403
+79890401497
+79890401602
+79890401631
+79890401643
+79890401951
+79890402357
+79890402591
+79890402836
+79890403574
+79888302435
+79888302558
+79888302572
+79888302613
+79888302641
+79888302649
+79888302718
+79888302847
+79888302849
+79888302871
+79194202502
+79194202683
+79194202872
+79194203115
+79194203176
+79194203513
+79194203643
+79194203650
+79194204782
+79194204786
+79890401403
+79890401497
+79890401602
+79890401631
+79890401643
+79890401951
+79890402357
+79890402591
+79890402836
+79890403574
+79897401158
+79897401476
+79897401529
+79897401580
+79897402132
+79897402539
+79897402543
+79897402551
+79897402553
+79897402573
+79188308580
+79188309067
+79188309205
+79188309541
+79188309548
+79188309619
+79188310163
+79188311743
+79188312181
+79188312481
+79890401403
+79890401497
+79890401602
+79890401631
+79890401643
+79890401951
+79890402357
+79890402591
+79890402836
+79890403574
+79194202502
+79194202683
+79194202872
+79194203115
+79194203176
+79194203513
+79194203643
+79194203650
+79194204782
+79194204786
+79888302435
+79888302558
+79888302572
+79888302613
+79888302641
+79888302649
+79888302718
+79888302847
+79888302849
+79888302871
+79188308580
+79188309067
+79188309205
+79188309541
+79188309548
+79188309619
+79188310163
+79188311743
+79188312181
+79188312481
+79188200235
+79188200627
+79188200936
+79188200940
+79188201163
+79188203154
+79188203179
+79188203180
+79188203199
+79188203546
+79897496017
+79897496018
+79897496019
+79897496021
+79897496022
+79897496023
+79897496025
+79897496027
+79897496028
+79897496029
+79897401158
+79897401476
+79897401529
+79897401580
+79897402132
+79897402539
+79897402543
+79897402551
+79897402553
+79897402573
+79891300196
+79891301173
+79891301187
+79891301230
+79891301389
+79891301395
+79891301420
+79891301423
+79891301518
+79891301526
+79897496017
+79897496018
+79897496019
+79897496021
+79897496022
+79897496023
+79897496025
+79897496027
+79897496028
+79897496029
+79188308580
+79188309067
+79188309205
+79188309541
+79188309548
+79188309619
+79188310163
+79188311743
+79188312181
+79188312481
+79891300196
+79891301173
+79891301187
+79891301230
+79891301389
+79891301395
+79891301420
+79891301423
+79891301518
+79891301526
+79188308580
+79188309067
+79188309205
+79188309541
+79188309548
+79188309619
+79188310163
+79188311743
+79188312181
+79188312481
+79188301380
+79188301396
+79188301401
+79188303611
+79188303988
+79188304113
+79188304319
+79188305441
+79188305460
+79188305692
+79188200235
+79188200627
+79188200936
+79188200940
+79188201163
+79188203154
+79188203179
+79188203180
+79188203199
+79188203546
+79194202502
+79194202683
+79194202872
+79194203115
+79194203176
+79194203513
+79194203643
+79194203650
+79194204782
+79194204786
+79888701380
+79888701387
+79888701557
+79888701565
+79888701664
+79888701723
+79888701840
+79888701956
+79888701969
+79888702086
+79194202502
+79194202683
+79194202872
+79194203115
+79194203176
+79194203513
+79194203643
+79194203650
+79194204782
+79194204786
+79187026619
+79187028452
+79187028629
+79187028751
+79187028946
+79187029043
+79187029552
+79187029718
+79187030361
+79187030362
+79890350282
+79890350791
+79890351086
+79890351198
+79890351362
+79890351387
+79890351428
+79890351463
+79890351477
+79890351657
+79188200235
+79188200627
+79188200936
+79188200940
+79188201163
+79188203154
+79188203179
+79188203180
+79188203199
+79188203546
+79187026619
+79187028452
+79187028629
+79187028751
+79187028946
+79187029043
+79187029552
+79187029718
+79187030361
+79187030362
+79891300196
+79891301173
+79891301187
+79891301230
+79891301389
+79891301395
+79891301420
+79891301423
+79891301518
+79891301526
+79188200235
+79188200627
+79188200936
+79188200940
+79188201163
+79188203154
+79188203179
+79188203180
+79188203199
+79188203546
+79891300196
+79891301173
+79891301187
+79891301230
+79891301389
+79891301395
+79891301420
+79891301423
+79891301518
+79891301526
+79890401403
+79890401497
+79890401602
+79890401631
+79890401643
+79890401951
+79890402357
+79890402591
+79890402836
+79890403574
+79890350282
+79890350791
+79890351086
+79890351198
+79890351362
+79890351387
+79890351428
+79890351463
+79890351477
+79890351657
+79891300196
+79891301173
+79891301187
+79891301230
+79891301389
+79891301395
+79891301420
+79891301423
+79891301518
+79891301526
+79188301380
+79188301396
+79188301401
+79188303611
+79188303988
+79188304113
+79188304319
+79188305441
+79188305460
+79188305692
+79890401403
+79890401497
+79890401602
+79890401631
+79890401643
+79890401951
+79890402357
+79890402591
+79890402836
+79890403574
+79187026619
+79187028452
+79187028629
+79187028751
+79187028946
+79187029043
+79187029552
+79187029718
+79187030361
+79187030362
+79188301380
+79188301396
+79188301401
+79188303611
+79188303988
+79188304113
+79188304319
+79188305441
+79188305460
+79188305692
+79897401158
+79897401476
+79897401529
+79897401580
+79897402132
+79897402539
+79897402543
+79897402551
+79897402553
+79897402573
+79188300189
+79188300351
+79891300196
+79891301173
+79891301187
+79891301230
+79891301389
+79891301395
+79891301420
+79891301423
+79188308580
+79188309067
+79188309205
+79188309541
+79188309548
+79188309619
+79188310163
+79188311743
+79188312181
+79188312481
+79188200235
+79188200627
+79188200936
+79188200940
+79188201163
+79188203154
+79188203179
+79188203180
+79188203199
+79188203546
+79897401158
+79897401476
+79897401529
+79897401580
+79897402132
+79897402539
+79897402543
+79897402551
+79897402553
+79897402573
+79891300196
+79891301173
+79891301187
+79891301230
+79891301389
+79891301395
+79891301420
+79891301423
+79891301518
+79891301526
+79890350282
+79890350791
+79890351086
+79890351198
+79890351362
+79890351387
+79890351428
+79890351463
+79890351477
+79890351657
+79890401403
+79890401497
+79890401602
+79890401631
+79890401643
+79890401951
+79890402357
+79890402591
+79890402836
+79890403574
+79188300189
+79188300351
+79188308580
+79188309067
+79188309205
+79188309541
+79188309548
+79188309619
+79188310163
+79188311743
+79188200235
+79188200627
+79188200936
+79188200940
+79188201163
+79188203154
+79188203179
+79188203180
+79188203199
+79188203546
+79891370219
+79891370221
+79891370223
+79891370224
+79891370225
+79891370226
+79891370227
+79891370228
+79891370229
+79891370230
+79194202502
+79194202683
+79194202872
+79194203115
+79194203176
+79194203513
+79194203643
+79194203650
+79194204782
+79194204786
+79188301380
+79188301396
+79188301401
+79188303611
+79188303988
+79188304113
+79188304319
+79188305441
+79188305460
+79188305692
+79891300196
+79891301173
+79891301187
+79891301230
+79891301389
+79891301395
+79891301420
+79891301423
+79891301518
+79891301526
+79187099461
+79187099837
+79187026619
+79187028452
+79187028629
+79187028751
+79187028946
+79187029043
+79187029552
+79187029718
+79188301380
+79188301396
+79188301401
+79188303611
+79188303988
+79188304113
+79188304319
+79188305441
+79188305460
+79188305692
+79891300196
+79891301173
+79891301187
+79891301230
+79891301389
+79891301395
+79891301420
+79891301423
+79891301518
+79891301526
+79888302435
+79888302558
+79888302572
+79888302613
+79888302641
+79888302649
+79888302718
+79888302847
+79888302849
+79888302871
+79888701380
+79888701387
+79888701557
+79888701565
+79888701664
+79888701723
+79888701840
+79888701956
+79888701969
+79888702086
+79888701380
+79888701387
+79888701557
+79888701565
+79888701664
+79888701723
+79888701840
+79888701956
+79888701969
+79888702086
+79188300189
+79188300351
+79897496017
+79897496018
+79897496019
+79897496021
+79897496022
+79897496023
+79897496025
+79897496027
+79891300196
+79891301173
+79891301187
+79891301230
+79891301389
+79891301395
+79891301420
+79891301423
+79891301518
+79891301526
+79194202502
+79194202683
+79194202872
+79194203115
+79194203176
+79194203513
+79194203643
+79194203650
+79194204782
+79194204786
+79187026619
+79187028452
+79187028629
+79187028751
+79187028946
+79187029043
+79187029552
+79187029718
+79187030361
+79187030362
+79890401403
+79890401497
+79890401602
+79890401631
+79890401643
+79890401951
+79890402357
+79890402591
+79890402836
+79890403574
+79187026619
+79187028452
+79187028629
+79187028751
+79187028946
+79187029043
+79187029552
+79187029718
+79187030361
+79187030362
+79187099461
+79187099837
+79188200235
+79188200627
+79188200936
+79188200940
+79188201163
+79188203154
+79188203179
+79188203180
+79188301380
+79188301396
+79188301401
+79188303611
+79188303988
+79188304113
+79188304319
+79188305441
+79188305460
+79188305692
+79187026619
+79187028452
+79187028629
+79187028751
+79187028946
+79187029043
+79187029552
+79187029718
+79187030361
+79187030362
+79897496017
+79897496018
+79897496019
+79897496021
+79897496022
+79897496023
+79897496025
+79897496027
+79897496028
+79897496029
+79891370219
+79891370221
+79891370223
+79891370224
+79891370225
+79891370226
+79891370227
+79891370228
+79891370229
+79891370230
+79188301380
+79188301396
+79188301401
+79188303611
+79188303988
+79188304113
+79188304319
+79188305441
+79188305460
+79188305692
+79890350282
+79890350791
+79890351086
+79890351198
+79890351362
+79890351387
+79890351428
+79890351463
+79890351477
+79890351657
+79194202502
+79194202683
+79194202872
+79194203115
+79194203176
+79194203513
+79194203643
+79194203650
+79194204782
+79194204786
+79187099461
+79187099837
+79888701380
+79888701387
+79888701557
+79888701565
+79888701664
+79888701723
+79888701840
+79888701956
+79891370219
+79891370221
+79891370223
+79891370224
+79891370225
+79891370226
+79891370227
+79891370228
+79891370229
+79891370230
+79888302435
+79888302558
+79888302572
+79888302613
+79888302641
+79888302649
+79888302718
+79888302847
+79888302849
+79888302871
+79188308580
+79188309067
+79188309205
+79188309541
+79188309548
+79188309619
+79188310163
+79188311743
+79188312181
+79188312481
+79890401403
+79890401497
+79890401602
+79890401631
+79890401643
+79890401951
+79890402357
+79890402591
+79890402836
+79890403574
+79888302435
+79888302558
+79888302572
+79888302613
+79888302641
+79888302649
+79888302718
+79888302847
+79888302849
+79888302871
+79188308580
+79188309067
+79188309205
+79188309541
+79188309548
+79188309619
+79188310163
+79188311743
+79188312181
+79188312481
+79890350282
+79890350791
+79890351086
+79890351198
+79890351362
+79890351387
+79890351428
+79890351463
+79890351477
+79890351657
+79187099461
+79187099837
+79188308580
+79188309067
+79188309205
+79188309541
+79188309548
+79188309619
+79188310163
+79188311743
+79897496017
+79897496018
+79897496019
+79897496021
+79897496022
+79897496023
+79897496025
+79897496027
+79897496028
+79897496029
+79897401158
+79897401476
+79897401529
+79897401580
+79897402132
+79897402539
+79897402543
+79897402551
+79897402553
+79897402573
+79890401403
+79890401497
+79890401602
+79890401631
+79890401643
+79890401951
+79890402357
+79890402591
+79890402836
+79890403574
+79890401403
+79890401497
+79890401602
+79890401631
+79890401643
+79890401951
+79890402357
+79890402591
+79890402836
+79890403574
+79187026619
+79187028452
+79187028629
+79187028751
+79187028946
+79187029043
+79187029552
+79187029718
+79187030361
+79187030362
+79897496017
+79897496018
+79897496019
+79897496021
+79897496022
+79897496023
+79897496025
+79897496027
+79897496028
+79897496029
+79188300189
+79188300351
+79188301380
+79188301396
+79188301401
+79188303611
+79188303988
+79188304113
+79188304319
+79188305441
+79188308580
+79188309067
+79188309205
+79188309541
+79188309548
+79188309619
+79188310163
+79188311743
+79188312181
+79188312481
+79891300196
+79891301173
+79891301187
+79891301230
+79891301389
+79891301395
+79891301420
+79891301423
+79891301518
+79891301526
+79187026619
+79187028452
+79187028629
+79187028751
+79187028946
+79187029043
+79187029552
+79187029718
+79187030361
+79187030362
+79888701380
+79888701387
+79888701557
+79888701565
+79888701664
+79888701723
+79888701840
+79888701956
+79888701969
+79888702086
+79188308580
+79188309067
+79188309205
+79188309541
+79188309548
+79188309619
+79188310163
+79188311743
+79188312181
+79188312481
+79897401158
+79897401476
+79897401529
+79897401580
+79897402132
+79897402539
+79897402543
+79897402551
+79897402553
+79897402573
+79188300189
+79188300351
+79888701380
+79888701387
+79888701557
+79888701565
+79888701664
+79888701723
+79888701840
+79888701956
+79888701380
+79888701387
+79888701557
+79888701565
+79888701664
+79888701723
+79888701840
+79888701956
+79888701969
+79888702086
+79187026619
+79187028452
+79187028629
+79187028751
+79187028946
+79187029043
+79187029552
+79187029718
+79187030361
+79187030362
+79890401403
+79890401497
+79890401602
+79890401631
+79890401643
+79890401951
+79890402357
+79890402591
+79890402836
+79890403574
+79891300196
+79891301173
+79891301187
+79891301230
+79891301389
+79891301395
+79891301420
+79891301423
+79891301518
+79891301526
+79888701380
+79888701387
+79888701557
+79888701565
+79888701664
+79888701723
+79888701840
+79888701956
+79888701969
+79888702086
+79188200235
+79188200627
+79188200936
+79188200940
+79188201163
+79188203154
+79188203179
+79188203180
+79188203199
+79188203546
+79188308580
+79188309067
+79188309205
+79188309541
+79188309548
+79188309619
+79188310163
+79188311743
+79188312181
+79188312481
+79897401158
+79897401476
+79897401529
+79897401580
+79897402132
+79897402539
+79897402543
+79897402551
+79897402553
+79897402573
+79888701380
+79888701387
+79888701557
+79888701565
+79888701664
+79888701723
+79888701840
+79888701956
+79888701969
+79888702086
+79897496017
+79897496018
+79897496019
+79897496021
+79897496022
+79897496023
+79897496025
+79897496027
+79897496028
+79897496029
