+79140433905
+79140432894
+79145507522
+79140430421
+79146001442
+79145603108
+79140431782
+79146101982
+79146102310
+79140433215
+79145708632
+79146102212
+79145902862
+79143908615
+79145801712
+79140612341
+79146102300
+79140611055
+79145903656
+79140432541
+79143908685
+79145603178
+79145903869
+79146102515
+79145710412
+79143906025
+79145600583
+79146102724
+79145603279
+79146001723
+79145507948
+79140431587
+79143909363
+79143803289
+79143802072
+79146102123
+79145705674
+79143801659
+79145507829
+79143908865
+79145507986
+79146002754
+79145710422
+79146101576
+79145903694
+79145507509
+79146002517
+79145710425
+79140434521
+79143800307
+79145601453
+79146002297
+79145709734
+79143803404
+79143802409
+79140613922
+79140612691
+79143801519
+79143907702
+79146004968
+79145801690
+79140614833
+79143906210
+79145603173
+79140614478
+79145507591
+79145801361
+79145708508
+79145801410
+79145602970
+79145902289
+79146007297
+79140429135
+79140614618
+79145709677
+79145709037
+79140433270
+79140434123
+79145603385
+79140430693
+79145802455
+79146001996
+79140614571
+79146003704
+79140433526
+79146007074
+79145903719
+79145507857
+79145507947
+79145710410
+79146102962
+79140432709
+79140432027
+79143803386
+79146102688
+79145802109
+79146007123
+79146101680
+79146002251
+79145903618
+79143907217
+79145802028
+79146007284
+79145903200
+79145507419
+79145708399
+79143908788
+79143908429
+79145601942
+79145801788
+79143801722
+79143801550
+79145506914
+79145901734
+79140614847
+79140614679
+79145801985
+79145508039
+79145903638
+79145801275
+79140432542
+79145602496
+79146000768
+79143908370
+79140432474
