+79115800358
+79115800753
+79115800793
+79115800876
+79115801113
+79115801114
+79115801116
+79115801117
+79115801118
+79115801119
+79116701186
+79116701759
+79116701873
+79116702558
+79116702672
+79116702791
+79116703092
+79116703331
+79116703336
+79116703879
+79815501184
+79815501324
+79815501325
+79815501365
+79815501387
+79815501410
+79815501484
+79815501696
+79815501720
+79815502001
+79115800358
+79115800753
+79115800793
+79115800876
+79115801113
+79115801114
+79115801116
+79115801117
+79115801118
+79115801119
+79115800358
+79115800753
+79115800793
+79115800876
+79115801113
+79115801114
+79115801116
+79115801117
+79115801118
+79115801119
+79815526766
+79815526788
+79815526845
+79815527289
+79815527761
+79815527762
+79815527790
+79815527792
+79815527796
+79815527800
+79815601059
+79815601070
+79815601079
+79815601090
+79815601097
+79815601098
+79815601112
+79815601113
+79815601114
+79815601115
+79815501184
+79815501324
+79815501325
+79815501365
+79815501387
+79815501410
+79815501484
+79815501696
+79815501720
+79815502001
+79110562489
+79110562519
+79110562523
+79110562559
+79110562567
+79110562582
+79110562584
+79110562587
+79110562601
+79110562602
+79115501956
+79115502054
+79115502339
+79115502381
+79115502467
+79115502484
+79115502645
+79115502708
+79115502722
+79115502752
+79110562489
+79110562519
+79110562523
+79110562559
+79110562567
+79110562582
+79110562584
+79110562587
+79110562601
+79110562602
+79115501956
+79115502054
+79115502339
+79115502381
+79115502467
+79115502484
+79115502645
+79115502708
+79115502722
+79115502752
+79110562489
+79110562519
+79110562523
+79110562559
+79110562567
+79110562582
+79110562584
+79110562587
+79110562601
+79110562602
+79116800592
+79116800594
+79116800596
+79116800612
+79116800613
+79116800615
+79116800617
+79116800619
+79116800622
+79116800623
+79815501184
+79815501324
+79815501325
+79815501365
+79815501387
+79815501410
+79815501484
+79815501696
+79815501720
+79815502001
+79115800358
+79115800753
+79115800793
+79115800876
+79115801113
+79115801114
+79115801116
+79115801117
+79115801118
+79115801119
+79116551687
+79116552184
+79116552218
+79116552488
+79116552553
+79116552558
+79116552727
+79116552755
+79116552855
+79116552930
+79116701186
+79116701759
+79116701873
+79116702558
+79116702672
+79116702791
+79116703092
+79116703331
+79116703336
+79116703879
+79115501956
+79115502054
+79115502339
+79115502381
+79115502467
+79115502484
+79115502645
+79115502708
+79115502722
+79115502752
+79118701120
+79118701128
+79118701131
+79118701156
+79118701191
+79118701241
+79118701249
+79118701250
+79118701266
+79118701292
+79815501184
+79815501324
+79815501325
+79815501365
+79815501387
+79815501410
+79815501484
+79815501696
+79815501720
+79815502001
+79115901118
+79115901377
+79115901405
+79115901437
+79115901518
+79115901635
+79115901643
+79115901684
+79115901716
+79115901889
+79815501184
+79815501324
+79815501325
+79815501365
+79815501387
+79815501410
+79815501484
+79815501696
+79815501720
+79815502001
+79116551687
+79116552184
+79116552218
+79116552488
+79116552553
+79116552558
+79116552727
+79116552755
+79116552855
+79116552930
+79116701186
+79116701759
+79116701873
+79116702558
+79116702672
+79116702791
+79116703092
+79116703331
+79116703336
+79116703879
+79815501184
+79815501324
+79815501325
+79815501365
+79815501387
+79815501410
+79815501484
+79815501696
+79815501720
+79815502001
+79116800592
+79116800594
+79116800596
+79116800612
+79116800613
+79116800615
+79116800617
+79116800619
+79116800622
+79116800623
+79115501956
+79115502054
+79115502339
+79115502381
+79115502467
+79115502484
+79115502645
+79115502708
+79115502722
+79115502752
+79115901118
+79115901377
+79115901405
+79115901437
+79115901518
+79115901635
+79115901643
+79115901684
+79115901716
+79115901889
+79115700325
+79115702362
+79115702839
+79115702935
+79115703176
+79115703383
+79115703428
+79115703782
+79115704041
+79115704545
+79115600870
+79115600871
+79115600874
+79115600875
+79115600893
+79115600895
+79115600902
+79115600906
+79115600912
+79115600913
+79110562489
+79110562519
+79110562523
+79110562559
+79110562567
+79110562582
+79110562584
+79110562587
+79110562601
+79110562602
+79116551687
+79116552184
+79116552218
+79116552488
+79116552553
+79116552558
+79116552727
+79116552755
+79116552855
+79116552930
+79110562489
+79110562519
+79110562523
+79110562559
+79110562567
+79110562582
+79110562584
+79110562587
+79110562601
+79110562602
+79115700325
+79115702362
+79115702839
+79115702935
+79115703176
+79115703383
+79115703428
+79115703782
+79115704041
+79115704545
+79116701186
+79116701759
+79116701873
+79116702558
+79116702672
+79116702791
+79116703092
+79116703331
+79116703336
+79116703879
+79115600870
+79115600871
+79115600874
+79115600875
+79115600893
+79115600895
+79115600902
+79115600906
+79115600912
+79115600913
+79116800592
+79116800594
+79116800596
+79116800612
+79116800613
+79116800615
+79116800617
+79116800619
+79116800622
+79116800623
+79815501184
+79815501324
+79815501325
+79815501365
+79815501387
+79815501410
+79815501484
+79815501696
+79815501720
+79815502001
+79115501956
+79115502054
+79115502339
+79115502381
+79115502467
+79115502484
+79115502645
+79115502708
+79115502722
+79115502752
+79116800592
+79116800594
+79116800596
+79116800612
+79116800613
+79116800615
+79116800617
+79116800619
+79116800622
+79116800623
+79115700325
+79115702362
+79115702839
+79115702935
+79115703176
+79115703383
+79115703428
+79115703782
+79115704041
+79115704545
+79815601059
+79815601070
+79815601079
+79815601090
+79815601097
+79815601098
+79815601112
+79815601113
+79815601114
+79815601115
+79110562489
+79110562519
+79110562523
+79110562559
+79110562567
+79110562582
+79110562584
+79110562587
+79110562601
+79110562602
+79815601059
+79815601070
+79815601079
+79815601090
+79815601097
+79815601098
+79815601112
+79815601113
+79815601114
+79815601115
+79115901118
+79115901377
+79115901405
+79115901437
+79115901518
+79115901635
+79115901643
+79115901684
+79115901716
+79115901889
+79115800358
+79115800753
+79115800793
+79115800876
+79115801113
+79115801114
+79115801116
+79115801117
+79115801118
+79115801119
+79815601059
+79815601070
+79815601079
+79815601090
+79815601097
+79815601098
+79815601112
+79815601113
+79815601114
+79815601115
+79815501184
+79815501324
+79815501325
+79815501365
+79815501387
+79815501410
+79815501484
+79815501696
+79815501720
+79815502001
+79115901118
+79115901377
+79115901405
+79115901437
+79115901518
+79115901635
+79115901643
+79115901684
+79115901716
+79115901889
+79115901118
+79115901377
+79115901405
+79115901437
+79115901518
+79115901635
+79115901643
+79115901684
+79115901716
+79115901889
+79115600870
+79115600871
+79115600874
+79115600875
+79115600893
+79115600895
+79115600902
+79115600906
+79115600912
+79115600913
+79115700325
+79115702362
+79115702839
+79115702935
+79115703176
+79115703383
+79115703428
+79115703782
+79115704041
+79115704545
+79815526766
+79815526788
+79815526845
+79815527289
+79815527761
+79815527762
+79815527790
+79815527792
+79815527796
+79815527800
+79815501184
+79815501324
+79815501325
+79815501365
+79815501387
+79815501410
+79815501484
+79815501696
+79815501720
+79815502001
+79815526766
+79815526788
+79815526845
+79815527289
+79815527761
+79815527762
+79815527790
+79815527792
+79815527796
+79815527800
+79815601059
+79815601070
+79815601079
+79815601090
+79815601097
+79815601098
+79815601112
+79815601113
+79815601114
+79815601115
+79115901118
+79115901377
+79115901405
+79115901437
+79115901518
+79115901635
+79115901643
+79115901684
+79115901716
+79115901889
+79110562489
+79110562519
+79110562523
+79110562559
+79110562567
+79110562582
+79110562584
+79110562587
+79110562601
+79110562602
+79116551687
+79116552184
+79116552218
+79116552488
+79116552553
+79116552558
+79116552727
+79116552755
+79116552855
+79116552930
+79815501184
+79815501324
+79815501325
+79815501365
+79815501387
+79815501410
+79815501484
+79815501696
+79815501720
+79815502001
+79110562489
+79110562519
+79110562523
+79110562559
+79110562567
+79110562582
+79110562584
+79110562587
+79110562601
+79110562602
+79116551687
+79116552184
+79116552218
+79116552488
+79116552553
+79116552558
+79116552727
+79116552755
+79116552855
+79116552930
+79118701120
+79118701128
+79118701131
+79118701156
+79118701191
+79118701241
+79118701249
+79118701250
+79118701266
+79118701292
+79815501184
+79815501324
+79815501325
+79815501365
+79815501387
+79815501410
+79815501484
+79815501696
+79815501720
+79815502001
+79116800592
+79116800594
+79116800596
+79116800612
+79116800613
+79116800615
+79116800617
+79116800619
+79116800622
+79116800623
+79815501184
+79815501324
+79815501325
+79815501365
+79815501387
+79815501410
+79815501484
+79815501696
+79815501720
+79815502001
+79118701120
+79118701128
+79118701131
+79118701156
+79118701191
+79118701241
+79118701249
+79118701250
+79118701266
+79118701292
+79115800358
+79115800753
+79115800793
+79115800876
+79115801113
+79115801114
+79115801116
+79115801117
+79115801118
+79115801119
+79815526766
+79815526788
+79815526845
+79815527289
+79815527761
+79815527762
+79815527790
+79815527792
+79815527796
+79815527800
+79115501956
+79115502054
+79115502339
+79115502381
+79115502467
+79115502484
+79115502645
+79115502708
+79115502722
+79115502752
+79815601059
+79815601070
+79815601079
+79815601090
+79815601097
+79815601098
+79815601112
+79815601113
+79815601114
+79815601115
+79115600870
+79115600871
+79115600874
+79115600875
+79115600893
+79115600895
+79115600902
+79115600906
+79115600912
+79115600913
+79115700325
+79115702362
+79115702839
+79115702935
+79115703176
+79115703383
+79115703428
+79115703782
+79115704041
+79115704545
+79115800358
+79115800753
+79115800793
+79115800876
+79115801113
+79115801114
+79115801116
+79115801117
+79115801118
+79115801119
+79116551687
+79116552184
+79116552218
+79116552488
+79116552553
+79116552558
+79116552727
+79116552755
+79116552855
+79116552930
+79115600870
+79115600871
+79115600874
+79115600875
+79115600893
+79115600895
+79115600902
+79115600906
+79115600912
+79115600913
+79115700325
+79115702362
+79115702839
+79115702935
+79115703176
+79115703383
+79115703428
+79115703782
+79115704041
+79115704545
+79116551687
+79116552184
+79116552218
+79116552488
+79116552553
+79116552558
+79116552727
+79116552755
+79116552855
+79116552930
+79815501184
+79815501324
+79815501325
+79815501365
+79815501387
+79815501410
+79815501484
+79815501696
+79815501720
+79815502001
+79815501184
+79815501324
+79815501325
+79815501365
+79815501387
+79815501410
+79815501484
+79815501696
+79815501720
+79815502001
+79110562519
+79110562523
+79110562559
+79110562567
+79110562582
+79110562584
+79110562587
+79110562601
+79110562602
+79110562603
+79815601059
+79815601070
+79815601079
+79815601090
+79815601097
+79815601098
+79815601112
+79815601113
+79815601114
+79815601115
+79115600870
+79115600871
+79115600874
+79115600875
+79115600893
+79115600895
+79115600902
+79115600906
+79115600912
+79115600913
+79815501184
+79815501324
+79815501325
+79815501365
+79815501387
+79815501410
+79815501484
+79815501696
+79815501720
+79815502001
+79815501184
+79815501324
+79815501325
+79815501365
+79815501387
+79815501410
+79815501484
+79815501696
+79815501720
+79815502001
+79115901118
+79115901377
+79115901405
+79115901437
+79115901518
+79115901635
+79115901643
+79115901684
+79115901716
+79115901889
+79115700325
+79115702362
+79115702839
+79115702935
+79115703176
+79115703383
+79115703428
+79115703782
+79115704041
+79115704545
+79115501956
+79115502054
+79115502339
+79115502381
+79115502467
+79115502484
+79115502645
+79115502708
+79115502722
+79115502752
+79815601059
+79815601070
+79815601079
+79815601090
+79815601097
+79815601098
+79815601112
+79815601113
+79815601114
+79815601115
+79815526766
+79815526788
+79815526845
+79815527289
+79815527761
+79815527762
+79815527790
+79815527792
+79815527796
+79815527800
+79116551687
+79116552184
+79116552218
+79116552488
+79116552553
+79116552558
+79116552727
+79116552755
+79116552855
+79116552930
+79115901118
+79115901377
+79115901405
+79115901437
+79115901518
+79115901635
+79115901643
+79115901684
+79115901716
+79115901889
+79815526766
+79815526788
+79815526845
+79815527289
+79815527761
+79815527762
+79815527790
+79815527792
+79815527796
+79815527800
+79116701186
+79116701759
+79116701873
+79116702558
+79116702672
+79116702791
+79116703092
+79116703331
+79116703336
+79116703879
+79116800592
+79116800594
+79116800596
+79116800612
+79116800613
+79116800615
+79116800617
+79116800619
+79116800622
+79116800623
+79110562519
+79110562523
+79110562559
+79110562567
+79110562582
+79110562584
+79110562587
+79110562601
+79110562602
+79110562603
+79116701186
+79116701759
+79116701873
+79116702558
+79116702672
+79116702791
+79116703092
+79116703331
+79116703336
+79116703879
+79115800358
+79115800753
+79115800793
+79115800876
+79115801113
+79115801114
+79115801116
+79115801117
+79115801118
+79115801119
+79815601059
+79815601070
+79815601079
+79815601090
+79815601097
+79815601098
+79815601112
+79815601113
+79815601114
+79815601115
+79116800592
+79116800594
+79116800596
+79116800612
+79116800613
+79116800615
+79116800617
+79116800619
+79116800622
+79116800623
+79115600870
+79115600871
+79115600874
+79115600875
+79115600893
+79115600895
+79115600902
+79115600906
+79115600912
+79115600913
+79115501956
+79115502054
+79115502339
+79115502381
+79115502467
+79115502484
+79115502645
+79115502708
+79115502722
+79115502752
+79110562519
+79110562523
+79110562559
+79110562567
+79110562582
+79110562584
+79110562587
+79110562601
+79110562602
+79110562603
+79815601059
+79815601070
+79815601079
+79815601090
+79815601097
+79815601098
+79815601112
+79815601113
+79815601114
+79815601115
+79116800592
+79116800594
+79116800596
+79116800612
+79116800613
+79116800615
+79116800617
+79116800619
+79116800622
+79116800623
+79116551687
+79116552184
+79116552218
+79116552488
+79116552553
+79116552558
+79116552727
+79116552755
+79116552855
+79116552930
+79115600870
+79115600871
+79115600874
+79115600875
+79115600893
+79115600895
+79115600902
+79115600906
+79115600912
+79115600913
+79815601059
+79815601070
+79815601079
+79815601090
+79815601097
+79815601098
+79815601112
+79815601113
+79815601114
+79815601115
+79115800358
+79115800753
+79115800793
+79115800876
+79115801113
+79115801114
+79115801116
+79115801117
+79115801118
+79115801119
+79110562519
+79110562523
+79110562559
+79110562567
+79110562582
+79110562584
+79110562587
+79110562601
+79110562602
+79110562603
+79118701120
+79118701128
+79118701131
+79118701156
+79118701191
+79118701241
+79118701249
+79118701250
+79118701266
+79118701292
+79116701186
+79116701759
+79116701873
+79116702558
+79116702672
+79116702791
+79116703092
+79116703331
+79116703336
+79116703879
+79116800592
+79116800594
+79116800596
+79116800612
+79116800613
+79116800615
+79116800617
+79116800619
+79116800622
+79116800623
+79116800592
+79116800594
+79116800596
+79116800612
+79116800613
+79116800615
+79116800617
+79116800619
+79116800622
+79116800623
+79115800358
+79115800753
+79115800793
+79115800876
+79115801113
+79115801114
+79115801116
+79115801117
+79115801118
+79115801119
+79110562519
+79110562523
+79110562559
+79110562567
+79110562582
+79110562584
+79110562587
+79110562601
+79110562602
+79110562603
+79815601059
+79815601070
+79815601079
+79815601090
+79815601097
+79815601098
+79815601112
+79815601113
+79815601114
+79815601115
+79110562519
+79110562523
+79110562559
+79110562567
+79110562582
+79110562584
+79110562587
+79110562601
+79110562602
+79110562603
+79115901118
+79115901377
+79115901405
+79115901437
+79115901518
+79115901635
+79115901643
+79115901684
+79115901716
+79115901889
+79115700325
+79115702362
+79115702839
+79115702935
+79115703176
+79115703383
+79115703428
+79115703782
+79115704041
+79115704545
+79118701120
+79118701128
+79118701131
+79118701156
+79118701191
+79118701241
+79118701249
+79118701250
+79118701266
+79118701292
+79815526766
+79815526788
+79815526845
+79815527289
+79815527761
+79815527762
+79815527790
+79815527792
+79815527796
+79815527800
+79115600870
+79115600871
+79115600874
+79115600875
+79115600893
+79115600895
+79115600902
+79115600906
+79115600912
+79115600913
+79815601059
+79815601070
+79815601079
+79815601090
+79815601097
+79815601098
+79815601112
+79815601113
+79815601114
+79815601115
+79115700325
+79115702362
+79115702839
+79115702935
+79115703176
+79115703383
+79115703428
+79115703782
+79115704041
+79115704545
+79116800592
+79116800594
+79116800596
+79116800612
+79116800613
+79116800615
+79116800617
+79116800619
+79116800622
+79116800623
+79115700325
+79115702362
+79115702839
+79115702935
+79115703176
+79115703383
+79115703428
+79115703782
+79115704041
+79115704545
+79118701120
+79118701128
+79118701131
+79118701156
+79118701191
+79118701241
+79118701249
+79118701250
+79118701266
+79118701292
+79116800592
+79116800594
+79116800596
+79116800612
+79116800613
+79116800615
+79116800617
+79116800619
+79116800622
+79116800623
+79815501184
+79815501324
+79815501325
+79815501365
+79815501387
+79815501410
+79815501484
+79815501696
+79815501720
+79815502001
+79815501184
+79815501324
+79815501325
+79815501365
+79815501387
+79815501410
+79815501484
+79815501696
+79815501720
+79815502001
+79815501184
+79815501324
+79815501325
+79815501365
+79815501387
+79815501410
+79815501484
+79815501696
+79815501720
+79815502001
+79815526766
+79815526788
+79815526845
+79815527289
+79815527761
+79815527762
+79815527790
+79815527792
+79815527796
+79815527800
+79815501184
+79815501324
+79815501325
+79815501365
+79815501387
+79815501410
+79815501484
+79815501696
+79815501720
+79815502001
+79116701186
+79116701759
+79116701873
+79116702558
+79116702672
+79116702791
+79116703092
+79116703331
+79116703336
+79116703879
+79116701186
+79116701759
+79116701873
+79116702558
+79116702672
+79116702791
+79116703092
+79116703331
+79116703336
+79116703879
+79815526766
+79815526788
+79815526845
+79815527289
+79815527761
+79815527762
+79815527790
+79815527792
+79815527796
+79815527800
+79115700325
+79115702362
+79115702839
+79115702935
+79115703176
+79115703383
+79115703428
+79115703782
+79115704041
+79115704545
+79115901118
+79115901377
+79115901405
+79115901437
+79115901518
+79115901635
+79115901643
+79115901684
+79115901716
+79115901889
+79815601059
+79815601070
+79815601079
+79815601090
+79815601097
+79815601098
+79815601112
+79815601113
+79815601114
+79815601115
+79116800592
+79116800594
+79116800596
+79116800612
+79116800613
+79116800615
+79116800617
+79116800619
+79116800622
+79116800623
+79815526766
+79815526788
+79815526845
+79815527289
+79815527761
+79815527762
+79815527790
+79815527792
+79815527796
+79815527800
+79815601059
+79815601070
+79815601079
+79815601090
+79815601097
+79815601098
+79815601112
+79815601113
+79815601114
+79815601115
+79110562519
+79110562523
+79110562559
+79110562567
+79110562582
+79110562584
+79110562587
+79110562601
+79110562602
+79110562603
+79115600870
+79115600871
+79115600874
+79115600875
+79115600893
+79115600895
+79115600902
+79115600906
+79115600912
+79115600913
+79116701186
+79116701759
+79116701873
+79116702558
+79116702672
+79116702791
+79116703092
+79116703331
+79116703336
+79116703879
+79115901118
+79115901377
+79115901405
+79115901437
+79115901518
+79115901635
+79115901643
+79115901684
+79115901716
+79115901889
+79115901118
+79115901377
+79115901405
+79115901437
+79115901518
+79115901635
+79115901643
+79115901684
+79115901716
+79115901889
+79115800358
+79115800753
+79115800793
+79115800876
+79115801113
+79115801114
+79115801116
+79115801117
+79115801118
+79115801119
+79815501184
+79815501324
+79815501325
+79815501365
+79815501387
+79815501410
+79815501484
+79815501696
+79815501720
+79815502001
+79115901118
+79115901377
+79115901405
+79115901437
+79115901518
+79115901635
+79115901643
+79115901684
+79115901716
+79115901889
+79116800592
+79116800594
+79116800596
+79116800612
+79116800613
+79116800615
+79116800617
+79116800619
+79116800622
+79116800623
+79115700325
+79115702362
+79115702839
+79115702935
+79115703176
+79115703383
+79115703428
+79115703782
+79115704041
+79115704545
+79115501956
+79115502054
+79115502339
+79115502381
+79115502467
+79115502484
+79115502645
+79115502708
+79115502722
+79115502752
+79115700325
+79115702362
+79115702839
+79115702935
+79115703176
+79115703383
+79115703428
+79115703782
+79115704041
+79115704545
+79118701120
+79118701128
+79118701131
+79118701156
+79118701191
+79118701241
+79118701249
+79118701250
+79118701266
+79118701292
+79118701120
+79118701128
+79118701131
+79118701156
+79118701191
+79118701241
+79118701249
+79118701250
+79118701266
+79118701292
+79115901118
+79115901377
+79115901405
+79115901437
+79115901518
+79115901635
+79115901643
+79115901684
+79115901716
+79115901889
+79116800592
+79116800594
+79116800596
+79116800612
+79116800613
+79116800615
+79116800617
+79116800619
+79116800622
+79116800623
+79115600870
+79115600871
+79115600874
+79115600875
+79115600893
+79115600895
+79115600902
+79115600906
+79115600912
+79115600913
+79815526766
+79815526788
+79815526845
+79815527289
+79815527761
+79815527762
+79815527790
+79815527792
+79815527796
+79815527800
+79815526766
+79815526788
+79815526845
+79815527289
+79815527761
+79815527762
+79815527790
+79815527792
+79815527796
+79815527800
+79116701186
+79116701759
+79116701873
+79116702558
+79116702672
+79116702791
+79116703092
+79116703331
+79116703336
+79116703879
+79815526766
+79815526788
+79815526845
+79815527289
+79815527761
+79815527762
+79815527790
+79815527792
+79815527796
+79815527800
+79815601059
+79815601070
+79815601079
+79815601090
+79815601097
+79815601098
+79815601112
+79815601113
+79815601114
+79815601115
+79815501184
+79815501324
+79815501325
+79815501365
+79815501387
+79815501410
+79815501484
+79815501696
+79815501720
+79815502001
+79110562519
+79110562523
+79110562559
+79110562567
+79110562582
+79110562584
+79110562587
+79110562601
+79110562602
+79110562603
+79115800358
+79115800753
+79115800793
+79115800876
+79115801113
+79115801114
+79115801116
+79115801117
+79115801118
+79115801119
+79815526766
+79815526788
+79815526845
+79815527289
+79815527761
+79815527762
+79815527790
+79815527792
+79815527796
+79815527800
+79815601059
+79815601070
+79815601079
+79815601090
+79815601097
+79815601098
+79815601112
+79815601113
+79815601114
+79815601115
+79116551687
+79116552184
+79116552218
+79116552488
+79116552553
+79116552558
+79116552727
+79116552755
+79116552855
+79116552930
+79815526766
+79815526788
+79815526845
+79815527289
+79815527761
+79815527762
+79815527790
+79815527792
+79815527796
+79815527800
+79115901118
+79115901377
+79115901405
+79115901437
+79115901518
+79115901635
+79115901643
+79115901684
+79115901716
+79115901889
+79815501184
+79815501324
+79815501325
+79815501365
+79815501387
+79815501410
+79815501484
+79815501696
+79815501720
+79815502001
+79115501956
+79115502054
+79115502339
+79115502381
+79115502467
+79115502484
+79115502645
+79115502708
+79115502722
+79115502752
+79116551687
+79116552184
+79116552218
+79116552488
+79116552553
+79116552558
+79116552727
+79116552755
+79116552855
+79116552930
+79116800592
+79116800594
+79116800596
+79116800612
+79116800613
+79116800615
+79116800617
+79116800619
+79116800622
+79116800623
+79110562519
+79110562523
+79110562559
+79110562567
+79110562582
+79110562584
+79110562587
+79110562601
+79110562602
+79110562603
+79118701120
+79118701128
+79118701131
+79118701156
+79118701191
+79118701241
+79118701249
+79118701250
+79118701266
+79118701292
+79115901118
+79115901377
+79115901405
+79115901437
+79115901518
+79115901635
+79115901643
+79115901684
+79115901716
+79115901889
+79115600870
+79115600871
+79115600874
+79115600875
+79115600893
+79115600895
+79115600902
+79115600906
+79115600912
+79115600913
+79815601059
+79815601070
+79815601079
+79815601090
+79815601097
+79815601098
+79815601112
+79815601113
+79815601114
+79815601115
+79115600870
+79115600871
+79115600874
+79115600875
+79115600893
+79115600895
+79115600902
+79115600906
+79115600912
+79115600913
+79115600870
+79115600871
+79115600874
+79115600875
+79115600893
+79115600895
+79115600902
+79115600906
+79115600912
+79115600913
+79115501956
+79115502054
+79115502339
+79115502381
+79115502467
+79115502484
+79115502645
+79115502708
+79115502722
+79115502752
+79115901118
+79115901377
+79115901405
+79115901437
+79115901518
+79115901635
+79115901643
+79115901684
+79115901716
+79115901889
+79110562519
+79110562523
+79110562559
+79110562567
+79110562582
+79110562584
+79110562587
+79110562601
+79110562602
+79110562603
+79815501184
+79815501324
+79815501325
+79815501365
+79815501387
+79815501410
+79815501484
+79815501696
+79815501720
+79815502001
+79115700325
+79115702362
+79115702839
+79115702935
+79115703176
+79115703383
+79115703428
+79115703782
+79115704041
+79115704545
+79116551687
+79116552184
+79116552218
+79116552488
+79116552553
+79116552558
+79116552727
+79116552755
+79116552855
+79116552930
+79116701186
+79116701759
+79116701873
+79116702558
+79116702672
+79116702791
+79116703092
+79116703331
+79116703336
+79116703879
+79116800592
+79116800594
+79116800596
+79116800612
+79116800613
+79116800615
+79116800617
+79116800619
+79116800622
+79116800623
+79116800592
+79116800594
+79116800596
+79116800612
+79116800613
+79116800615
+79116800617
+79116800619
+79116800622
+79116800623
+79815601059
+79815601070
+79815601079
+79815601090
+79815601097
+79815601098
+79815601112
+79815601113
+79815601114
+79815601115
+79116551687
+79116552184
+79116552218
+79116552488
+79116552553
+79116552558
+79116552727
+79116552755
+79116552855
+79116552930
+79118701120
+79118701128
+79118701131
+79118701156
+79118701191
+79118701241
+79118701249
+79118701250
+79118701266
+79118701292
+79815526766
+79815526788
+79815526845
+79815527289
+79815527761
+79815527762
+79815527790
+79815527792
+79815527796
+79815527800
+79115800358
+79115800753
+79115800793
+79115800876
+79115801113
+79115801114
+79115801116
+79115801117
+79115801118
+79115801119
+79115700325
+79115702362
+79115702839
+79115702935
+79115703176
+79115703383
+79115703428
+79115703782
+79115704041
+79115704545
+79115700325
+79115702362
+79115702839
+79115702935
+79115703176
+79115703383
+79115703428
+79115703782
+79115704041
+79115704545
+79115600870
+79115600871
+79115600874
+79115600875
+79115600893
+79115600895
+79115600902
+79115600906
+79115600912
+79115600913
+79115700325
+79115702362
+79115702839
+79115702935
+79115703176
+79115703383
+79115703428
+79115703782
+79115704041
+79115704545
+79116800592
+79116800594
+79116800596
+79116800612
+79116800613
+79116800615
+79116800617
+79116800619
+79116800622
+79116800623
+79110562519
+79110562523
+79110562559
+79110562567
+79110562582
+79110562584
+79110562587
+79110562601
+79110562602
+79110562603
+79115800358
+79115800753
+79115800793
+79115800876
+79115801113
+79115801114
+79115801116
+79115801117
+79115801118
+79115801119
+79815601059
+79815601070
+79815601079
+79815601090
+79815601097
+79815601098
+79815601112
+79815601113
+79815601114
+79815601115
+79116551687
+79116552184
+79116552218
+79116552488
+79116552553
+79116552558
+79116552727
+79116552755
+79116552855
+79116552930
+79110562519
+79110562523
+79110562559
+79110562567
+79110562582
+79110562584
+79110562587
+79110562601
+79110562602
+79110562603
+79116551687
+79116552184
+79116552218
+79116552488
+79116552553
+79116552558
+79116552727
+79116552755
+79116552855
+79116552930
+79118701120
+79118701128
+79118701131
+79118701156
+79118701191
+79118701241
+79118701249
+79118701250
+79118701266
+79118701292
+79115600870
+79115600871
+79115600874
+79115600875
+79115600893
+79115600895
+79115600902
+79115600906
+79115600912
+79115600913
+79115800358
+79115800753
+79115800793
+79115800876
+79115801113
+79115801114
+79115801116
+79115801117
+79115801118
+79115801119
+79116551687
+79116552184
+79116552218
+79116552488
+79116552553
+79116552558
+79116552727
+79116552755
+79116552855
+79116552930
+79815601059
+79815601070
+79815601079
+79815601090
+79815601097
+79815601098
+79815601112
+79815601113
+79815601114
+79815601115
+79115901118
+79115901377
+79115901405
+79115901437
+79115901518
+79115901635
+79115901643
+79115901684
+79115901716
+79115901889
+79815501184
+79815501324
+79815501325
+79815501365
+79815501387
+79815501410
+79815501484
+79815501696
+79815501720
+79815502001
+79116800592
+79116800594
+79116800596
+79116800612
+79116800613
+79116800615
+79116800617
+79116800619
+79116800622
+79116800623
+79115501956
+79115502054
+79115502339
+79115502381
+79115502467
+79115502484
+79115502645
+79115502708
+79115502722
+79115502752
+79110562519
+79110562523
+79110562559
+79110562567
+79110562582
+79110562584
+79110562587
+79110562601
+79110562602
+79110562603
+79116551687
+79116552184
+79116552218
+79116552488
+79116552553
+79116552558
+79116552727
+79116552755
+79116552855
+79116552930
+79116551687
+79116552184
+79116552218
+79116552488
+79116552553
+79116552558
+79116552727
+79116552755
+79116552855
+79116552930
+79115901118
+79115901377
+79115901405
+79115901437
+79115901518
+79115901635
+79115901643
+79115901684
+79115901716
+79115901889
+79815526766
+79815526788
+79815526845
+79815527289
+79815527761
+79815527762
+79815527790
+79815527792
+79815527796
+79815527800
+79115700325
+79115702362
+79115702839
+79115702935
+79115703176
+79115703383
+79115703428
+79115703782
+79115704041
+79115704545
+79116701186
+79116701759
+79116701873
+79116702558
+79116702672
+79116702791
+79116703092
+79116703331
+79116703336
+79116703879
+79815601059
+79815601070
+79815601079
+79815601090
+79815601097
+79815601098
+79815601112
+79815601113
+79815601114
+79815601115
+79115700325
+79115702362
+79115702839
+79115702935
+79115703176
+79115703383
+79115703428
+79115703782
+79115704041
+79115704545
+79815526766
+79815526788
+79815526845
+79815527289
+79815527761
+79815527762
+79815527790
+79815527792
+79815527796
+79815527800
+79115800358
+79115800753
+79115800793
+79115800876
+79115801113
+79115801114
+79115801116
+79115801117
+79115801118
+79115801119
+79116551687
+79116552184
+79116552218
+79116552488
+79116552553
+79116552558
+79116552727
+79116552755
+79116552855
+79116552930
+79116551687
+79116552184
+79116552218
+79116552488
+79116552553
+79116552558
+79116552727
+79116552755
+79116552855
+79116552930
+79116701186
+79116701759
+79116701873
+79116702558
+79116702672
+79116702791
+79116703092
+79116703331
+79116703336
+79116703879
+79815501184
+79815501324
+79815501325
+79815501365
+79815501387
+79815501410
+79815501484
+79815501696
+79815501720
+79815502001
+79116701186
+79116701759
+79116701873
+79116702558
+79116702672
+79116702791
+79116703092
+79116703331
+79116703336
+79116703879
+79115600870
+79115600871
+79115600874
+79115600875
+79115600893
+79115600895
+79115600902
+79115600906
+79115600912
+79115600913
+79116701186
+79116701759
+79116701873
+79116702558
+79116702672
+79116702791
+79116703092
+79116703331
+79116703336
+79116703879
+79115501956
+79115502054
+79115502339
+79115502381
+79115502467
+79115502484
+79115502645
+79115502708
+79115502722
+79115502752
+79815526766
+79815526788
+79815526845
+79815527289
+79815527761
+79815527762
+79815527790
+79815527792
+79815527796
+79815527800
+79118701120
+79118701128
+79118701131
+79118701156
+79118701191
+79118701241
+79118701249
+79118701250
+79118701266
+79118701292
+79115901118
+79115901377
+79115901405
+79115901437
+79115901518
+79115901635
+79115901643
+79115901684
+79115901716
+79115901889
+79815501184
+79815501324
+79815501325
+79815501365
+79815501387
+79815501410
+79815501484
+79815501696
+79815501720
+79815502001
+79115700325
+79115702362
+79115702839
+79115702935
+79115703176
+79115703383
+79115703428
+79115703782
+79115704041
+79115704545
+79118701120
+79118701128
+79118701131
+79118701156
+79118701191
+79118701241
+79118701249
+79118701250
+79118701266
+79118701292
+79118701120
+79118701128
+79118701131
+79118701156
+79118701191
+79118701241
+79118701249
+79118701250
+79118701266
+79118701292
+79116800592
+79116800594
+79116800596
+79116800612
+79116800613
+79116800615
+79116800617
+79116800619
+79116800622
+79116800623
+79115700325
+79115702362
+79115702839
+79115702935
+79115703176
+79115703383
+79115703428
+79115703782
+79115704041
+79115704545
+79815601059
+79815601070
+79815601079
+79815601090
+79815601097
+79815601098
+79815601112
+79815601113
+79815601114
+79815601115
+79115901118
+79115901377
+79115901405
+79115901437
+79115901518
+79115901635
+79115901643
+79115901684
+79115901716
+79115901889
+79116701186
+79116701759
+79116701873
+79116702558
+79116702672
+79116702791
+79116703092
+79116703331
+79116703336
+79116703879
+79115901118
+79115901377
+79115901405
+79115901437
+79115901518
+79115901635
+79115901643
+79115901684
+79115901716
+79115901889
+79118701120
+79118701128
+79118701131
+79118701156
+79118701191
+79118701241
+79118701249
+79118701250
+79118701266
+79118701292
+79115901118
+79115901377
+79115901405
+79115901437
+79115901518
+79115901635
+79115901643
+79115901684
+79115901716
+79115901889
+79115600870
+79115600871
+79115600874
+79115600875
+79115600893
+79115600895
+79115600902
+79115600906
+79115600912
+79115600913
+79116551687
+79116552184
+79116552218
+79116552488
+79116552553
+79116552558
+79116552727
+79116552755
+79116552855
+79116552930
+79115700325
+79115702362
+79115702839
+79115702935
+79115703176
+79115703383
+79115703428
+79115703782
+79115704041
+79115704545
+79116800592
+79116800594
+79116800596
+79116800612
+79116800613
+79116800615
+79116800617
+79116800619
+79116800622
+79116800623
+79115700325
+79115702362
+79115702839
+79115702935
+79115703176
+79115703383
+79115703428
+79115703782
+79115704041
+79115704545
+79116800592
+79116800594
+79116800596
+79116800612
+79116800613
+79116800615
+79116800617
+79116800619
+79116800622
+79116800623
+79116800592
+79116800594
+79116800596
+79116800612
+79116800613
+79116800615
+79116800617
+79116800619
+79116800622
+79116800623
+79115800358
+79115800753
+79115800793
+79115800876
+79115801113
+79115801114
+79115801116
+79115801117
+79115801118
+79115801119
+79115901118
+79115901377
+79115901405
+79115901437
+79115901518
+79115901635
+79115901643
+79115901684
+79115901716
+79115901889
+79815526766
+79815526788
+79815526845
+79815527289
+79815527761
+79815527762
+79815527790
+79815527792
+79815527796
+79815527800
+79815601059
+79815601070
+79815601079
+79815601090
+79815601097
+79815601098
+79815601112
+79815601113
+79815601114
+79815601115
+79116800592
+79116800594
+79116800596
+79116800612
+79116800613
+79116800615
+79116800617
+79116800619
+79116800622
+79116800623
+79115700325
+79115702362
+79115702839
+79115702935
+79115703176
+79115703383
+79115703428
+79115703782
+79115704041
+79115704545
+79115800358
+79115800753
+79115800793
+79115800876
+79115801113
+79115801114
+79115801116
+79115801117
+79115801118
+79115801119
+79118701120
+79118701128
+79118701131
+79118701156
+79118701191
+79118701241
+79118701249
+79118701250
+79118701266
+79118701292
+79116701186
+79116701759
+79116701873
+79116702558
+79116702672
+79116702791
+79116703092
+79116703331
+79116703336
+79116703879
+79116800592
+79116800594
+79116800596
+79116800612
+79116800613
+79116800615
+79116800617
+79116800619
+79116800622
+79116800623
+79115800358
+79115800753
+79115800793
+79115800876
+79115801113
+79115801114
+79115801116
+79115801117
+79115801118
+79115801119
+79110562584
+79110562587
+79110562601
+79110562602
+79110562603
+79110562604
+79110562605
+79110562606
+79110562607
+79110562608
+79116701186
+79116701759
+79116701873
+79116702558
+79116702672
+79116702791
+79116703092
+79116703331
+79116703336
+79116703879
+79116551687
+79116552184
+79116552218
+79116552488
+79116552553
+79116552558
+79116552727
+79116552755
+79116552855
+79116552930
+79115501956
+79115502054
+79115502339
+79115502381
+79115502467
+79115502484
+79115502645
+79115502708
+79115502722
+79115502752
+79815601059
+79815601070
+79815601079
+79815601090
+79815601097
+79815601098
+79815601112
+79815601113
+79815601114
+79815601115
+79110562584
+79110562587
+79110562601
+79110562602
+79110562603
+79110562604
+79110562605
+79110562606
+79110562607
+79110562608
+79116800592
+79116800594
+79116800596
+79116800612
+79116800613
+79116800615
+79116800617
+79116800619
+79116800622
+79116800623
+79115501956
+79115502054
+79115502339
+79115502381
+79115502467
+79115502484
+79115502645
+79115502708
+79115502722
+79115502752
+79815601059
+79815601070
+79815601079
+79815601090
+79815601097
+79815601098
+79815601112
+79815601113
+79815601114
+79815601115
+79815601059
+79815601070
+79815601079
+79815601090
+79815601097
+79815601098
+79815601112
+79815601113
+79815601114
+79815601115
+79115600870
+79115600871
+79115600874
+79115600875
+79115600893
+79115600895
+79115600902
+79115600906
+79115600912
+79115600913
+79110562584
+79110562587
+79110562601
+79110562602
+79110562603
+79110562604
+79110562605
+79110562606
+79110562607
+79110562608
+79110562584
+79110562587
+79110562601
+79110562602
+79110562603
+79110562604
+79110562605
+79110562606
+79110562607
+79110562608
+79815501184
+79815501324
+79815501325
+79815501365
+79815501387
+79815501410
+79815501484
+79815501696
+79815501720
+79815502001
+79115800358
+79115800753
+79115800793
+79115800876
+79115801113
+79115801114
+79115801116
+79115801117
+79115801118
+79115801119
+79115501956
+79115502054
+79115502339
+79115502381
+79115502467
+79115502484
+79115502645
+79115502708
+79115502722
+79115502752
+79110562584
+79110562587
+79110562601
+79110562602
+79110562603
+79110562604
+79110562605
+79110562606
+79110562607
+79110562608
+79118701120
+79118701128
+79118701131
+79118701156
+79118701191
+79118701241
+79118701249
+79118701250
+79118701266
+79118701292
+79115600870
+79115600871
+79115600874
+79115600875
+79115600893
+79115600895
+79115600902
+79115600906
+79115600912
+79115600913
+79116800592
+79116800594
+79116800596
+79116800612
+79116800613
+79116800615
+79116800617
+79116800619
+79116800622
+79116800623
+79115800358
+79115800753
+79115800793
+79115800876
+79115801113
+79115801114
+79115801116
+79115801117
+79115801118
+79115801119
+79116701186
+79116701759
+79116701873
+79116702558
+79116702672
+79116702791
+79116703092
+79116703331
+79116703336
+79116703879
+79115600870
+79115600871
+79115600874
+79115600875
+79115600893
+79115600895
+79115600902
+79115600906
+79115600912
+79115600913
+79115501956
+79115502054
+79115502339
+79115502381
+79115502467
+79115502484
+79115502645
+79115502708
+79115502722
+79115502752
+79115901118
+79115901377
+79115901405
+79115901437
+79115901518
+79115901635
+79115901643
+79115901684
+79115901716
+79115901889
+79115901118
+79115901377
+79115901405
+79115901437
+79115901518
+79115901635
+79115901643
+79115901684
+79115901716
+79115901889
+79115501956
+79115502054
+79115502339
+79115502381
+79115502467
+79115502484
+79115502645
+79115502708
+79115502722
+79115502752
+79116800592
+79116800594
+79116800596
+79116800612
+79116800613
+79116800615
+79116800617
+79116800619
+79116800622
+79116800623
+79815501184
+79815501324
+79815501325
+79815501365
+79815501387
+79815501410
+79815501484
+79815501696
+79815501720
+79815502001
+79115800358
+79115800753
+79115800793
+79115800876
+79115801113
+79115801114
+79115801116
+79115801117
+79115801118
+79115801119
+79118701120
+79118701128
+79118701131
+79118701156
+79118701191
+79118701241
+79118701249
+79118701250
+79118701266
+79118701292
+79815601059
+79815601070
+79815601079
+79815601090
+79815601097
+79815601098
+79815601112
+79815601113
+79815601114
+79815601115
+79815601059
+79815601070
+79815601079
+79815601090
+79815601097
+79815601098
+79815601112
+79815601113
+79815601114
+79815601115
+79815501184
+79815501324
+79815501325
+79815501365
+79815501387
+79815501410
+79815501484
+79815501696
+79815501720
+79815502001
+79115700325
+79115702362
+79115702839
+79115702935
+79115703176
+79115703383
+79115703428
+79115703782
+79115704041
+79115704545
+79115901118
+79115901377
+79115901405
+79115901437
+79115901518
+79115901635
+79115901643
+79115901684
+79115901716
+79115901889
+79118701120
+79118701128
+79118701131
+79118701156
+79118701191
+79118701241
+79118701249
+79118701250
+79118701266
+79118701292
+79815501184
+79815501324
+79815501325
+79815501365
+79815501387
+79815501410
+79815501484
+79815501696
+79815501720
+79815502001
+79116800592
+79116800594
+79116800596
+79116800612
+79116800613
+79116800615
+79116800617
+79116800619
+79116800622
+79116800623
+79116551687
+79116552184
+79116552218
+79116552488
+79116552553
+79116552558
+79116552727
+79116552755
+79116552855
+79116552930
+79815601059
+79815601070
+79815601079
+79815601090
+79815601097
+79815601098
+79815601112
+79815601113
+79815601114
+79815601115
+79115600870
+79115600871
+79115600874
+79115600875
+79115600893
+79115600895
+79115600902
+79115600906
+79115600912
+79115600913
+79115901118
+79115901377
+79115901405
+79115901437
+79115901518
+79115901635
+79115901643
+79115901684
+79115901716
+79115901889
+79116551687
+79116552184
+79116552218
+79116552488
+79116552553
+79116552558
+79116552727
+79116552755
+79116552855
+79116552930
+79110562584
+79110562587
+79110562601
+79110562602
+79110562603
+79110562604
+79110562605
+79110562606
+79110562607
+79110562608
+79115600870
+79115600871
+79115600874
+79115600875
+79115600893
+79115600895
+79115600902
+79115600906
+79115600912
+79115600913
+79115501956
+79115502054
+79115502339
+79115502381
+79115502467
+79115502484
+79115502645
+79115502708
+79115502722
+79115502752
+79110562519
+79110562523
+79110562559
+79110562567
+79110562584
+79110562587
+79110562601
+79110562602
+79110562603
+79110562604
+79110562519
+79110562523
+79110562559
+79110562567
+79110562584
+79110562587
+79110562601
+79110562602
+79110562603
+79110562604
+79115700325
+79115702362
+79115702839
+79115702935
+79115703176
+79115703383
+79115703428
+79115703782
+79115704041
+79115704545
+79815526766
+79815526788
+79815526845
+79815527289
+79815527761
+79815527762
+79815527790
+79815527792
+79815527796
+79815527800
+79115700325
+79115702362
+79115702839
+79115702935
+79115703176
+79115703383
+79115703428
+79115703782
+79115704041
+79115704545
+79115901118
+79115901377
+79115901405
+79115901437
+79115901518
+79115901635
+79115901643
+79115901684
+79115901716
+79115901889
+79116551687
+79116552184
+79116552218
+79116552488
+79116552553
+79116552558
+79116552727
+79116552755
+79116552855
+79116552930
+79118701120
+79118701128
+79118701131
+79118701156
+79118701191
+79118701241
+79118701249
+79118701250
+79118701266
+79118701292
+79115600870
+79115600871
+79115600874
+79115600875
+79115600893
+79115600895
+79115600902
+79115600906
+79115600912
+79115600913
+79116800592
+79116800594
+79116800596
+79116800612
+79116800613
+79116800615
+79116800617
+79116800619
+79116800622
+79116800623
+79116551687
+79116552184
+79116552218
+79116552488
+79116552553
+79116552558
+79116552727
+79116552755
+79116552855
+79116552930
+79116800592
+79116800594
+79116800596
+79116800612
+79116800613
+79116800615
+79116800617
+79116800619
+79116800622
+79116800623
+79815501184
+79815501324
+79815501325
+79815501365
+79815501387
+79815501410
+79815501484
+79815501696
+79815501720
+79815502001
+79115700325
+79115702362
+79115702839
+79115702935
+79115703176
+79115703383
+79115703428
+79115703782
+79115704041
+79115704545
+79116800592
+79116800594
+79116800596
+79116800612
+79116800613
+79116800615
+79116800617
+79116800619
+79116800622
+79116800623
+79110562519
+79110562523
+79110562559
+79110562567
+79110562584
+79110562587
+79110562601
+79110562602
+79110562603
+79110562604
+79116701186
+79116701759
+79116701873
+79116702558
+79116702672
+79116702791
+79116703092
+79116703331
+79116703336
+79116703879
+79118701120
+79118701128
+79118701131
+79118701156
+79118701191
+79118701241
+79118701249
+79118701250
+79118701266
+79118701292
+79815601059
+79815601070
+79815601079
+79815601090
+79815601097
+79815601098
+79815601112
+79815601113
+79815601114
+79815601115
+79115800358
+79115800753
+79115800793
+79115800876
+79115801113
+79115801114
+79115801116
+79115801117
+79115801118
+79115801119
+79116800592
+79116800594
+79116800596
+79116800612
+79116800613
+79116800615
+79116800617
+79116800619
+79116800622
+79116800623
+79116551687
+79116552184
+79116552218
+79116552488
+79116552553
+79116552558
+79116552727
+79116552755
+79116552855
+79116552930
+79110562519
+79110562523
+79110562559
+79110562567
+79110562584
+79110562587
+79110562601
+79110562602
+79110562603
+79110562604
+79116701186
+79116701759
+79116701873
+79116702558
+79116702672
+79116702791
+79116703092
+79116703331
+79116703336
+79116703879
+79115700325
+79115702362
+79115702839
+79115702935
+79115703176
+79115703383
+79115703428
+79115703782
+79115704041
+79115704545
+79815501184
+79815501324
+79815501325
+79815501365
+79815501387
+79815501410
+79815501484
+79815501696
+79815501720
+79815502001
+79115501956
+79115502054
+79115502339
+79115502381
+79115502467
+79115502484
+79115502645
+79115502708
+79115502722
+79115502752
+79115700325
+79115702362
+79115702839
+79115702935
+79115703176
+79115703383
+79115703428
+79115703782
+79115704041
+79115704545
+79115901118
+79115901377
+79115901405
+79115901437
+79115901518
+79115901635
+79115901643
+79115901684
+79115901716
+79115901889
+79115901118
+79115901377
+79115901405
+79115901437
+79115901518
+79115901635
+79115901643
+79115901684
+79115901716
+79115901889
+79116800592
+79116800594
+79116800596
+79116800612
+79116800613
+79116800615
+79116800617
+79116800619
+79116800622
+79116800623
+79118701120
+79118701128
+79118701131
+79118701156
+79118701191
+79118701241
+79118701249
+79118701250
+79118701266
+79118701292
+79115901118
+79115901377
+79115901405
+79115901437
+79115901518
+79115901635
+79115901643
+79115901684
+79115901716
+79115901889
+79115800358
+79115800753
+79115800793
+79115800876
+79115801113
+79115801114
+79115801116
+79115801117
+79115801118
+79115801119
+79115901118
+79115901377
+79115901405
+79115901437
+79115901518
+79115901635
+79115901643
+79115901684
+79115901716
+79115901889
+79815526766
+79815526788
+79815526845
+79815527289
+79815527761
+79815527762
+79815527790
+79815527792
+79815527796
+79815527800
+79110562519
+79110562523
+79110562559
+79110562567
+79110562584
+79110562587
+79110562601
+79110562602
+79110562603
+79110562604
+79116701186
+79116701759
+79116701873
+79116702558
+79116702672
+79116702791
+79116703092
+79116703331
+79116703336
+79116703879
+79115800358
+79115800753
+79115800793
+79115800876
+79115801113
+79115801114
+79115801116
+79115801117
+79115801118
+79115801119
+79116800592
+79116800594
+79116800596
+79116800612
+79116800613
+79116800615
+79116800617
+79116800619
+79116800622
+79116800623
+79115901118
+79115901377
+79115901405
+79115901437
+79115901518
+79115901635
+79115901643
+79115901684
+79115901716
+79115901889
+79116701186
+79116701759
+79116701873
+79116702558
+79116702672
+79116702791
+79116703092
+79116703331
+79116703336
+79116703879
+79118701120
+79118701128
+79118701131
+79118701156
+79118701191
+79118701241
+79118701249
+79118701250
+79118701266
+79118701292
+79110562519
+79110562523
+79110562559
+79110562567
+79110562584
+79110562587
+79110562601
+79110562602
+79110562603
+79110562604
+79116800592
+79116800594
+79116800596
+79116800612
+79116800613
+79116800615
+79116800617
+79116800619
+79116800622
+79116800623
+79815601059
+79815601070
+79815601079
+79815601090
+79815601097
+79815601098
+79815601112
+79815601113
+79815601114
+79815601115
+79815501184
+79815501324
+79815501325
+79815501365
+79815501387
+79815501410
+79815501484
+79815501696
+79815501720
+79815502001
+79115800358
+79115800753
+79115800793
+79115800876
+79115801113
+79115801114
+79115801116
+79115801117
+79115801118
+79115801119
+79116800592
+79116800594
+79116800596
+79116800612
+79116800613
+79116800615
+79116800617
+79116800619
+79116800622
+79116800623
+79115600870
+79115600871
+79115600874
+79115600875
+79115600893
+79115600895
+79115600902
+79115600906
+79115600912
+79115600913
+79115800358
+79115800753
+79115800793
+79115800876
+79115801113
+79115801114
+79115801116
+79115801117
+79115801118
+79115801119
+79116800592
+79116800594
+79116800596
+79116800612
+79116800613
+79116800615
+79116800617
+79116800619
+79116800622
+79116800623
+79115700325
+79115702362
+79115702839
+79115702935
+79115703176
+79115703383
+79115703428
+79115703782
+79115704041
+79115704545
+79115700325
+79115702362
+79115702839
+79115702935
+79115703176
+79115703383
+79115703428
+79115703782
+79115704041
+79115704545
+79115501956
+79115502054
+79115502339
+79115502381
+79115502467
+79115502484
+79115502645
+79115502708
+79115502722
+79115502752
+79815501184
+79815501324
+79815501325
+79815501365
+79815501387
+79815501410
+79815501484
+79815501696
+79815501720
+79815502001
+79115800358
+79115800753
+79115800793
+79115800876
+79115801113
+79115801114
+79115801116
+79115801117
+79115801118
+79115801119
+79115501956
+79115502054
+79115502339
+79115502381
+79115502467
+79115502484
+79115502645
+79115502708
+79115502722
+79115502752
+79115901118
+79115901377
+79115901405
+79115901437
+79115901518
+79115901635
+79115901643
+79115901684
+79115901716
+79115901889
+79815526766
+79815526788
+79815526845
+79815527289
+79815527761
+79815527762
+79815527790
+79815527792
+79815527796
+79815527800
+79115600870
+79115600871
+79115600874
+79115600875
+79115600893
+79115600895
+79115600902
+79115600906
+79115600912
+79115600913
+79118701120
+79118701128
+79118701131
+79118701156
+79118701191
+79118701241
+79118701249
+79118701250
+79118701266
+79118701292
+79115501956
+79115502054
+79115502339
+79115502381
+79115502467
+79115502484
+79115502645
+79115502708
+79115502722
+79115502752
+79110562519
+79110562523
+79110562559
+79110562567
+79110562584
+79110562587
+79110562601
+79110562602
+79110562603
+79110562604
+79116701186
+79116701759
+79116701873
+79116702558
+79116702672
+79116702791
+79116703092
+79116703331
+79116703336
+79116703879
+79116553592
+79116553607
+79116553610
+79116553751
+79116553816
+79116553820
+79116553867
+79116553955
+79116553988
+79116554046
+79815526766
+79815526788
+79815526845
+79815527289
+79815527761
+79815527762
+79815527790
+79815527792
+79815527796
+79815527800
+79116701186
+79116701759
+79116701873
+79116702558
+79116702672
+79116702791
+79116703092
+79116703331
+79116703336
+79116703879
+79115600870
+79115600871
+79115600874
+79115600875
+79115600893
+79115600895
+79115600902
+79115600906
+79115600912
+79115600913
+79115600870
+79115600871
+79115600874
+79115600875
+79115600893
+79115600895
+79115600902
+79115600906
+79115600912
+79115600913
+79116553592
+79116553607
+79116553610
+79116553751
+79116553816
+79116553820
+79116553867
+79116553955
+79116553988
+79116554046
+79110562519
+79110562523
+79110562559
+79110562567
+79110562584
+79110562587
+79110562601
+79110562602
+79110562603
+79110562604
+79115600870
+79115600871
+79115600874
+79115600875
+79115600893
+79115600895
+79115600902
+79115600906
+79115600912
+79115600913
+79115901118
+79115901377
+79115901405
+79115901437
+79115901518
+79115901635
+79115901643
+79115901684
+79115901716
+79115901889
+79118701120
+79118701128
+79118701131
+79118701156
+79118701191
+79118701241
+79118701249
+79118701250
+79118701266
+79118701292
+79115700325
+79115702362
+79115702839
+79115702935
+79115703176
+79115703383
+79115703428
+79115703782
+79115704041
+79115704545
+79110562519
+79110562523
+79110562559
+79110562567
+79110562584
+79110562587
+79110562601
+79110562602
+79110562603
+79110562604
+79110562519
+79110562523
+79110562559
+79110562567
+79110562584
+79110562587
+79110562601
+79110562602
+79110562603
+79110562604
+79815501184
+79815501324
+79815501325
+79815501365
+79815501387
+79815501410
+79815501484
+79815501696
+79815501720
+79815502001
+79116701186
+79116701759
+79116701873
+79116702558
+79116702672
+79116702791
+79116703092
+79116703331
+79116703336
+79116703879
+79116553592
+79116553607
+79116553610
+79116553751
+79116553816
+79116553820
+79116553867
+79116553955
+79116553988
+79116554046
+79815501184
+79815501324
+79815501325
+79815501365
+79815501387
+79815501410
+79815501484
+79815501696
+79815501720
+79815502001
+79116800592
+79116800594
+79116800596
+79116800612
+79116800613
+79116800615
+79116800617
+79116800619
+79116800622
+79116800623
+79115501956
+79115502054
+79115502339
+79115502381
+79115502467
+79115502484
+79115502645
+79115502708
+79115502722
+79115502752
+79116701186
+79116701759
+79116701873
+79116702558
+79116702672
+79116702791
+79116703092
+79116703331
+79116703336
+79116703879
+79815601059
+79815601070
+79815601079
+79815601090
+79815601097
+79815601098
+79815601112
+79815601113
+79815601114
+79815601115
+79110562519
+79110562523
+79110562559
+79110562567
+79110562584
+79110562587
+79110562601
+79110562602
+79110562603
+79110562604
+79815501184
+79815501324
+79815501325
+79815501365
+79815501387
+79815501410
+79815501484
+79815501696
+79815501720
+79815502001
+79116701186
+79116701759
+79116701873
+79116702558
+79116702672
+79116702791
+79116703092
+79116703331
+79116703336
+79116703879
+79115600870
+79115600871
+79115600874
+79115600875
+79115600893
+79115600895
+79115600902
+79115600906
+79115600912
+79115600913
+79116800592
+79116800594
+79116800596
+79116800612
+79116800613
+79116800615
+79116800617
+79116800619
+79116800622
+79116800623
+79815501184
+79815501324
+79815501325
+79815501365
+79815501387
+79815501410
+79815501484
+79815501696
+79815501720
+79815502001
+79815501184
+79815501324
+79815501325
+79815501365
+79815501387
+79815501410
+79815501484
+79815501696
+79815501720
+79815502001
+79115501956
+79115502054
+79115502339
+79115502381
+79115502467
+79115502484
+79115502645
+79115502708
+79115502722
+79115502752
+79815526766
+79815526788
+79815526845
+79815527289
+79815527761
+79815527762
+79815527790
+79815527792
+79815527796
+79815527800
+79815526766
+79815526788
+79815526845
+79815527289
+79815527761
+79815527762
+79815527790
+79815527792
+79815527796
+79815527800
+79118701120
+79118701128
+79118701131
+79118701156
+79118701191
+79118701241
+79118701249
+79118701250
+79118701266
+79118701292
+79815526766
+79815526788
+79815526845
+79815527289
+79815527761
+79815527762
+79815527790
+79815527792
+79815527796
+79815527800
+79116800592
+79116800594
+79116800596
+79116800612
+79116800613
+79116800615
+79116800617
+79116800619
+79116800622
+79116800623
+79815501184
+79815501324
+79815501325
+79815501365
+79815501387
+79815501410
+79815501484
+79815501696
+79815501720
+79815502001
+79110562519
+79110562523
+79110562559
+79110562567
+79110562584
+79110562587
+79110562601
+79110562602
+79110562603
+79110562604
+79115600870
+79115600871
+79115600874
+79115600875
+79115600893
+79115600895
+79115600902
+79115600906
+79115600912
+79115600913
+79115800358
+79115800753
+79115800793
+79115800876
+79115801113
+79115801114
+79115801116
+79115801117
+79115801118
+79115801119
+79115700325
+79115702362
+79115702839
+79115702935
+79115703176
+79115703383
+79115703428
+79115703782
+79115704041
+79115704545
+79115800358
+79115800753
+79115800793
+79115800876
+79115801113
+79115801114
+79115801116
+79115801117
+79115801118
+79115801119
+79115600870
+79115600871
+79115600874
+79115600875
+79115600893
+79115600895
+79115600902
+79115600906
+79115600912
+79115600913
+79115901118
+79115901377
+79115901405
+79115901437
+79115901518
+79115901635
+79115901643
+79115901684
+79115901716
+79115901889
+79116553592
+79116553607
+79116553610
+79116553751
+79116553816
+79116553820
+79116553867
+79116553955
+79116553988
+79116554046
+79115501956
+79115502054
+79115502339
+79115502381
+79115502467
+79115502484
+79115502645
+79115502708
+79115502722
+79115502752
+79815526766
+79815526788
+79815526845
+79815527289
+79815527761
+79815527762
+79815527790
+79815527792
+79815527796
+79815527800
+79110562519
+79110562523
+79110562559
+79110562567
+79110562584
+79110562587
+79110562601
+79110562602
+79110562603
+79110562604
+79115800358
+79115800753
+79115800793
+79115800876
+79115801113
+79115801114
+79115801116
+79115801117
+79115801118
+79115801119
+79116701186
+79116701759
+79116701873
+79116702558
+79116702672
+79116702791
+79116703092
+79116703331
+79116703336
+79116703879
+79116701186
+79116701759
+79116701873
+79116702558
+79116702672
+79116702791
+79116703092
+79116703331
+79116703336
+79116703879
+79115600870
+79115600871
+79115600874
+79115600875
+79115600893
+79115600895
+79115600902
+79115600906
+79115600912
+79115600913
+79116553592
+79116553607
+79116553610
+79116553751
+79116553816
+79116553820
+79116553867
+79116553955
+79116553988
+79116554046
+79815601059
+79815601070
+79815601079
+79815601090
+79815601097
+79815601098
+79815601112
+79815601113
+79815601114
+79815601115
+79115501956
+79115502054
+79115502339
+79115502381
+79115502467
+79115502484
+79115502645
+79115502708
+79115502722
+79115502752
+79118701120
+79118701128
+79118701131
+79118701156
+79118701191
+79118701241
+79118701249
+79118701250
+79118701266
+79118701292
+79116701186
+79116701759
+79116701873
+79116702558
+79116702672
+79116702791
+79116703092
+79116703331
+79116703336
+79116703879
+79116553592
+79116553607
+79116553610
+79116553751
+79116553816
+79116553820
+79116553867
+79116553955
+79116553988
+79116554046
+79815601059
+79815601070
+79815601079
+79815601090
+79815601097
+79815601098
+79815601112
+79815601113
+79815601114
+79815601115
+79118701120
+79118701128
+79118701131
+79118701156
+79118701191
+79118701241
+79118701249
+79118701250
+79118701266
+79118701292
+79115901118
+79115901377
+79115901405
+79115901437
+79115901518
+79115901635
+79115901643
+79115901684
+79115901716
+79115901889
+79115901118
+79115901377
+79115901405
+79115901437
+79115901518
+79115901635
+79115901643
+79115901684
+79115901716
+79115901889
+79115600870
+79115600871
+79115600874
+79115600875
+79115600893
+79115600895
+79115600902
+79115600906
+79115600912
+79115600913
+79116553592
+79116553607
+79116553610
+79116553751
+79116553816
+79116553820
+79116553867
+79116553955
+79116553988
+79116554046
+79815526766
+79815526788
+79815526845
+79815527289
+79815527761
+79815527762
+79815527790
+79815527792
+79815527796
+79815527800
+79116800592
+79116800594
+79116800596
+79116800612
+79116800613
+79116800615
+79116800617
+79116800619
+79116800622
+79116800623
+79815501184
+79815501324
+79815501325
+79815501365
+79815501387
+79815501410
+79815501484
+79815501696
+79815501720
+79815502001
+79115901118
+79115901377
+79115901405
+79115901437
+79115901518
+79115901635
+79115901643
+79115901684
+79115901716
+79115901889
+79815526766
+79815526788
+79815526845
+79815527289
+79815527761
+79815527762
+79815527790
+79815527792
+79815527796
+79815527800
+79118701120
+79118701128
+79118701131
+79118701156
+79118701191
+79118701241
+79118701249
+79118701250
+79118701266
+79118701292
+79815526766
+79815526788
+79815526845
+79815527289
+79815527761
+79815527762
+79815527790
+79815527792
+79815527796
+79815527800
+79116701186
+79116701759
+79116701873
+79116702558
+79116702672
+79116702791
+79116703092
+79116703331
+79116703336
+79116703879
+79815526766
+79815526788
+79815526845
+79815527289
+79815527761
+79815527762
+79815527790
+79815527792
+79815527796
+79815527800
+79815501184
+79815501324
+79815501325
+79815501365
+79815501387
+79815501410
+79815501484
+79815501696
+79815501720
+79815502001
+79815526766
+79815526788
+79815526845
+79815527289
+79815527761
+79815527762
+79815527790
+79815527792
+79815527796
+79815527800
+79115700325
+79115702362
+79115702839
+79115702935
+79115703176
+79115703383
+79115703428
+79115703782
+79115704041
+79115704545
+79116701186
+79116701759
+79116701873
+79116702558
+79116702672
+79116702791
+79116703092
+79116703331
+79116703336
+79116703879
+79115501956
+79115502054
+79115502339
+79115502381
+79115502467
+79115502484
+79115502645
+79115502708
+79115502722
+79115502752
+79110562519
+79110562523
+79110562559
+79110562567
+79110562584
+79110562587
+79110562601
+79110562602
+79110562603
+79110562604
+79815526766
+79815526788
+79815526845
+79815527289
+79815527761
+79815527762
+79815527790
+79815527792
+79815527796
+79815527800
+79115700325
+79115702362
+79115702839
+79115702935
+79115703176
+79115703383
+79115703428
+79115703782
+79115704041
+79115704545
+79115600870
+79115600871
+79115600874
+79115600875
+79115600893
+79115600895
+79115600902
+79115600906
+79115600912
+79115600913
+79110562519
+79110562523
+79110562559
+79110562567
+79110562584
+79110562587
+79110562601
+79110562602
+79110562603
+79110562604
+79815601059
+79815601070
+79815601079
+79815601090
+79815601097
+79815601098
+79815601112
+79815601113
+79815601114
+79815601115
+79815501184
+79815501324
+79815501325
+79815501365
+79815501387
+79815501410
+79815501484
+79815501696
+79815501720
+79815502001
+79815601059
+79815601070
+79815601079
+79815601090
+79815601097
+79815601098
+79815601112
+79815601113
+79815601114
+79815601115
+79815501184
+79815501324
+79815501325
+79815501365
+79815501387
+79815501410
+79815501484
+79815501696
+79815501720
+79815502001
+79815526766
+79815526788
+79815526845
+79815527289
+79815527761
+79815527762
+79815527790
+79815527792
+79815527796
+79815527800
+79116800592
+79116800594
+79116800596
+79116800612
+79116800613
+79116800615
+79116800617
+79116800619
+79116800622
+79116800623
+79815501184
+79815501324
+79815501325
+79815501365
+79815501387
+79815501410
+79815501484
+79815501696
+79815501720
+79815502001
+79815601059
+79815601070
+79815601079
+79815601090
+79815601097
+79815601098
+79815601112
+79815601113
+79815601114
+79815601115
+79115501956
+79115502054
+79115502339
+79115502381
+79115502467
+79115502484
+79115502645
+79115502708
+79115502722
+79115502752
+79110562519
+79110562523
+79110562559
+79110562567
+79110562584
+79110562587
+79110562601
+79110562602
+79110562603
+79110562604
+79815501184
+79815501324
+79815501325
+79815501365
+79815501387
+79815501410
+79815501484
+79815501696
+79815501720
+79815502001
+79115600870
+79115600871
+79115600874
+79115600875
+79115600893
+79115600895
+79115600902
+79115600906
+79115600912
+79115600913
+79115700325
+79115702362
+79115702839
+79115702935
+79115703176
+79115703383
+79115703428
+79115703782
+79115704041
+79115704545
+79118701120
+79118701128
+79118701131
+79118701156
+79118701191
+79118701241
+79118701249
+79118701250
+79118701266
+79118701292
+79115501956
+79115502054
+79115502339
+79115502381
+79115502467
+79115502484
+79115502645
+79115502708
+79115502722
+79115502752
+79116701186
+79116701759
+79116701873
+79116702558
+79116702672
+79116702791
+79116703092
+79116703331
+79116703336
+79116703879
+79815601059
+79815601070
+79815601079
+79815601090
+79815601097
+79815601098
+79815601112
+79815601113
+79815601114
+79815601115
+79115600870
+79115600871
+79115600874
+79115600875
+79115600893
+79115600895
+79115600902
+79115600906
+79115600912
+79115600913
+79116553592
+79116553607
+79116553610
+79116553751
+79116553816
+79116553820
+79116553867
+79116553955
+79116553988
+79116554046
+79116553592
+79116553607
+79116553610
+79116553751
+79116553816
+79116553820
+79116553867
+79116553955
+79116553988
+79116554046
+79116800592
+79116800594
+79116800596
+79116800612
+79116800613
+79116800615
+79116800617
+79116800619
+79116800622
+79116800623
+79815526766
+79815526788
+79815526845
+79815527289
+79815527761
+79815527762
+79815527790
+79815527792
+79815527796
+79815527800
+79115901118
+79115901377
+79115901405
+79115901437
+79115901518
+79115901635
+79115901643
+79115901684
+79115901716
+79115901889
+79110562519
+79110562523
+79110562559
+79110562567
+79110562584
+79110562587
+79110562601
+79110562602
+79110562603
+79110562604
+79116553592
+79116553607
+79116553610
+79116553751
+79116553816
+79116553820
+79116553867
+79116553955
+79116553988
+79116554046
+79116800592
+79116800594
+79116800596
+79116800612
+79116800613
+79116800615
+79116800617
+79116800619
+79116800622
+79116800623
+79116553592
+79116553607
+79116553610
+79116553751
+79116553816
+79116553820
+79116553867
+79116553955
+79116553988
+79116554046
+79118701120
+79118701128
+79118701131
+79118701156
+79118701191
+79118701241
+79118701249
+79118701250
+79118701266
+79118701292
+79115700325
+79115702362
+79115702839
+79115702935
+79115703176
+79115703383
+79115703428
+79115703782
+79115704041
+79115704545
+79115501956
+79115502054
+79115502339
+79115502381
+79115502467
+79115502484
+79115502645
+79115502708
+79115502722
+79115502752
+79116800592
+79116800594
+79116800596
+79116800612
+79116800613
+79116800615
+79116800617
+79116800619
+79116800622
+79116800623
+79116800592
+79116800594
+79116800596
+79116800612
+79116800613
+79116800615
+79116800617
+79116800619
+79116800622
+79116800623
+79115600870
+79115600871
+79115600874
+79115600875
+79115600893
+79115600895
+79115600902
+79115600906
+79115600912
+79115600913
+79116553592
+79116553607
+79116553610
+79116553751
+79116553816
+79116553820
+79116553867
+79116553955
+79116553988
+79116554046
+79116701186
+79116701759
+79116701873
+79116702558
+79116702672
+79116702791
+79116703092
+79116703331
+79116703336
+79116703879
+79116553592
+79116553607
+79116553610
+79116553751
+79116553816
+79116553820
+79116553867
+79116553955
+79116553988
+79116554046
+79115700325
+79115702362
+79115702839
+79115702935
+79115703176
+79115703383
+79115703428
+79115703782
+79115704041
+79115704545
+79115600870
+79115600871
+79115600874
+79115600875
+79115600893
+79115600895
+79115600902
+79115600906
+79115600912
+79115600913
+79118701120
+79118701128
+79118701131
+79118701156
+79118701191
+79118701241
+79118701249
+79118701250
+79118701266
+79118701292
+79815501184
+79815501324
+79815501325
+79815501365
+79815501387
+79815501410
+79815501484
+79815501696
+79815501720
+79815502001
+79115901118
+79115901377
+79115901405
+79115901437
+79115901518
+79115901635
+79115901643
+79115901684
+79115901716
+79115901889
+79115800753
+79115800793
+79115800876
+79115801113
+79115801114
+79115801116
+79115801117
+79115801118
+79115801119
+79115801338
+79815501184
+79815501324
+79815501325
+79815501365
+79815501387
+79815501410
+79815501484
+79815501696
+79815501720
+79815502001
+79115600870
+79115600871
+79115600874
+79115600875
+79115600893
+79115600895
+79115600902
+79115600906
+79115600912
+79115600913
+79815501184
+79815501324
+79815501325
+79815501365
+79815501387
+79815501410
+79815501484
+79815501696
+79815501720
+79815502001
+79116701186
+79116701759
+79116701873
+79116702558
+79116702672
+79116702791
+79116703092
+79116703331
+79116703336
+79116703879
+79116553592
+79116553607
+79116553610
+79116553751
+79116553816
+79116553820
+79116553867
+79116553955
+79116553988
+79116554046
+79815526766
+79815526788
+79815526845
+79815527289
+79815527761
+79815527762
+79815527790
+79815527792
+79815527796
+79815527800
+79115700325
+79115702362
+79115702839
+79115702935
+79115703176
+79115703383
+79115703428
+79115703782
+79115704041
+79115704545
+79115901118
+79115901377
+79115901405
+79115901437
+79115901518
+79115901635
+79115901643
+79115901684
+79115901716
+79115901889
+79115901118
+79115901377
+79115901405
+79115901437
+79115901518
+79115901635
+79115901643
+79115901684
+79115901716
+79115901889
+79115600870
+79115600871
+79115600874
+79115600875
+79115600893
+79115600895
+79115600902
+79115600906
+79115600912
+79115600913
+79115600870
+79115600871
+79115600874
+79115600875
+79115600893
+79115600895
+79115600902
+79115600906
+79115600912
+79115600913
+79115501956
+79115502054
+79115502339
+79115502381
+79115502467
+79115502484
+79115502645
+79115502708
+79115502722
+79115502752
+79115700325
+79115702362
+79115702839
+79115702935
+79115703176
+79115703383
+79115703428
+79115703782
+79115704041
+79115704545
+79115700325
+79115702362
+79115702839
+79115702935
+79115703176
+79115703383
+79115703428
+79115703782
+79115704041
+79115704545
+79115600870
+79115600871
+79115600874
+79115600875
+79115600893
+79115600895
+79115600902
+79115600906
+79115600912
+79115600913
+79116701186
+79116701759
+79116701873
+79116702558
+79116702672
+79116702791
+79116703092
+79116703331
+79116703336
+79116703879
+79115700325
+79115702362
+79115702839
+79115702935
+79115703176
+79115703383
+79115703428
+79115703782
+79115704041
+79115704545
+79115901118
+79115901377
+79115901405
+79115901437
+79115901518
+79115901635
+79115901643
+79115901684
+79115901716
+79115901889
