+79880706785
+79885950690
+79880705871
+79885902874
+79880706954
+79897900518
+79885902894
+79885902959
+79171902413
+79170812897
+79886000835
+79170812258
+79886001231
+79170900106
+79171906406
+79171704592
+79885902881
+79170808192
+79885902902
+79170808205
+79881700399
+79897900794
+79171704587
+79897900913
+79880702283
+79171904743
+79880600639
+79170808179
+79897900792
+79170812567
+79170899152
+79171704584
+79896800615
+79880600898
+79886001229
+79896800601
+79170808168
+79885900958
+79886001230
+79886001216
+79896800521
+79170812158
+79170899067
+79880600947
+79171702511
+79897900461
+79897900510
+79881700079
+79170899095
+79170808203
+79880706388
+79880706510
+79170812915
+79171704583
+79885902979
+79171906407
+79171903836
+79885950701
+79897900786
+79881700398
+79170900258
+79171704597
+79881700405
+79897900063
+79170812157
+79885950629
+79170900471
+79885902948
+79885902882
+79897900586
+79896800532
+79171802378
+79897900172
+79171805019
+79170812146
+79880707298
+79885950687
+79886001224
+79170899149
+79170901008
+79171805024
+79171906408
+79885950516
+79171804147
+79170899043
+79880601002
+79880707304
+79880601039
+79886001145
+79881700087
+79885950631
+79886001219
+79896800457
+79896800516
+79171904847
+79170812186
+79171701916
+79171704585
+79171902379
+79170900682
+79885950639
+79170899042
+79885950632
+79170808204
+79885950680
+79881700091
+79170901134
+79170812855
+79170808176
+79170812688
+79881700397
+79880600987
+79170808194
+79171805023
+79170808201
+79171805026
+79171803658
+79170900518
+79170901094
+79171805022
+79896800361
+79171803806
+79170899104
+79170899073
+79171906405
+79880600839
+79170899036
+79885950630
+79170900507
+79170899061
+79885902888
+79881700074
+79170900582
+79896800368
+79170808172
+79886001226
+79170900861
+79880600467
+79896800351
+79171702018
+79880706856
+79171704586
+79171804380
+79881700401
+79171704589
+79881700403
+79886000637
+79896800343
+79171906412
+79880600456
+79880707299
+79880601073
