+79170900106
+79170900258
+79170900471
+79170900507
+79170900518
+79170900582
+79170900682
+79170900861
+79170901008
+79170901094
+79880600456
+79880600467
+79880600639
+79880600839
+79880600898
+79880600947
+79880600987
+79880601002
+79880601039
+79880601073
+79885950516
+79885950629
+79885950630
+79885950631
+79885950632
+79885950639
+79885950680
+79885950687
+79885950690
+79885950701
+79886000637
+79886000835
+79886001145
+79886001216
+79886001219
+79886001224
+79886001226
+79886001229
+79886001230
+79886001231
+79171902379
+79171902413
+79171903836
+79171904743
+79171904847
+79171906405
+79171906406
+79171906407
+79171906408
+79171906412
+79897900063
+79897900172
+79897900461
+79897900510
+79897900518
+79897900586
+79897900786
+79897900792
+79897900794
+79897900913
+79170900106
+79170900258
+79170900471
+79170900507
+79170900518
+79170900582
+79170900682
+79170900861
+79170901008
+79170901094
+79896800343
+79896800351
+79896800361
+79896800368
+79896800457
+79896800516
+79896800521
+79896800532
+79896800601
+79896800615
+79171802378
+79171803658
+79171803806
+79171804147
+79171804380
+79171805019
+79171805022
+79171805023
+79171805024
+79171805026
+79170900106
+79170900258
+79170900471
+79170900507
+79170900518
+79170900582
+79170900682
+79170900861
+79170901008
+79170901094
+79881700074
+79881700079
+79881700087
+79881700091
+79881700397
+79881700398
+79881700399
+79881700401
+79881700403
+79881700405
+79880600456
+79880600467
+79880600639
+79880600839
+79880600898
+79880600947
+79880600987
+79880601002
+79880601039
+79880601073
+79170812146
+79170812157
+79170812158
+79170812186
+79170812258
+79170812567
+79170812688
+79170812855
+79170812897
+79170812915
+79885900958
+79885902874
+79885902881
+79885902882
+79885902888
+79885902894
+79885902902
+79885902948
+79885902959
+79885902979
+79171701916
+79171702018
+79171702511
+79171704583
+79171704584
+79171704585
+79171704586
+79171704587
+79171704589
+79171704592
+79885950516
+79885950629
+79885950630
+79885950631
+79885950632
+79885950639
+79885950680
+79885950687
+79885950690
+79885950701
+79881700074
+79881700079
+79881700087
+79881700091
+79881700397
+79881700398
+79881700399
+79881700401
+79881700403
+79881700405
+79170808168
+79170808172
+79170808176
+79170808179
+79170808192
+79170808194
+79170808201
+79170808203
+79170808204
+79170808205
+79881700074
+79881700079
+79881700087
+79881700091
+79881700397
+79881700398
+79881700399
+79881700401
+79881700403
+79881700405
+79170899036
+79170899042
+79170899043
+79170899061
+79170899067
+79170899073
+79170899095
+79170899104
+79170899149
+79170899152
+79880702283
+79880705871
+79880706388
+79880706510
+79880706785
+79880706856
+79880706954
+79880707298
+79880707299
+79880707304
+79885900958
+79885902874
+79885902881
+79885902882
+79885902888
+79885902894
+79885902902
+79885902948
+79885902959
+79885902979
+79885950516
+79885950629
+79885950630
+79885950631
+79885950632
+79885950639
+79885950680
+79885950687
+79885950690
+79885950701
+79881700074
+79881700079
+79881700087
+79881700091
+79881700397
+79881700398
+79881700399
+79881700401
+79881700403
+79881700405
+79171802378
+79171803658
+79171803806
+79171804147
+79171804380
+79171805019
+79171805022
+79171805023
+79171805024
+79171805026
+79170812146
+79170812157
+79170812158
+79170812186
+79170812258
+79170812567
+79170812688
+79170812855
+79170812897
+79170812915
+79896800343
+79896800351
+79896800361
+79896800368
+79896800457
+79896800516
+79896800521
+79896800532
+79896800601
+79896800615
+79171902379
+79171902413
+79171903836
+79171904743
+79171904847
+79171906405
+79171906406
+79171906407
+79171906408
+79171906412
+79170812146
+79170812157
+79170812158
+79170812186
+79170812258
+79170812567
+79170812688
+79170812855
+79170812897
+79170812915
+79171902379
+79171902413
+79171903836
+79171904743
+79171904847
+79171906405
+79171906406
+79171906407
+79171906408
+79171906412
+79170899036
+79170899042
+79170899043
+79170899061
+79170899067
+79170899073
+79170899095
+79170899104
+79170899149
+79170899152
+79897900063
+79897900172
+79897900461
+79897900510
+79897900518
+79897900586
+79897900786
+79897900792
+79897900794
+79897900913
+79170808168
+79170808172
+79170808176
+79170808179
+79170808192
+79170808194
+79170808201
+79170808203
+79170808204
+79170808205
+79885950516
+79885950629
+79885950630
+79885950631
+79885950632
+79885950639
+79885950680
+79885950687
+79885950690
+79885950701
+79885900958
+79885902874
+79885902881
+79885902882
+79885902888
+79885902894
+79885902902
+79885902948
+79885902959
+79885902979
+79897900063
+79897900172
+79897900461
+79897900510
+79897900518
+79897900586
+79897900786
+79897900792
+79897900794
+79897900913
+79171902379
+79171902413
+79171903836
+79171904743
+79171904847
+79171906405
+79171906406
+79171906407
+79171906408
+79171906412
+79881700074
+79881700079
+79881700087
+79881700091
+79881700397
+79881700398
+79881700399
+79881700401
+79881700403
+79881700405
+79885900958
+79885902874
+79885902881
+79885902882
+79885902888
+79885902894
+79885902902
+79885902948
+79885902959
+79885902979
+79885900958
+79885902874
+79885902881
+79885902882
+79885902888
+79885902894
+79885902902
+79885902948
+79885902959
+79885902979
+79896800343
+79896800351
+79896800361
+79896800368
+79896800457
+79896800516
+79896800521
+79896800532
+79896800601
+79896800615
+79880702283
+79880705871
+79880706388
+79880706510
+79880706785
+79880706856
+79880706954
+79880707298
+79880707299
+79880707304
+79880600456
+79880600467
+79880600639
+79880600839
+79880600898
+79880600947
+79880600987
+79880601002
+79880601039
+79880601073
+79886000637
+79886000835
+79886001145
+79886001216
+79886001219
+79886001224
+79886001226
+79886001229
+79886001230
+79886001231
+79170899036
+79170899042
+79170899043
+79170899061
+79170899067
+79170899073
+79170899095
+79170899104
+79170899149
+79170899152
+79171702018
+79171702511
+79171704583
+79171704584
+79171704585
+79171704586
+79171704587
+79171704589
+79171704592
+79171704597
+79170900106
+79170900258
+79170900471
+79170900507
+79170900518
+79170900582
+79170900682
+79170900861
+79170901008
+79170901094
+79170899036
+79170899042
+79170899043
+79170899061
+79170899067
+79170899073
+79170899095
+79170899104
+79170899149
+79170899152
+79171702018
+79171702511
+79171704583
+79171704584
+79171704585
+79171704586
+79171704587
+79171704589
+79171704592
+79171704597
+79885900958
+79885902874
+79885902881
+79885902882
+79885902888
+79885902894
+79885902902
+79885902948
+79885902959
+79885902979
+79886000637
+79886000835
+79886001145
+79886001216
+79886001219
+79886001224
+79886001226
+79886001229
+79886001230
+79886001231
+79896800343
+79896800351
+79896800361
+79896800368
+79896800457
+79896800516
+79896800521
+79896800532
+79896800601
+79896800615
+79170812146
+79170812157
+79170812158
+79170812186
+79170812258
+79170812567
+79170812688
+79170812855
+79170812897
+79170812915
+79881700074
+79881700079
+79881700087
+79881700091
+79881700397
+79881700398
+79881700399
+79881700401
+79881700403
+79881700405
+79896800343
+79896800351
+79896800361
+79896800368
+79896800457
+79896800516
+79896800521
+79896800532
+79896800601
+79896800615
+79881700074
+79881700079
+79881700087
+79881700091
+79881700397
+79881700398
+79881700399
+79881700401
+79881700403
+79881700405
+79881700074
+79881700079
+79881700087
+79881700091
+79881700397
+79881700398
+79881700399
+79881700401
+79881700403
+79881700405
+79896800343
+79896800351
+79896800361
+79896800368
+79896800457
+79896800516
+79896800521
+79896800532
+79896800601
+79896800615
+79896800343
+79896800351
+79896800361
+79896800368
+79896800457
+79896800516
+79896800521
+79896800532
+79896800601
+79896800615
+79171802378
+79171803658
+79171803806
+79171804147
+79171804380
+79171805019
+79171805022
+79171805023
+79171805024
+79171805026
+79885900958
+79885902874
+79885902881
+79885902882
+79885902888
+79885902894
+79885902902
+79885902948
+79885902959
+79885902979
+79885900958
+79885902874
+79885902881
+79885902882
+79885902888
+79885902894
+79885902902
+79885902948
+79885902959
+79885902979
+79880600456
+79880600467
+79880600639
+79880600839
+79880600898
+79880600947
+79880600987
+79880601002
+79880601039
+79880601073
+79171702018
+79171702511
+79171704583
+79171704584
+79171704585
+79171704586
+79171704587
+79171704589
+79171704592
+79171704597
+79897900063
+79897900172
+79897900461
+79897900510
+79897900518
+79897900586
+79897900786
+79897900792
+79897900794
+79897900913
+79897900063
+79897900172
+79897900461
+79897900510
+79897900518
+79897900586
+79897900786
+79897900792
+79897900794
+79897900913
+79171702018
+79171702511
+79171704583
+79171704584
+79171704585
+79171704586
+79171704587
+79171704589
+79171704592
+79171704597
+79896800343
+79896800351
+79896800361
+79896800368
+79896800457
+79896800516
+79896800521
+79896800532
+79896800601
+79896800615
+79170808168
+79170808172
+79170808176
+79170808179
+79170808192
+79170808194
+79170808201
+79170808203
+79170808204
+79170808205
+79897900063
+79897900172
+79897900461
+79897900510
+79897900518
+79897900586
+79897900786
+79897900792
+79897900794
+79897900913
+79170808168
+79170808172
+79170808176
+79170808179
+79170808192
+79170808194
+79170808201
+79170808203
+79170808204
+79170808205
+79170899036
+79170899042
+79170899043
+79170899061
+79170899067
+79170899073
+79170899095
+79170899104
+79170899149
+79170899152
+79171802378
+79171803658
+79171803806
+79171804147
+79171804380
+79171805019
+79171805022
+79171805023
+79171805024
+79171805026
+79170812146
+79170812157
+79170812158
+79170812186
+79170812258
+79170812567
+79170812688
+79170812855
+79170812897
+79170812915
+79885950516
+79885950629
+79885950630
+79885950631
+79885950632
+79885950639
+79885950680
+79885950687
+79885950690
+79885950701
+79886000637
+79886000835
+79886001145
+79886001216
+79886001219
+79886001224
+79886001226
+79886001229
+79886001230
+79886001231
+79880702283
+79880705871
+79880706388
+79880706510
+79880706785
+79880706856
+79880706954
+79880707298
+79880707299
+79880707304
+79170900106
+79170900258
+79170900471
+79170900507
+79170900518
+79170900582
+79170900682
+79170900861
+79170901008
+79170901094
+79885950516
+79885950629
+79885950630
+79885950631
+79885950632
+79885950639
+79885950680
+79885950687
+79885950690
+79885950701
+79896800343
+79896800351
+79896800361
+79896800368
+79896800457
+79896800516
+79896800521
+79896800532
+79896800601
+79896800615
+79880702283
+79880705871
+79880706388
+79880706510
+79880706785
+79880706856
+79880706954
+79880707298
+79880707299
+79880707304
+79170899036
+79170899042
+79170899043
+79170899061
+79170899067
+79170899073
+79170899095
+79170899104
+79170899149
+79170899152
+79171802378
+79171803658
+79171803806
+79171804147
+79171804380
+79171805019
+79171805022
+79171805023
+79171805024
+79171805026
+79171702018
+79171702511
+79171704583
+79171704584
+79171704585
+79171704586
+79171704587
+79171704589
+79171704592
+79171704597
+79896800343
+79896800351
+79896800361
+79896800368
+79896800457
+79896800516
+79896800521
+79896800532
+79896800601
+79896800615
+79885900958
+79885902874
+79885902881
+79885902882
+79885902888
+79885902894
+79885902902
+79885902948
+79885902959
+79885902979
+79170899036
+79170899042
+79170899043
+79170899061
+79170899067
+79170899073
+79170899095
+79170899104
+79170899149
+79170899152
+79885900958
+79885902874
+79885902881
+79885902882
+79885902888
+79885902894
+79885902902
+79885902948
+79885902959
+79885902979
+79881700074
+79881700079
+79881700087
+79881700091
+79881700397
+79881700398
+79881700399
+79881700401
+79881700403
+79881700405
+79896800343
+79896800351
+79896800361
+79896800368
+79896800457
+79896800516
+79896800521
+79896800532
+79896800601
+79896800615
+79171702018
+79171702511
+79171704583
+79171704584
+79171704585
+79171704586
+79171704587
+79171704589
+79171704592
+79171704597
+79885900958
+79885902874
+79885902881
+79885902882
+79885902888
+79885902894
+79885902902
+79885902948
+79885902959
+79885902979
+79880702283
+79880705871
+79880706388
+79880706510
+79880706785
+79880706856
+79880706954
+79880707298
+79880707299
+79880707304
+79886000637
+79886000835
+79886001145
+79886001216
+79886001219
+79886001224
+79886001226
+79886001229
+79886001230
+79886001231
+79885900958
+79885902874
+79885902881
+79885902882
+79885902888
+79885902894
+79885902902
+79885902948
+79885902959
+79885902979
+79897900063
+79897900172
+79897900461
+79897900510
+79897900518
+79897900586
+79897900786
+79897900792
+79897900794
+79897900913
+79885900958
+79885902874
+79885902881
+79885902882
+79885902888
+79885902894
+79885902902
+79885902948
+79885902959
+79885902979
+79885900958
+79885902874
+79885902881
+79885902882
+79885902888
+79885902894
+79885902902
+79885902948
+79885902959
+79885902979
+79171802378
+79171803658
+79171803806
+79171804147
+79171804380
+79171805019
+79171805022
+79171805023
+79171805024
+79171805026
+79886000637
+79886000835
+79886001145
+79886001216
+79886001219
+79886001224
+79886001226
+79886001229
+79886001230
+79886001231
+79880702283
+79880705871
+79880706388
+79880706510
+79880706785
+79880706856
+79880706954
+79880707298
+79880707299
+79880707304
+79171902379
+79171902413
+79171903836
+79171904743
+79171904847
+79171906405
+79171906406
+79171906407
+79171906408
+79171906412
+79170812146
+79170812157
+79170812158
+79170812186
+79170812258
+79170812567
+79170812688
+79170812855
+79170812897
+79170812915
+79896800343
+79896800351
+79896800361
+79896800368
+79896800457
+79896800516
+79896800521
+79896800532
+79896800601
+79896800615
+79886000637
+79886000835
+79886001145
+79886001216
+79886001219
+79886001224
+79886001226
+79886001229
+79886001230
+79886001231
+79880600456
+79880600467
+79880600639
+79880600839
+79880600898
+79880600947
+79880600987
+79880601002
+79880601039
+79880601073
+79171702018
+79171702511
+79171704583
+79171704584
+79171704585
+79171704586
+79171704587
+79171704589
+79171704592
+79171704597
+79885950516
+79885950629
+79885950630
+79885950631
+79885950632
+79885950639
+79885950680
+79885950687
+79885950690
+79885950701
+79170808168
+79170808172
+79170808176
+79170808179
+79170808192
+79170808194
+79170808201
+79170808203
+79170808204
+79170808205
+79897900063
+79897900172
+79897900461
+79897900510
+79897900518
+79897900586
+79897900786
+79897900792
+79897900794
+79897900913
+79896800343
+79896800351
+79896800361
+79896800368
+79896800457
+79896800516
+79896800521
+79896800532
+79896800601
+79896800615
+79885950516
+79885950629
+79885950630
+79885950631
+79885950632
+79885950639
+79885950680
+79885950687
+79885950690
+79885950701
+79171802378
+79171803658
+79171803806
+79171804147
+79171804380
+79171805019
+79171805022
+79171805023
+79171805024
+79171805026
+79171902379
+79171902413
+79171903836
+79171904743
+79171904847
+79171906405
+79171906406
+79171906407
+79171906408
+79171906412
+79170808168
+79170808172
+79170808176
+79170808179
+79170808192
+79170808194
+79170808201
+79170808203
+79170808204
+79170808205
+79171802378
+79171803658
+79171803806
+79171804147
+79171804380
+79171805019
+79171805022
+79171805023
+79171805024
+79171805026
+79881700074
+79881700079
+79881700087
+79881700091
+79881700397
+79881700398
+79881700399
+79881700401
+79881700403
+79881700405
+79170808168
+79170808172
+79170808176
+79170808179
+79170808192
+79170808194
+79170808201
+79170808203
+79170808204
+79170808205
+79170812146
+79170812157
+79170812158
+79170812186
+79170812258
+79170812567
+79170812688
+79170812855
+79170812897
+79170812915
+79171902379
+79171902413
+79171903836
+79171904743
+79171904847
+79171906405
+79171906406
+79171906407
+79171906408
+79171906412
+79880702283
+79880705871
+79880706388
+79880706510
+79880706785
+79880706856
+79880706954
+79880707298
+79880707299
+79880707304
+79885950516
+79885950629
+79885950630
+79885950631
+79885950632
+79885950639
+79885950680
+79885950687
+79885950690
+79885950701
+79170899036
+79170899042
+79170899043
+79170899061
+79170899067
+79170899073
+79170899095
+79170899104
+79170899149
+79170899152
+79170812146
+79170812157
+79170812158
+79170812186
+79170812258
+79170812567
+79170812688
+79170812855
+79170812897
+79170812915
+79171802378
+79171803658
+79171803806
+79171804147
+79171804380
+79171805019
+79171805022
+79171805023
+79171805024
+79171805026
+79171702018
+79171702511
+79171704583
+79171704584
+79171704585
+79171704586
+79171704587
+79171704589
+79171704592
+79171704597
+79171702018
+79171702511
+79171704583
+79171704584
+79171704585
+79171704586
+79171704587
+79171704589
+79171704592
+79171704597
+79880702283
+79880705871
+79880706388
+79880706510
+79880706785
+79880706856
+79880706954
+79880707298
+79880707299
+79880707304
+79171802378
+79171803658
+79171803806
+79171804147
+79171804380
+79171805019
+79171805022
+79171805023
+79171805024
+79171805026
+79896800343
+79896800351
+79896800361
+79896800368
+79896800457
+79896800516
+79896800521
+79896800532
+79896800601
+79896800615
+79171802378
+79171803658
+79171803806
+79171804147
+79171804380
+79171805019
+79171805022
+79171805023
+79171805024
+79171805026
+79886000637
+79886000835
+79886001145
+79886001216
+79886001219
+79886001224
+79886001226
+79886001229
+79886001230
+79886001231
+79886000637
+79886000835
+79886001145
+79886001216
+79886001219
+79886001224
+79886001226
+79886001229
+79886001230
+79886001231
+79881700074
+79881700079
+79881700087
+79881700091
+79881700397
+79881700398
+79881700399
+79881700401
+79881700403
+79881700405
+79171802378
+79171803658
+79171803806
+79171804147
+79171804380
+79171805019
+79171805022
+79171805023
+79171805024
+79171805026
+79896800343
+79896800351
+79896800361
+79896800368
+79896800457
+79896800516
+79896800521
+79896800532
+79896800601
+79896800615
+79170812146
+79170812157
+79170812158
+79170812186
+79170812258
+79170812567
+79170812688
+79170812855
+79170812897
+79170812915
+79896800343
+79896800351
+79896800361
+79896800368
+79896800457
+79896800516
+79896800521
+79896800532
+79896800601
+79896800615
+79885900958
+79885902874
+79885902881
+79885902882
+79885902888
+79885902894
+79885902902
+79885902948
+79885902959
+79885902979
+79885950516
+79885950629
+79885950630
+79885950631
+79885950632
+79885950639
+79885950680
+79885950687
+79885950690
+79885950701
+79885900958
+79885902874
+79885902881
+79885902882
+79885902888
+79885902894
+79885902902
+79885902948
+79885902959
+79885902979
+79170899036
+79170899042
+79170899043
+79170899061
+79170899067
+79170899073
+79170899095
+79170899104
+79170899149
+79170899152
+79897900063
+79897900172
+79897900461
+79897900510
+79897900518
+79897900586
+79897900786
+79897900792
+79897900794
+79897900913
+79880702283
+79880705871
+79880706388
+79880706510
+79880706785
+79880706856
+79880706954
+79880707298
+79880707299
+79880707304
+79170808168
+79170808172
+79170808176
+79170808179
+79170808192
+79170808194
+79170808201
+79170808203
+79170808204
+79170808205
+79897900063
+79897900172
+79897900461
+79897900510
+79897900518
+79897900586
+79897900786
+79897900792
+79897900794
+79897900913
+79170808168
+79170808172
+79170808176
+79170808179
+79170808192
+79170808194
+79170808201
+79170808203
+79170808204
+79170808205
+79897900063
+79897900172
+79897900461
+79897900510
+79897900518
+79897900586
+79897900786
+79897900792
+79897900794
+79897900913
+79170808168
+79170808172
+79170808176
+79170808179
+79170808192
+79170808194
+79170808201
+79170808203
+79170808204
+79170808205
+79170808168
+79170808172
+79170808176
+79170808179
+79170808192
+79170808194
+79170808201
+79170808203
+79170808204
+79170808205
+79880600456
+79880600467
+79880600639
+79880600839
+79880600898
+79880600947
+79880600987
+79880601002
+79880601039
+79880601073
+79171802378
+79171803658
+79171803806
+79171804147
+79171804380
+79171805019
+79171805022
+79171805023
+79171805024
+79171805026
+79886000637
+79886000835
+79886001145
+79886001216
+79886001219
+79886001224
+79886001226
+79886001229
+79886001230
+79886001231
+79170808168
+79170808172
+79170808176
+79170808179
+79170808192
+79170808194
+79170808201
+79170808203
+79170808204
+79170808205
+79886000637
+79886000835
+79886001145
+79886001216
+79886001219
+79886001224
+79886001226
+79886001229
+79886001230
+79886001231
+79171802378
+79171803658
+79171803806
+79171804147
+79171804380
+79171805019
+79171805022
+79171805023
+79171805024
+79171805026
+79881700074
+79881700079
+79881700087
+79881700091
+79881700397
+79881700398
+79881700399
+79881700401
+79881700403
+79881700405
+79885950516
+79885950629
+79885950630
+79885950631
+79885950632
+79885950639
+79885950680
+79885950687
+79885950690
+79885950701
+79170812146
+79170812157
+79170812158
+79170812186
+79170812258
+79170812567
+79170812688
+79170812855
+79170812897
+79170812915
+79170812146
+79170812157
+79170812158
+79170812186
+79170812258
+79170812567
+79170812688
+79170812855
+79170812897
+79170812915
+79171702018
+79171702511
+79171704583
+79171704584
+79171704585
+79171704586
+79171704587
+79171704589
+79171704592
+79171704597
+79886000637
+79886000835
+79886001145
+79886001216
+79886001219
+79886001224
+79886001226
+79886001229
+79886001230
+79886001231
+79170899036
+79170899042
+79170899043
+79170899061
+79170899067
+79170899073
+79170899095
+79170899104
+79170899149
+79170899152
+79885900958
+79885902874
+79885902881
+79885902882
+79885902888
+79885902894
+79885902902
+79885902948
+79885902959
+79885902979
+79880600456
+79880600467
+79880600639
+79880600839
+79880600898
+79880600947
+79880600987
+79880601002
+79880601039
+79880601073
+79896800343
+79896800351
+79896800361
+79896800368
+79896800457
+79896800516
+79896800521
+79896800532
+79896800601
+79896800615
+79170808168
+79170808172
+79170808176
+79170808179
+79170808192
+79170808194
+79170808201
+79170808203
+79170808204
+79170808205
+79170812146
+79170812157
+79170812158
+79170812186
+79170812258
+79170812567
+79170812688
+79170812855
+79170812897
+79170812915
+79880702283
+79880705871
+79880706388
+79880706510
+79880706785
+79880706856
+79880706954
+79880707298
+79880707299
+79880707304
+79171702018
+79171702511
+79171704583
+79171704584
+79171704585
+79171704586
+79171704587
+79171704589
+79171704592
+79171704597
+79886000637
+79886000835
+79886001145
+79886001216
+79886001219
+79886001224
+79886001226
+79886001229
+79886001230
+79886001231
+79880600456
+79880600467
+79880600639
+79880600839
+79880600898
+79880600947
+79880600987
+79880601002
+79880601039
+79880601073
+79171702018
+79171702511
+79171704583
+79171704584
+79171704585
+79171704586
+79171704587
+79171704589
+79171704592
+79171704597
+79170899036
+79170899042
+79170899043
+79170899061
+79170899067
+79170899073
+79170899095
+79170899104
+79170899149
+79170899152
+79880600456
+79880600467
+79880600639
+79880600839
+79880600898
+79880600947
+79880600987
+79880601002
+79880601039
+79880601073
+79896800343
+79896800351
+79896800361
+79896800368
+79896800457
+79896800516
+79896800521
+79896800532
+79896800601
+79896800615
+79880600456
+79880600467
+79880600639
+79880600839
+79880600898
+79880600947
+79880600987
+79880601002
+79880601039
+79880601073
+79880702283
+79880705871
+79880706388
+79880706510
+79880706785
+79880706856
+79880706954
+79880707298
+79880707299
+79880707304
+79170900106
+79170900258
+79170900471
+79170900507
+79170900518
+79170900582
+79170900682
+79170900861
+79170901008
+79170901094
+79170900106
+79170900258
+79170900471
+79170900507
+79170900518
+79170900582
+79170900682
+79170900861
+79170901008
+79170901094
+79170899036
+79170899042
+79170899043
+79170899061
+79170899067
+79170899073
+79170899095
+79170899104
+79170899149
+79170899152
+79880600456
+79880600467
+79880600639
+79880600839
+79880600898
+79880600947
+79880600987
+79880601002
+79880601039
+79880601073
+79171902379
+79171902413
+79171903836
+79171904743
+79171904847
+79171906405
+79171906406
+79171906407
+79171906408
+79171906412
+79885950516
+79885950629
+79885950630
+79885950631
+79885950632
+79885950639
+79885950680
+79885950687
+79885950690
+79885950701
+79880600456
+79880600467
+79880600639
+79880600839
+79880600898
+79880600947
+79880600987
+79880601002
+79880601039
+79880601073
+79896800343
+79896800351
+79896800361
+79896800368
+79896800457
+79896800516
+79896800521
+79896800532
+79896800601
+79896800615
+79171702018
+79171702511
+79171704583
+79171704584
+79171704585
+79171704586
+79171704587
+79171704589
+79171704592
+79171704597
+79171902379
+79171902413
+79171903836
+79171904743
+79171904847
+79171906405
+79171906406
+79171906407
+79171906408
+79171906412
+79885900958
+79885902874
+79885902881
+79885902882
+79885902888
+79885902894
+79885902902
+79885902948
+79885902959
+79885902979
+79897900063
+79897900172
+79897900461
+79897900510
+79897900518
+79897900586
+79897900786
+79897900792
+79897900794
+79897900913
+79880600456
+79880600467
+79880600639
+79880600839
+79880600898
+79880600947
+79880600987
+79880601002
+79880601039
+79880601073
+79170900106
+79170900258
+79170900471
+79170900507
+79170900518
+79170900582
+79170900682
+79170900861
+79170901008
+79170901094
+79885950516
+79885950629
+79885950630
+79885950631
+79885950632
+79885950639
+79885950680
+79885950687
+79885950690
+79885950701
+79171702018
+79171702511
+79171704583
+79171704584
+79171704585
+79171704586
+79171704587
+79171704589
+79171704592
+79171704597
+79885900958
+79885902874
+79885902881
+79885902882
+79885902888
+79885902894
+79885902902
+79885902948
+79885902959
+79885902979
+79170900106
+79170900258
+79170900471
+79170900507
+79170900518
+79170900582
+79170900682
+79170900861
+79170901008
+79170901094
+79881700074
+79881700079
+79881700087
+79881700091
+79881700397
+79881700398
+79881700399
+79881700401
+79881700403
+79881700405
+79170808168
+79170808172
+79170808176
+79170808179
+79170808192
+79170808194
+79170808201
+79170808203
+79170808204
+79170808205
+79170812146
+79170812157
+79170812158
+79170812186
+79170812258
+79170812567
+79170812688
+79170812855
+79170812897
+79170812915
+79886000637
+79886000835
+79886001145
+79886001216
+79886001219
+79886001224
+79886001226
+79886001229
+79886001230
+79886001231
+79880702283
+79880705871
+79880706388
+79880706510
+79880706785
+79880706856
+79880706954
+79880707298
+79880707299
+79880707304
+79885950516
+79885950629
+79885950630
+79885950631
+79885950632
+79885950639
+79885950680
+79885950687
+79885950690
+79885950701
+79886000637
+79886000835
+79886001145
+79886001216
+79886001219
+79886001224
+79886001226
+79886001229
+79886001230
+79886001231
+79171702018
+79171702511
+79171704583
+79171704584
+79171704585
+79171704586
+79171704587
+79171704589
+79171704592
+79171704597
+79170812146
+79170812157
+79170812158
+79170812186
+79170812258
+79170812567
+79170812688
+79170812855
+79170812897
+79170812915
+79170900258
+79170900471
+79170900507
+79170900518
+79170900582
+79170900682
+79170900861
+79170901008
+79170901094
+79170901134
+79170899036
+79170899042
+79170899043
+79170899061
+79170899067
+79170899073
+79170899095
+79170899104
+79170899149
+79170899152
+79170900258
+79170900471
+79170900507
+79170900518
+79170900582
+79170900682
+79170900861
+79170901008
+79170901094
+79170901134
+79171702018
+79171702511
+79171704583
+79171704584
+79171704585
+79171704586
+79171704587
+79171704589
+79171704592
+79171704597
+79171802378
+79171803658
+79171803806
+79171804147
+79171804380
+79171805019
+79171805022
+79171805023
+79171805024
+79171805026
+79880702283
+79880705871
+79880706388
+79880706510
+79880706785
+79880706856
+79880706954
+79880707298
+79880707299
+79880707304
+79885950516
+79885950629
+79885950630
+79885950631
+79885950632
+79885950639
+79885950680
+79885950687
+79885950690
+79885950701
+79886000637
+79886000835
+79886001145
+79886001216
+79886001219
+79886001224
+79886001226
+79886001229
+79886001230
+79886001231
+79885950516
+79885950629
+79885950630
+79885950631
+79885950632
+79885950639
+79885950680
+79885950687
+79885950690
+79885950701
+79171702018
+79171702511
+79171704583
+79171704584
+79171704585
+79171704586
+79171704587
+79171704589
+79171704592
+79171704597
+79171902379
+79171902413
+79171903836
+79171904743
+79171904847
+79171906405
+79171906406
+79171906407
+79171906408
+79171906412
+79881700074
+79881700079
+79881700087
+79881700091
+79881700397
+79881700398
+79881700399
+79881700401
+79881700403
+79881700405
+79171702018
+79171702511
+79171704583
+79171704584
+79171704585
+79171704586
+79171704587
+79171704589
+79171704592
+79171704597
+79170899036
+79170899042
+79170899043
+79170899061
+79170899067
+79170899073
+79170899095
+79170899104
+79170899149
+79170899152
+79171802378
+79171803658
+79171803806
+79171804147
+79171804380
+79171805019
+79171805022
+79171805023
+79171805024
+79171805026
+79170812146
+79170812157
+79170812158
+79170812186
+79170812258
+79170812567
+79170812688
+79170812855
+79170812897
+79170812915
+79170899036
+79170899042
+79170899043
+79170899061
+79170899067
+79170899073
+79170899095
+79170899104
+79170899149
+79170899152
+79880702283
+79880705871
+79880706388
+79880706510
+79880706785
+79880706856
+79880706954
+79880707298
+79880707299
+79880707304
+79171802378
+79171803658
+79171803806
+79171804147
+79171804380
+79171805019
+79171805022
+79171805023
+79171805024
+79171805026
+79881700074
+79881700079
+79881700087
+79881700091
+79881700397
+79881700398
+79881700399
+79881700401
+79881700403
+79881700405
+79896800343
+79896800351
+79896800361
+79896800368
+79896800457
+79896800516
+79896800521
+79896800532
+79896800601
+79896800615
+79886000637
+79886000835
+79886001145
+79886001216
+79886001219
+79886001224
+79886001226
+79886001229
+79886001230
+79886001231
+79170899036
+79170899042
+79170899043
+79170899061
+79170899067
+79170899073
+79170899095
+79170899104
+79170899149
+79170899152
+79171702018
+79171702511
+79171704583
+79171704584
+79171704585
+79171704586
+79171704587
+79171704589
+79171704592
+79171704597
+79897900063
+79897900172
+79897900461
+79897900510
+79897900518
+79897900586
+79897900786
+79897900792
+79897900794
+79897900913
+79880600456
+79880600467
+79880600639
+79880600839
+79880600898
+79880600947
+79880600987
+79880601002
+79880601039
+79880601073
+79170808168
+79170808172
+79170808176
+79170808179
+79170808192
+79170808194
+79170808201
+79170808203
+79170808204
+79170808205
+79881700074
+79881700079
+79881700087
+79881700091
+79881700397
+79881700398
+79881700399
+79881700401
+79881700403
+79881700405
+79886000637
+79886000835
+79886001145
+79886001216
+79886001219
+79886001224
+79886001226
+79886001229
+79886001230
+79886001231
+79171902379
+79171902413
+79171903836
+79171904743
+79171904847
+79171906405
+79171906406
+79171906407
+79171906408
+79171906412
+79171702018
+79171702511
+79171704583
+79171704584
+79171704585
+79171704586
+79171704587
+79171704589
+79171704592
+79171704597
+79171902379
+79171902413
+79171903836
+79171904743
+79171904847
+79171906405
+79171906406
+79171906407
+79171906408
+79171906412
+79880702283
+79880705871
+79880706388
+79880706510
+79880706785
+79880706856
+79880706954
+79880707298
+79880707299
+79880707304
+79170899036
+79170899042
+79170899043
+79170899061
+79170899067
+79170899073
+79170899095
+79170899104
+79170899149
+79170899152
+79170900258
+79170900471
+79170900507
+79170900518
+79170900582
+79170900682
+79170900861
+79170901008
+79170901094
+79170901134
+79880600456
+79880600467
+79880600639
+79880600839
+79880600898
+79880600947
+79880600987
+79880601002
+79880601039
+79880601073
+79885900958
+79885902874
+79885902881
+79885902882
+79885902888
+79885902894
+79885902902
+79885902948
+79885902959
+79885902979
+79170808168
+79170808172
+79170808176
+79170808179
+79170808192
+79170808194
+79170808201
+79170808203
+79170808204
+79170808205
+79885950516
+79885950629
+79885950630
+79885950631
+79885950632
+79885950639
+79885950680
+79885950687
+79885950690
+79885950701
+79170899036
+79170899042
+79170899043
+79170899061
+79170899067
+79170899073
+79170899095
+79170899104
+79170899149
+79170899152
+79886000637
+79886000835
+79886001145
+79886001216
+79886001219
+79886001224
+79886001226
+79886001229
+79886001230
+79886001231
+79896800343
+79896800351
+79896800361
+79896800368
+79896800457
+79896800516
+79896800521
+79896800532
+79896800601
+79896800615
+79170899036
+79170899042
+79170899043
+79170899061
+79170899067
+79170899073
+79170899095
+79170899104
+79170899149
+79170899152
+79885900958
+79885902874
+79885902881
+79885902882
+79885902888
+79885902894
+79885902902
+79885902948
+79885902959
+79885902979
+79880702283
+79880705871
+79880706388
+79880706510
+79880706785
+79880706856
+79880706954
+79880707298
+79880707299
+79880707304
+79885950516
+79885950629
+79885950630
+79885950631
+79885950632
+79885950639
+79885950680
+79885950687
+79885950690
+79885950701
+79885900958
+79885902874
+79885902881
+79885902882
+79885902888
+79885902894
+79885902902
+79885902948
+79885902959
+79885902979
+79171702018
+79171702511
+79171704583
+79171704584
+79171704585
+79171704586
+79171704587
+79171704589
+79171704592
+79171704597
+79170808168
+79170808172
+79170808176
+79170808179
+79170808192
+79170808194
+79170808201
+79170808203
+79170808204
+79170808205
+79880702283
+79880705871
+79880706388
+79880706510
+79880706785
+79880706856
+79880706954
+79880707298
+79880707299
+79880707304
+79886000637
+79886000835
+79886001145
+79886001216
+79886001219
+79886001224
+79886001226
+79886001229
+79886001230
+79886001231
+79171702018
+79171702511
+79171704583
+79171704584
+79171704585
+79171704586
+79171704587
+79171704589
+79171704592
+79171704597
+79896800343
+79896800351
+79896800361
+79896800368
+79896800457
+79896800516
+79896800521
+79896800532
+79896800601
+79896800615
+79885900958
+79885902874
+79885902881
+79885902882
+79885902888
+79885902894
+79885902902
+79885902948
+79885902959
+79885902979
+79170899036
+79170899042
+79170899043
+79170899061
+79170899067
+79170899073
+79170899095
+79170899104
+79170899149
+79170899152
+79170900258
+79170900471
+79170900507
+79170900518
+79170900582
+79170900682
+79170900861
+79170901008
+79170901094
+79170901134
+79170899036
+79170899042
+79170899043
+79170899061
+79170899067
+79170899073
+79170899095
+79170899104
+79170899149
+79170899152
+79897900063
+79897900172
+79897900461
+79897900510
+79897900518
+79897900586
+79897900786
+79897900792
+79897900794
+79897900913
+79880702283
+79880705871
+79880706388
+79880706510
+79880706785
+79880706856
+79880706954
+79880707298
+79880707299
+79880707304
+79886000637
+79886000835
+79886001145
+79886001216
+79886001219
+79886001224
+79886001226
+79886001229
+79886001230
+79886001231
+79896800343
+79896800351
+79896800361
+79896800368
+79896800457
+79896800516
+79896800521
+79896800532
+79896800601
+79896800615
+79171802378
+79171803658
+79171803806
+79171804147
+79171804380
+79171805019
+79171805022
+79171805023
+79171805024
+79171805026
+79171702018
+79171702511
+79171704583
+79171704584
+79171704585
+79171704586
+79171704587
+79171704589
+79171704592
+79171704597
+79170812146
+79170812157
+79170812158
+79170812186
+79170812258
+79170812567
+79170812688
+79170812855
+79170812897
+79170812915
+79885900958
+79885902874
+79885902881
+79885902882
+79885902888
+79885902894
+79885902902
+79885902948
+79885902959
+79885902979
+79886000637
+79886000835
+79886001145
+79886001216
+79886001219
+79886001224
+79886001226
+79886001229
+79886001230
+79886001231
+79896800343
+79896800351
+79896800361
+79896800368
+79896800457
+79896800516
+79896800521
+79896800532
+79896800601
+79896800615
+79171802378
+79171803658
+79171803806
+79171804147
+79171804380
+79171805019
+79171805022
+79171805023
+79171805024
+79171805026
+79171902379
+79171902413
+79171903836
+79171904743
+79171904847
+79171906405
+79171906406
+79171906407
+79171906408
+79171906412
+79171702018
+79171702511
+79171704583
+79171704584
+79171704585
+79171704586
+79171704587
+79171704589
+79171704592
+79171704597
+79886000637
+79886000835
+79886001145
+79886001216
+79886001219
+79886001224
+79886001226
+79886001229
+79886001230
+79886001231
+79171902379
+79171902413
+79171903836
+79171904743
+79171904847
+79171906405
+79171906406
+79171906407
+79171906408
+79171906412
+79881700074
+79881700079
+79881700087
+79881700091
+79881700397
+79881700398
+79881700399
+79881700401
+79881700403
+79881700405
+79896800343
+79896800351
+79896800361
+79896800368
+79896800457
+79896800516
+79896800521
+79896800532
+79896800601
+79896800615
+79885900958
+79885902874
+79885902881
+79885902882
+79885902888
+79885902894
+79885902902
+79885902948
+79885902959
+79885902979
+79170808168
+79170808172
+79170808176
+79170808179
+79170808192
+79170808194
+79170808201
+79170808203
+79170808204
+79170808205
+79886000637
+79886000835
+79886001145
+79886001216
+79886001219
+79886001224
+79886001226
+79886001229
+79886001230
+79886001231
+79171702018
+79171702511
+79171704583
+79171704584
+79171704585
+79171704586
+79171704587
+79171704589
+79171704592
+79171704597
+79171902379
+79171902413
+79171903836
+79171904743
+79171904847
+79171906405
+79171906406
+79171906407
+79171906408
+79171906412
+79885950516
+79885950629
+79885950630
+79885950631
+79885950632
+79885950639
+79885950680
+79885950687
+79885950690
+79885950701
+79171902379
+79171902413
+79171903836
+79171904743
+79171904847
+79171906405
+79171906406
+79171906407
+79171906408
+79171906412
+79170899036
+79170899042
+79170899043
+79170899061
+79170899067
+79170899073
+79170899095
+79170899104
+79170899149
+79170899152
+79885900958
+79885902874
+79885902881
+79885902882
+79885902888
+79885902894
+79885902902
+79885902948
+79885902959
+79885902979
+79886000637
+79886000835
+79886001145
+79886001216
+79886001219
+79886001224
+79886001226
+79886001229
+79886001230
+79886001231
+79171802378
+79171803658
+79171803806
+79171804147
+79171804380
+79171805019
+79171805022
+79171805023
+79171805024
+79171805026
+79171702018
+79171702511
+79171704583
+79171704584
+79171704585
+79171704586
+79171704587
+79171704589
+79171704592
+79171704597
+79886000637
+79886000835
+79886001145
+79886001216
+79886001219
+79886001224
+79886001226
+79886001229
+79886001230
+79886001231
+79171702018
+79171702511
+79171704583
+79171704584
+79171704585
+79171704586
+79171704587
+79171704589
+79171704592
+79171704597
+79896800343
+79896800351
+79896800361
+79896800368
+79896800457
+79896800516
+79896800521
+79896800532
+79896800601
+79896800615
+79880600456
+79880600467
+79880600639
+79880600839
+79880600898
+79880600947
+79880600987
+79880601002
+79880601039
+79880601073
+79880702283
+79880705871
+79880706388
+79880706510
+79880706785
+79880706856
+79880706954
+79880707298
+79880707299
+79880707304
+79881700074
+79881700079
+79881700087
+79881700091
+79881700397
+79881700398
+79881700399
+79881700401
+79881700403
+79881700405
+79881700074
+79881700079
+79881700087
+79881700091
+79881700397
+79881700398
+79881700399
+79881700401
+79881700403
+79881700405
+79171902379
+79171902413
+79171903836
+79171904743
+79171904847
+79171906405
+79171906406
+79171906407
+79171906408
+79171906412
+79886000637
+79886000835
+79886001145
+79886001216
+79886001219
+79886001224
+79886001226
+79886001229
+79886001230
+79886001231
+79170900258
+79170900471
+79170900507
+79170900518
+79170900582
+79170900682
+79170900861
+79170901008
+79170901094
+79170901134
+79880600456
+79880600467
+79880600639
+79880600839
+79880600898
+79880600947
+79880600987
+79880601002
+79880601039
+79880601073
+79171702018
+79171702511
+79171704583
+79171704584
+79171704585
+79171704586
+79171704587
+79171704589
+79171704592
+79171704597
+79885950516
+79885950629
+79885950630
+79885950631
+79885950632
+79885950639
+79885950680
+79885950687
+79885950690
+79885950701
+79170812146
+79170812157
+79170812158
+79170812186
+79170812258
+79170812567
+79170812688
+79170812855
+79170812897
+79170812915
+79171802378
+79171803658
+79171803806
+79171804147
+79171804380
+79171805019
+79171805022
+79171805023
+79171805024
+79171805026
+79885900958
+79885902874
+79885902881
+79885902882
+79885902888
+79885902894
+79885902902
+79885902948
+79885902959
+79885902979
+79880702283
+79880705871
+79880706388
+79880706510
+79880706785
+79880706856
+79880706954
+79880707298
+79880707299
+79880707304
+79170900258
+79170900471
+79170900507
+79170900518
+79170900582
+79170900682
+79170900861
+79170901008
+79170901094
+79170901134
+79171702018
+79171702511
+79171704583
+79171704584
+79171704585
+79171704586
+79171704587
+79171704589
+79171704592
+79171704597
+79170812146
+79170812157
+79170812158
+79170812186
+79170812258
+79170812567
+79170812688
+79170812855
+79170812897
+79170812915
+79880600456
+79880600467
+79880600639
+79880600839
+79880600898
+79880600947
+79880600987
+79880601002
+79880601039
+79880601073
+79886000637
+79886000835
+79886001145
+79886001216
+79886001219
+79886001224
+79886001226
+79886001229
+79886001230
+79886001231
+79885900958
+79885902874
+79885902881
+79885902882
+79885902888
+79885902894
+79885902902
+79885902948
+79885902959
+79885902979
+79885950516
+79885950629
+79885950630
+79885950631
+79885950632
+79885950639
+79885950680
+79885950687
+79885950690
+79885950701
+79886000637
+79886000835
+79886001145
+79886001216
+79886001219
+79886001224
+79886001226
+79886001229
+79886001230
+79886001231
+79171802378
+79171803658
+79171803806
+79171804147
+79171804380
+79171805019
+79171805022
+79171805023
+79171805024
+79171805026
+79886000637
+79886000835
+79886001145
+79886001216
+79886001219
+79886001224
+79886001226
+79886001229
+79886001230
+79886001231
+79170899036
+79170899042
+79170899043
+79170899061
+79170899067
+79170899073
+79170899095
+79170899104
+79170899149
+79170899152
+79170812146
+79170812157
+79170812158
+79170812186
+79170812258
+79170812567
+79170812688
+79170812855
+79170812897
+79170812915
+79880600456
+79880600467
+79880600639
+79880600839
+79880600898
+79880600947
+79880600987
+79880601002
+79880601039
+79880601073
+79171802378
+79171803658
+79171803806
+79171804147
+79171804380
+79171805019
+79171805022
+79171805023
+79171805024
+79171805026
+79881700074
+79881700079
+79881700087
+79881700091
+79881700397
+79881700398
+79881700399
+79881700401
+79881700403
+79881700405
+79171902379
+79171902413
+79171903836
+79171904743
+79171904847
+79171906405
+79171906406
+79171906407
+79171906408
+79171906412
+79880702283
+79880705871
+79880706388
+79880706510
+79880706785
+79880706856
+79880706954
+79880707298
+79880707299
+79880707304
+79885950516
+79885950629
+79885950630
+79885950631
+79885950632
+79885950639
+79885950680
+79885950687
+79885950690
+79885950701
+79886000637
+79886000835
+79886001145
+79886001216
+79886001219
+79886001224
+79886001226
+79886001229
+79886001230
+79886001231
+79170808168
+79170808172
+79170808176
+79170808179
+79170808192
+79170808194
+79170808201
+79170808203
+79170808204
+79170808205
+79171902379
+79171902413
+79171903836
+79171904743
+79171904847
+79171906405
+79171906406
+79171906407
+79171906408
+79171906412
+79880600456
+79880600467
+79880600639
+79880600839
+79880600898
+79880600947
+79880600987
+79880601002
+79880601039
+79880601073
+79880600456
+79880600467
+79880600639
+79880600839
+79880600898
+79880600947
+79880600987
+79880601002
+79880601039
+79880601073
+79171802378
+79171803658
+79171803806
+79171804147
+79171804380
+79171805019
+79171805022
+79171805023
+79171805024
+79171805026
+79170899036
+79170899042
+79170899043
+79170899061
+79170899067
+79170899073
+79170899095
+79170899104
+79170899149
+79170899152
+79170808168
+79170808172
+79170808176
+79170808179
+79170808192
+79170808194
+79170808201
+79170808203
+79170808204
+79170808205
+79885900958
+79885902874
+79885902881
+79885902882
+79885902888
+79885902894
+79885902902
+79885902948
+79885902959
+79885902979
+79171902379
+79171902413
+79171903836
+79171904743
+79171904847
+79171906405
+79171906406
+79171906407
+79171906408
+79171906412
+79171702018
+79171702511
+79171704583
+79171704584
+79171704585
+79171704586
+79171704587
+79171704589
+79171704592
+79171704597
+79881700074
+79881700079
+79881700087
+79881700091
+79881700397
+79881700398
+79881700399
+79881700401
+79881700403
+79881700405
+79885950516
+79885950629
+79885950630
+79885950631
+79885950632
+79885950639
+79885950680
+79885950687
+79885950690
+79885950701
+79170808168
+79170808172
+79170808176
+79170808179
+79170808192
+79170808194
+79170808201
+79170808203
+79170808204
+79170808205
+79885900958
+79885902874
+79885902881
+79885902882
+79885902888
+79885902894
+79885902902
+79885902948
+79885902959
+79885902979
+79885900958
+79885902874
+79885902881
+79885902882
+79885902888
+79885902894
+79885902902
+79885902948
+79885902959
+79885902979
+79171802378
+79171803658
+79171803806
+79171804147
+79171804380
+79171805019
+79171805022
+79171805023
+79171805024
+79171805026
+79885900958
+79885902874
+79885902881
+79885902882
+79885902888
+79885902894
+79885902902
+79885902948
+79885902959
+79885902979
+79170900106
+79170900258
+79170900471
+79170900507
+79170900518
+79170900582
+79170900682
+79170900861
+79170901008
+79170901094
+79880600456
+79880600467
+79880600639
+79880600839
+79880600898
+79880600947
+79880600987
+79880601002
+79880601039
+79880601073
+79170899036
+79170899042
+79170899043
+79170899061
+79170899067
+79170899073
+79170899095
+79170899104
+79170899149
+79170899152
+79886000637
+79886000835
+79886001145
+79886001216
+79886001219
+79886001224
+79886001226
+79886001229
+79886001230
+79886001231
+79171902379
+79171902413
+79171903836
+79171904743
+79171904847
+79171906405
+79171906406
+79171906407
+79171906408
+79171906412
+79170900106
+79170900258
+79170900471
+79170900507
+79170900518
+79170900582
+79170900682
+79170900861
+79170901008
+79170901094
+79886000637
+79886000835
+79886001145
+79886001216
+79886001219
+79886001224
+79886001226
+79886001229
+79886001230
+79886001231
+79170812146
+79170812157
+79170812158
+79170812186
+79170812258
+79170812567
+79170812688
+79170812855
+79170812897
+79170812915
+79885950516
+79885950629
+79885950630
+79885950631
+79885950632
+79885950639
+79885950680
+79885950687
+79885950690
+79885950701
+79171902379
+79171902413
+79171903836
+79171904743
+79171904847
+79171906405
+79171906406
+79171906407
+79171906408
+79171906412
+79885950516
+79885950629
+79885950630
+79885950631
+79885950632
+79885950639
+79885950680
+79885950687
+79885950690
+79885950701
+79880600456
+79880600467
+79880600639
+79880600839
+79880600898
+79880600947
+79880600987
+79880601002
+79880601039
+79880601073
+79171802378
+79171803658
+79171803806
+79171804147
+79171804380
+79171805019
+79171805022
+79171805023
+79171805024
+79171805026
+79897900063
+79897900172
+79897900461
+79897900510
+79897900518
+79897900586
+79897900786
+79897900792
+79897900794
+79897900913
+79881700074
+79881700079
+79881700087
+79881700091
+79881700397
+79881700398
+79881700399
+79881700401
+79881700403
+79881700405
+79171802378
+79171803658
+79171803806
+79171804147
+79171804380
+79171805019
+79171805022
+79171805023
+79171805024
+79171805026
+79171702018
+79171702511
+79171704583
+79171704584
+79171704585
+79171704586
+79171704587
+79171704589
+79171704592
+79171704597
+79170812146
+79170812157
+79170812158
+79170812186
+79170812258
+79170812567
+79170812688
+79170812855
+79170812897
+79170812915
+79885950516
+79885950629
+79885950630
+79885950631
+79885950632
+79885950639
+79885950680
+79885950687
+79885950690
+79885950701
+79171902379
+79171902413
+79171903836
+79171904743
+79171904847
+79171906405
+79171906406
+79171906407
+79171906408
+79171906412
+79885950516
+79885950629
+79885950630
+79885950631
+79885950632
+79885950639
+79885950680
+79885950687
+79885950690
+79885950701
+79171902379
+79171902413
+79171903836
+79171904743
+79171904847
+79171906405
+79171906406
+79171906407
+79171906408
+79171906412
+79885950516
+79885950629
+79885950630
+79885950631
+79885950632
+79885950639
+79885950680
+79885950687
+79885950690
+79885950701
+79170812146
+79170812157
+79170812158
+79170812186
+79170812258
+79170812567
+79170812688
+79170812855
+79170812897
+79170812915
+79880600456
+79880600467
+79880600639
+79880600839
+79880600898
+79880600947
+79880600987
+79880601002
+79880601039
+79880601073
+79881700074
+79881700079
+79881700087
+79881700091
+79881700397
+79881700398
+79881700399
+79881700401
+79881700403
+79881700405
+79171902379
+79171902413
+79171903836
+79171904743
+79171904847
+79171906405
+79171906406
+79171906407
+79171906408
+79171906412
+79896800343
+79896800351
+79896800361
+79896800368
+79896800457
+79896800516
+79896800521
+79896800532
+79896800601
+79896800615
+79171902379
+79171902413
+79171903836
+79171904743
+79171904847
+79171906405
+79171906406
+79171906407
+79171906408
+79171906412
+79880702283
+79880705871
+79880706388
+79880706510
+79880706785
+79880706856
+79880706954
+79880707298
+79880707299
+79880707304
+79170812146
+79170812157
+79170812158
+79170812186
+79170812258
+79170812567
+79170812688
+79170812855
+79170812897
+79170812915
+79885900958
+79885902874
+79885902881
+79885902882
+79885902888
+79885902894
+79885902902
+79885902948
+79885902959
+79885902979
+79881700074
+79881700079
+79881700087
+79881700091
+79881700397
+79881700398
+79881700399
+79881700401
+79881700403
+79881700405
+79885900958
+79885902874
+79885902881
+79885902882
+79885902888
+79885902894
+79885902902
+79885902948
+79885902959
+79885902979
+79171702018
+79171702511
+79171704583
+79171704584
+79171704585
+79171704586
+79171704587
+79171704589
+79171704592
+79171704597
+79171802378
+79171803658
+79171803806
+79171804147
+79171804380
+79171805019
+79171805022
+79171805023
+79171805024
+79171805026
+79170808168
+79170808172
+79170808176
+79170808179
+79170808192
+79170808194
+79170808201
+79170808203
+79170808204
+79170808205
+79885950516
+79885950629
+79885950630
+79885950631
+79885950632
+79885950639
+79885950680
+79885950687
+79885950690
+79885950701
+79170900106
+79170900258
+79170900471
+79170900507
+79170900518
+79170900582
+79170900682
+79170900861
+79170901008
+79170901094
+79170812146
+79170812157
+79170812158
+79170812186
+79170812258
+79170812567
+79170812688
+79170812855
+79170812897
+79170812915
+79886000637
+79886000835
+79886001145
+79886001216
+79886001219
+79886001224
+79886001226
+79886001229
+79886001230
+79886001231
+79886000637
+79886000835
+79886001145
+79886001216
+79886001219
+79886001224
+79886001226
+79886001229
+79886001230
+79886001231
+79886000637
+79886000835
+79886001145
+79886001216
+79886001219
+79886001224
+79886001226
+79886001229
+79886001230
+79886001231
+79897900063
+79897900172
+79897900461
+79897900510
+79897900518
+79897900586
+79897900786
+79897900792
+79897900794
+79897900913
+79897900063
+79897900172
+79897900461
+79897900510
+79897900518
+79897900586
+79897900786
+79897900792
+79897900794
+79897900913
+79171702018
+79171702511
+79171704583
+79171704584
+79171704585
+79171704586
+79171704587
+79171704589
+79171704592
+79171704597
+79170900106
+79170900258
+79170900471
+79170900507
+79170900518
+79170900582
+79170900682
+79170900861
+79170901008
+79170901094
+79171802378
+79171803658
+79171803806
+79171804147
+79171804380
+79171805019
+79171805022
+79171805023
+79171805024
+79171805026
+79170900106
+79170900258
+79170900471
+79170900507
+79170900518
+79170900582
+79170900682
+79170900861
+79170901008
+79170901094
+79897900063
+79897900172
+79897900461
+79897900510
+79897900518
+79897900586
+79897900786
+79897900792
+79897900794
+79897900913
+79170900106
+79170900258
+79170900471
+79170900507
+79170900518
+79170900582
+79170900682
+79170900861
+79170901008
+79170901094
+79171802378
+79171803658
+79171803806
+79171804147
+79171804380
+79171805019
+79171805022
+79171805023
+79171805024
+79171805026
+79171902379
+79171902413
+79171903836
+79171904743
+79171904847
+79171906405
+79171906406
+79171906407
+79171906408
+79171906412
+79881700074
+79881700079
+79881700087
+79881700091
+79881700397
+79881700398
+79881700399
+79881700401
+79881700403
+79881700405
+79886000637
+79886000835
+79886001145
+79886001216
+79886001219
+79886001224
+79886001226
+79886001229
+79886001230
+79886001231
+79897900063
+79897900172
+79897900461
+79897900510
+79897900518
+79897900586
+79897900786
+79897900792
+79897900794
+79897900913
+79885950516
+79885950629
+79885950630
+79885950631
+79885950632
+79885950639
+79885950680
+79885950687
+79885950690
+79885950701
+79170808168
+79170808172
+79170808176
+79170808179
+79170808192
+79170808194
+79170808201
+79170808203
+79170808204
+79170808205
+79885900958
+79885902874
+79885902881
+79885902882
+79885902888
+79885902894
+79885902902
+79885902948
+79885902959
+79885902979
+79886000637
+79886000835
+79886001145
+79886001216
+79886001219
+79886001224
+79886001226
+79886001229
+79886001230
+79886001231
+79881700074
+79881700079
+79881700087
+79881700091
+79881700397
+79881700398
+79881700399
+79881700401
+79881700403
+79881700405
+79885900958
+79885902874
+79885902881
+79885902882
+79885902888
+79885902894
+79885902902
+79885902948
+79885902959
+79885902979
+79897900063
+79897900172
+79897900461
+79897900510
+79897900518
+79897900586
+79897900786
+79897900792
+79897900794
+79897900913
+79171802378
+79171803658
+79171803806
+79171804147
+79171804380
+79171805019
+79171805022
+79171805023
+79171805024
+79171805026
+79171902379
+79171902413
+79171903836
+79171904743
+79171904847
+79171906405
+79171906406
+79171906407
+79171906408
+79171906412
+79170812146
+79170812157
+79170812158
+79170812186
+79170812258
+79170812567
+79170812688
+79170812855
+79170812897
+79170812915
+79880702283
+79880705871
+79880706388
+79880706510
+79880706785
+79880706856
+79880706954
+79880707298
+79880707299
+79880707304
+79170808168
+79170808172
+79170808176
+79170808179
+79170808192
+79170808194
+79170808201
+79170808203
+79170808204
+79170808205
+79170899036
+79170899042
+79170899043
+79170899061
+79170899067
+79170899073
+79170899095
+79170899104
+79170899149
+79170899152
+79880702283
+79880705871
+79880706388
+79880706510
+79880706785
+79880706856
+79880706954
+79880707298
+79880707299
+79880707304
+79885900958
+79885902874
+79885902881
+79885902882
+79885902888
+79885902894
+79885902902
+79885902948
+79885902959
+79885902979
+79171902379
+79171902413
+79171903836
+79171904743
+79171904847
+79171906405
+79171906406
+79171906407
+79171906408
+79171906412
+79171802378
+79171803658
+79171803806
+79171804147
+79171804380
+79171805019
+79171805022
+79171805023
+79171805024
+79171805026
+79896800343
+79896800351
+79896800361
+79896800368
+79896800457
+79896800516
+79896800521
+79896800532
+79896800601
+79896800615
+79885900958
+79885902874
+79885902881
+79885902882
+79885902888
+79885902894
+79885902902
+79885902948
+79885902959
+79885902979
+79885900958
+79885902874
+79885902881
+79885902882
+79885902888
+79885902894
+79885902902
+79885902948
+79885902959
+79885902979
+79896800343
+79896800351
+79896800361
+79896800368
+79896800457
+79896800516
+79896800521
+79896800532
+79896800601
+79896800615
+79897900063
+79897900172
+79897900461
+79897900510
+79897900518
+79897900586
+79897900786
+79897900792
+79897900794
+79897900913
+79171702018
+79171702511
+79171704583
+79171704584
+79171704585
+79171704586
+79171704587
+79171704589
+79171704592
+79171704597
+79170812146
+79170812157
+79170812158
+79170812186
+79170812258
+79170812567
+79170812688
+79170812855
+79170812897
+79170812915
+79880702283
+79880705871
+79880706388
+79880706510
+79880706785
+79880706856
+79880706954
+79880707298
+79880707299
+79880707304
+79897900063
+79897900172
+79897900461
+79897900510
+79897900518
+79897900586
+79897900786
+79897900792
+79897900794
+79897900913
+79171802378
+79171803658
+79171803806
+79171804147
+79171804380
+79171805019
+79171805022
+79171805023
+79171805024
+79171805026
+79170899036
+79170899042
+79170899043
+79170899061
+79170899067
+79170899073
+79170899095
+79170899104
+79170899149
+79170899152
+79171702018
+79171702511
+79171704583
+79171704584
+79171704585
+79171704586
+79171704587
+79171704589
+79171704592
+79171704597
+79171802378
+79171803658
+79171803806
+79171804147
+79171804380
+79171805019
+79171805022
+79171805023
+79171805024
+79171805026
+79886000637
+79886000835
+79886001145
+79886001216
+79886001219
+79886001224
+79886001226
+79886001229
+79886001230
+79886001231
+79880600456
+79880600467
+79880600639
+79880600839
+79880600898
+79880600947
+79880600987
+79880601002
+79880601039
+79880601073
+79171902379
+79171902413
+79171903836
+79171904743
+79171904847
+79171906405
+79171906406
+79171906407
+79171906408
+79171906412
+79171802378
+79171803658
+79171803806
+79171804147
+79171804380
+79171805019
+79171805022
+79171805023
+79171805024
+79171805026
+79897900063
+79897900172
+79897900461
+79897900510
+79897900518
+79897900586
+79897900786
+79897900792
+79897900794
+79897900913
+79885900958
+79885902874
+79885902881
+79885902882
+79885902888
+79885902894
+79885902902
+79885902948
+79885902959
+79885902979
+79171702018
+79171702511
+79171704583
+79171704584
+79171704585
+79171704586
+79171704587
+79171704589
+79171704592
+79171704597
+79170899036
+79170899042
+79170899043
+79170899061
+79170899067
+79170899073
+79170899095
+79170899104
+79170899149
+79170899152
+79880702283
+79880705871
+79880706388
+79880706510
+79880706785
+79880706856
+79880706954
+79880707298
+79880707299
+79880707304
+79170812146
+79170812157
+79170812158
+79170812186
+79170812258
+79170812567
+79170812688
+79170812855
+79170812897
+79170812915
+79896800343
+79896800351
+79896800361
+79896800368
+79896800457
+79896800516
+79896800521
+79896800532
+79896800601
+79896800615
+79880702283
+79880705871
+79880706388
+79880706510
+79880706785
+79880706856
+79880706954
+79880707298
+79880707299
+79880707304
+79880600456
+79880600467
+79880600639
+79880600839
+79880600898
+79880600947
+79880600987
+79880601002
+79880601039
+79880601073
+79885950516
+79885950629
+79885950630
+79885950631
+79885950632
+79885950639
+79885950680
+79885950687
+79885950690
+79885950701
+79171902379
+79171902413
+79171903836
+79171904743
+79171904847
+79171906405
+79171906406
+79171906407
+79171906408
+79171906412
+79885900958
+79885902874
+79885902881
+79885902882
+79885902888
+79885902894
+79885902902
+79885902948
+79885902959
+79885902979
+79170899036
+79170899042
+79170899043
+79170899061
+79170899067
+79170899073
+79170899095
+79170899104
+79170899149
+79170899152
+79880702283
+79880705871
+79880706388
+79880706510
+79880706785
+79880706856
+79880706954
+79880707298
+79880707299
+79880707304
+79896800343
+79896800351
+79896800361
+79896800368
+79896800457
+79896800516
+79896800521
+79896800532
+79896800601
+79896800615
+79897900063
+79897900172
+79897900461
+79897900510
+79897900518
+79897900586
+79897900786
+79897900792
+79897900794
+79897900913
+79880600456
+79880600467
+79880600639
+79880600839
+79880600898
+79880600947
+79880600987
+79880601002
+79880601039
+79880601073
+79881700074
+79881700079
+79881700087
+79881700091
+79881700397
+79881700398
+79881700399
+79881700401
+79881700403
+79881700405
+79880600456
+79880600467
+79880600639
+79880600839
+79880600898
+79880600947
+79880600987
+79880601002
+79880601039
+79880601073
+79171702018
+79171702511
+79171704583
+79171704584
+79171704585
+79171704586
+79171704587
+79171704589
+79171704592
+79171704597
+79897900063
+79897900172
+79897900461
+79897900510
+79897900518
+79897900586
+79897900786
+79897900792
+79897900794
+79897900913
+79170808168
+79170808172
+79170808176
+79170808179
+79170808192
+79170808194
+79170808201
+79170808203
+79170808204
+79170808205
+79897900063
+79897900172
+79897900461
+79897900510
+79897900518
+79897900586
+79897900786
+79897900792
+79897900794
+79897900913
+79897900063
+79897900172
+79897900461
+79897900510
+79897900518
+79897900586
+79897900786
+79897900792
+79897900794
+79897900913
+79896800343
+79896800351
+79896800361
+79896800368
+79896800457
+79896800516
+79896800521
+79896800532
+79896800601
+79896800615
+79171802378
+79171803658
+79171803806
+79171804147
+79171804380
+79171805019
+79171805022
+79171805023
+79171805024
+79171805026
+79885950516
+79885950629
+79885950630
+79885950631
+79885950632
+79885950639
+79885950680
+79885950687
+79885950690
+79885950701
+79885950516
+79885950629
+79885950630
+79885950631
+79885950632
+79885950639
+79885950680
+79885950687
+79885950690
+79885950701
+79897900063
+79897900172
+79897900461
+79897900510
+79897900518
+79897900586
+79897900786
+79897900792
+79897900794
+79897900913
+79170899036
+79170899042
+79170899043
+79170899061
+79170899067
+79170899073
+79170899095
+79170899104
+79170899149
+79170899152
+79881700074
+79881700079
+79881700087
+79881700091
+79881700397
+79881700398
+79881700399
+79881700401
+79881700403
+79881700405
+79171902379
+79171902413
+79171903836
+79171904743
+79171904847
+79171906405
+79171906406
+79171906407
+79171906408
+79171906412
+79880702283
+79880705871
+79880706388
+79880706510
+79880706785
+79880706856
+79880706954
+79880707298
+79880707299
+79880707304
+79880600456
+79880600467
+79880600639
+79880600839
+79880600898
+79880600947
+79880600987
+79880601002
+79880601039
+79880601073
+79896800343
+79896800351
+79896800361
+79896800368
+79896800457
+79896800516
+79896800521
+79896800532
+79896800601
+79896800615
+79896800343
+79896800351
+79896800361
+79896800368
+79896800457
+79896800516
+79896800521
+79896800532
+79896800601
+79896800615
+79885950516
+79885950629
+79885950630
+79885950631
+79885950632
+79885950639
+79885950680
+79885950687
+79885950690
+79885950701
+79880600456
+79880600467
+79880600639
+79880600839
+79880600898
+79880600947
+79880600987
+79880601002
+79880601039
+79880601073
+79881700074
+79881700079
+79881700087
+79881700091
+79881700397
+79881700398
+79881700399
+79881700401
+79881700403
+79881700405
+79170899036
+79170899042
+79170899043
+79170899061
+79170899067
+79170899073
+79170899095
+79170899104
+79170899149
+79170899152
+79885900958
+79885902874
+79885902881
+79885902882
+79885902888
+79885902894
+79885902902
+79885902948
+79885902959
+79885902979
+79170900106
+79170900258
+79170900471
+79170900507
+79170900518
+79170900582
+79170900682
+79170900861
+79170901008
+79170901094
+79170808168
+79170808172
+79170808176
+79170808179
+79170808192
+79170808194
+79170808201
+79170808203
+79170808204
+79170808205
+79880702283
+79880705871
+79880706388
+79880706510
+79880706785
+79880706856
+79880706954
+79880707298
+79880707299
+79880707304
+79885950516
+79885950629
+79885950630
+79885950631
+79885950632
+79885950639
+79885950680
+79885950687
+79885950690
+79885950701
+79171902379
+79171902413
+79171903836
+79171904743
+79171904847
+79171906405
+79171906406
+79171906407
+79171906408
+79171906412
+79171702018
+79171702511
+79171704583
+79171704584
+79171704585
+79171704586
+79171704587
+79171704589
+79171704592
+79171704597
+79880702283
+79880705871
+79880706388
+79880706510
+79880706785
+79880706856
+79880706954
+79880707298
+79880707299
+79880707304
+79171902379
+79171902413
+79171903836
+79171904743
+79171904847
+79171906405
+79171906406
+79171906407
+79171906408
+79171906412
+79171702018
+79171702511
+79171704583
+79171704584
+79171704585
+79171704586
+79171704587
+79171704589
+79171704592
+79171704597
+79171902379
+79171902413
+79171903836
+79171904743
+79171904847
+79171906405
+79171906406
+79171906407
+79171906408
+79171906412
+79171702018
+79171702511
+79171704583
+79171704584
+79171704585
+79171704586
+79171704587
+79171704589
+79171704592
+79171704597
+79885950516
+79885950629
+79885950630
+79885950631
+79885950632
+79885950639
+79885950680
+79885950687
+79885950690
+79885950701
+79171702018
+79171702511
+79171704583
+79171704584
+79171704585
+79171704586
+79171704587
+79171704589
+79171704592
+79171704597
+79880702283
+79880705871
+79880706388
+79880706510
+79880706785
+79880706856
+79880706954
+79880707298
+79880707299
+79880707304
+79897900063
+79897900172
+79897900461
+79897900510
+79897900518
+79897900586
+79897900786
+79897900792
+79897900794
+79897900913
+79170808168
+79170808172
+79170808176
+79170808179
+79170808192
+79170808194
+79170808201
+79170808203
+79170808204
+79170808205
+79897900063
+79897900172
+79897900461
+79897900510
+79897900518
+79897900586
+79897900786
+79897900792
+79897900794
+79897900913
+79896800343
+79896800351
+79896800361
+79896800368
+79896800457
+79896800516
+79896800521
+79896800532
+79896800601
+79896800615
+79171902379
+79171902413
+79171903836
+79171904743
+79171904847
+79171906405
+79171906406
+79171906407
+79171906408
+79171906412
+79897900063
+79897900172
+79897900461
+79897900510
+79897900518
+79897900586
+79897900786
+79897900792
+79897900794
+79897900913
+79896800343
+79896800351
+79896800361
+79896800368
+79896800457
+79896800516
+79896800521
+79896800532
+79896800601
+79896800615
+79170808168
+79170808172
+79170808176
+79170808179
+79170808192
+79170808194
+79170808201
+79170808203
+79170808204
+79170808205
+79170899036
+79170899042
+79170899043
+79170899061
+79170899067
+79170899073
+79170899095
+79170899104
+79170899149
+79170899152
+79885950516
+79885950629
+79885950630
+79885950631
+79885950632
+79885950639
+79885950680
+79885950687
+79885950690
+79885950701
+79880600456
+79880600467
+79880600639
+79880600839
+79880600898
+79880600947
+79880600987
+79880601002
+79880601039
+79880601073
+79886000637
+79886000835
+79886001145
+79886001216
+79886001219
+79886001224
+79886001226
+79886001229
+79886001230
+79886001231
+79881700074
+79881700079
+79881700087
+79881700091
+79881700397
+79881700398
+79881700399
+79881700401
+79881700403
+79881700405
+79170812146
+79170812157
+79170812158
+79170812186
+79170812258
+79170812567
+79170812688
+79170812855
+79170812897
+79170812915
+79170812146
+79170812157
+79170812158
+79170812186
+79170812258
+79170812567
+79170812688
+79170812855
+79170812897
+79170812915
+79170808168
+79170808172
+79170808176
+79170808179
+79170808192
+79170808194
+79170808201
+79170808203
+79170808204
+79170808205
+79881700074
+79881700079
+79881700087
+79881700091
+79881700397
+79881700398
+79881700399
+79881700401
+79881700403
+79881700405
+79880600456
+79880600467
+79880600639
+79880600839
+79880600898
+79880600947
+79880600987
+79880601002
+79880601039
+79880601073
+79170808168
+79170808172
+79170808176
+79170808179
+79170808192
+79170808194
+79170808201
+79170808203
+79170808204
+79170808205
+79170808168
+79170808172
+79170808176
+79170808179
+79170808192
+79170808194
+79170808201
+79170808203
+79170808204
+79170808205
+79171902379
+79171902413
+79171903836
+79171904743
+79171904847
+79171906405
+79171906406
+79171906407
+79171906408
+79171906412
+79896800343
+79896800351
+79896800361
+79896800368
+79896800457
+79896800516
+79896800521
+79896800532
+79896800601
+79896800615
+79897900063
+79897900172
+79897900461
+79897900510
+79897900518
+79897900586
+79897900786
+79897900792
+79897900794
+79897900913
+79170900106
+79170900258
+79170900471
+79170900507
+79170900518
+79170900582
+79170900682
+79170900861
+79170901008
+79170901094
+79885900958
+79885902874
+79885902881
+79885902882
+79885902888
+79885902894
+79885902902
+79885902948
+79885902959
+79885902979
+79880702283
+79880705871
+79880706388
+79880706510
+79880706785
+79880706856
+79880706954
+79880707298
+79880707299
+79880707304
+79171902379
+79171902413
+79171903836
+79171904743
+79171904847
+79171906405
+79171906406
+79171906407
+79171906408
+79171906412
+79885950516
+79885950629
+79885950630
+79885950631
+79885950632
+79885950639
+79885950680
+79885950687
+79885950690
+79885950701
+79171702018
+79171702511
+79171704583
+79171704584
+79171704585
+79171704586
+79171704587
+79171704589
+79171704592
+79171704597
+79171802378
+79171803658
+79171803806
+79171804147
+79171804380
+79171805019
+79171805022
+79171805023
+79171805024
+79171805026
+79170900106
+79170900258
+79170900471
+79170900507
+79170900518
+79170900582
+79170900682
+79170900861
+79170901008
+79170901094
+79171802378
+79171803658
+79171803806
+79171804147
+79171804380
+79171805019
+79171805022
+79171805023
+79171805024
+79171805026
+79881700074
+79881700079
+79881700087
+79881700091
+79881700397
+79881700398
+79881700399
+79881700401
+79881700403
+79881700405
+79171902379
+79171902413
+79171903836
+79171904743
+79171904847
+79171906405
+79171906406
+79171906407
+79171906408
+79171906412
+79885900958
+79885902874
+79885902881
+79885902882
+79885902888
+79885902894
+79885902902
+79885902948
+79885902959
+79885902979
+79897900063
+79897900172
+79897900461
+79897900510
+79897900518
+79897900586
+79897900786
+79897900792
+79897900794
+79897900913
+79170900106
+79170900258
+79170900471
+79170900507
+79170900518
+79170900582
+79170900682
+79170900861
+79170901008
+79170901094
+79170899036
+79170899042
+79170899043
+79170899061
+79170899067
+79170899073
+79170899095
+79170899104
+79170899149
+79170899152
+79171802378
+79171803658
+79171803806
+79171804147
+79171804380
+79171805019
+79171805022
+79171805023
+79171805024
+79171805026
+79171702018
+79171702511
+79171704583
+79171704584
+79171704585
+79171704586
+79171704587
+79171704589
+79171704592
+79171704597
+79886000637
+79886000835
+79886001145
+79886001216
+79886001219
+79886001224
+79886001226
+79886001229
+79886001230
+79886001231
+79896800343
+79896800351
+79896800361
+79896800368
+79896800457
+79896800516
+79896800521
+79896800532
+79896800601
+79896800615
+79881700074
+79881700079
+79881700087
+79881700091
+79881700397
+79881700398
+79881700399
+79881700401
+79881700403
+79881700405
+79170812146
+79170812157
+79170812158
+79170812186
+79170812258
+79170812567
+79170812688
+79170812855
+79170812897
+79170812915
+79171902379
+79171902413
+79171903836
+79171904743
+79171904847
+79171906405
+79171906406
+79171906407
+79171906408
+79171906412
+79170900106
+79170900258
+79170900471
+79170900507
+79170900518
+79170900582
+79170900682
+79170900861
+79170901008
+79170901094
+79171802378
+79171803658
+79171803806
+79171804147
+79171804380
+79171805019
+79171805022
+79171805023
+79171805024
+79171805026
+79170808168
+79170808172
+79170808176
+79170808179
+79170808192
+79170808194
+79170808201
+79170808203
+79170808204
+79170808205
+79886000637
+79886000835
+79886001145
+79886001216
+79886001219
+79886001224
+79886001226
+79886001229
+79886001230
+79886001231
+79170899036
+79170899042
+79170899043
+79170899061
+79170899067
+79170899073
+79170899095
+79170899104
+79170899149
+79170899152
+79880702283
+79880705871
+79880706388
+79880706510
+79880706785
+79880706856
+79880706954
+79880707298
+79880707299
+79880707304
+79897900063
+79897900172
+79897900461
+79897900510
+79897900518
+79897900586
+79897900786
+79897900792
+79897900794
+79897900913
+79171702018
+79171702511
+79171704583
+79171704584
+79171704585
+79171704586
+79171704587
+79171704589
+79171704592
+79171704597
+79171802378
+79171803658
+79171803806
+79171804147
+79171804380
+79171805019
+79171805022
+79171805023
+79171805024
+79171805026
+79896800343
+79896800351
+79896800361
+79896800368
+79896800457
+79896800516
+79896800521
+79896800532
+79896800601
+79896800615
+79885900958
+79885902874
+79885902881
+79885902882
+79885902888
+79885902894
+79885902902
+79885902948
+79885902959
+79885902979
+79171902379
+79171902413
+79171903836
+79171904743
+79171904847
+79171906405
+79171906406
+79171906407
+79171906408
+79171906412
+79896800343
+79896800351
+79896800361
+79896800368
+79896800457
+79896800516
+79896800521
+79896800532
+79896800601
+79896800615
+79881700074
+79881700079
+79881700087
+79881700091
+79881700397
+79881700398
+79881700399
+79881700401
+79881700403
+79881700405
+79885900958
+79885902874
+79885902881
+79885902882
+79885902888
+79885902894
+79885902902
+79885902948
+79885902959
+79885902979
+79171802378
+79171803658
+79171803806
+79171804147
+79171804380
+79171805019
+79171805022
+79171805023
+79171805024
+79171805026
+79880600456
+79880600467
+79880600639
+79880600839
+79880600898
+79880600947
+79880600987
+79880601002
+79880601039
+79880601073
+79171802378
+79171803658
+79171803806
+79171804147
+79171804380
+79171805019
+79171805022
+79171805023
+79171805024
+79171805026
+79880702283
+79880705871
+79880706388
+79880706510
+79880706785
+79880706856
+79880706954
+79880707298
+79880707299
+79880707304
+79170900106
+79170900258
+79170900471
+79170900507
+79170900518
+79170900582
+79170900682
+79170900861
+79170901008
+79170901094
+79880600456
+79880600467
+79880600639
+79880600839
+79880600898
+79880600947
+79880600987
+79880601002
+79880601039
+79880601073
+79170812146
+79170812157
+79170812158
+79170812186
+79170812258
+79170812567
+79170812688
+79170812855
+79170812897
+79170812915
+79170899036
+79170899042
+79170899043
+79170899061
+79170899067
+79170899073
+79170899095
+79170899104
+79170899149
+79170899152
+79171802378
+79171803658
+79171803806
+79171804147
+79171804380
+79171805019
+79171805022
+79171805023
+79171805024
+79171805026
+79881700074
+79881700079
+79881700087
+79881700091
+79881700397
+79881700398
+79881700399
+79881700401
+79881700403
+79881700405
+79881700074
+79881700079
+79881700087
+79881700091
+79881700397
+79881700398
+79881700399
+79881700401
+79881700403
+79881700405
+79885900958
+79885902874
+79885902881
+79885902882
+79885902888
+79885902894
+79885902902
+79885902948
+79885902959
+79885902979
+79881700074
+79881700079
+79881700087
+79881700091
+79881700397
+79881700398
+79881700399
+79881700401
+79881700403
+79881700405
+79170899036
+79170899042
+79170899043
+79170899061
+79170899067
+79170899073
+79170899095
+79170899104
+79170899149
+79170899152
+79880600456
+79880600467
+79880600639
+79880600839
+79880600898
+79880600947
+79880600987
+79880601002
+79880601039
+79880601073
+79885900958
+79885902874
+79885902881
+79885902882
+79885902888
+79885902894
+79885902902
+79885902948
+79885902959
+79885902979
+79170808168
+79170808172
+79170808176
+79170808179
+79170808192
+79170808194
+79170808201
+79170808203
+79170808204
+79170808205
+79171902379
+79171902413
+79171903836
+79171904743
+79171904847
+79171906405
+79171906406
+79171906407
+79171906408
+79171906412
+79886000637
+79886000835
+79886001145
+79886001216
+79886001219
+79886001224
+79886001226
+79886001229
+79886001230
+79886001231
+79880600456
+79880600467
+79880600639
+79880600839
+79880600898
+79880600947
+79880600987
+79880601002
+79880601039
+79880601073
+79896800343
+79896800351
+79896800361
+79896800368
+79896800457
+79896800516
+79896800521
+79896800532
+79896800601
+79896800615
+79170812146
+79170812157
+79170812158
+79170812186
+79170812258
+79170812567
+79170812688
+79170812855
+79170812897
+79170812915
+79885950516
+79885950629
+79885950630
+79885950631
+79885950632
+79885950639
+79885950680
+79885950687
+79885950690
+79885950701
+79171902379
+79171902413
+79171903836
+79171904743
+79171904847
+79171906405
+79171906406
+79171906407
+79171906408
+79171906412
+79170899036
+79170899042
+79170899043
+79170899061
+79170899067
+79170899073
+79170899095
+79170899104
+79170899149
+79170899152
+79171902379
+79171902413
+79171903836
+79171904743
+79171904847
+79171906405
+79171906406
+79171906407
+79171906408
+79171906412
+79880702283
+79880705871
+79880706388
+79880706510
+79880706785
+79880706856
+79880706954
+79880707298
+79880707299
+79880707304
+79896800343
+79896800351
+79896800361
+79896800368
+79896800457
+79896800516
+79896800521
+79896800532
+79896800601
+79896800615
+79880600456
+79880600467
+79880600639
+79880600839
+79880600898
+79880600947
+79880600987
+79880601002
+79880601039
+79880601073
+79170900106
+79170900258
+79170900471
+79170900507
+79170900518
+79170900582
+79170900682
+79170900861
+79170901008
+79170901094
+79885950516
+79885950629
+79885950630
+79885950631
+79885950632
+79885950639
+79885950680
+79885950687
+79885950690
+79885950701
+79880702283
+79880705871
+79880706388
+79880706510
+79880706785
+79880706856
+79880706954
+79880707298
+79880707299
+79880707304
+79171902379
+79171902413
+79171903836
+79171904743
+79171904847
+79171906405
+79171906406
+79171906407
+79171906408
+79171906412
