+79132600937
+79132601002
+79132601005
+79132601007
+79132601084
+79132601094
+79132601104
+79132601113
+79132601114
+79132601115
+79835420650
+79835420655
+79835420705
+79835420844
+79835420875
+79835420936
+79835420941
+79835420973
+79835421028
+79835421053
+79133600207
+79133600217
+79133600270
+79133600337
+79133601672
+79133601698
+79133601726
+79133601727
+79133601738
+79133601743
+79132600937
+79132601002
+79132601005
+79132601007
+79132601084
+79132601094
+79132601104
+79132601113
+79132601114
+79132601115
+79132700818
+79132702037
+79132703649
+79132703663
+79132703672
+79132703677
+79132703701
+79132703704
+79132703726
+79132703748
+79833900448
+79833900469
+79833900489
+79833900496
+79833900628
+79833900654
+79833900784
+79833901032
+79833901296
+79833902736
+79833900448
+79833900469
+79833900489
+79833900496
+79833900628
+79833900654
+79833900784
+79833901032
+79833901296
+79833902736
+79831801481
+79831801506
+79831801543
+79831801734
+79831801736
+79831801874
+79831801884
+79831801935
+79831801983
+79831802061
+79130901731
+79130901749
+79130901926
+79130901938
+79130902296
+79130902357
+79130902548
+79130902563
+79130902585
+79130902697
+79132500580
+79132500897
+79132501573
+79132501842
+79132501882
+79132502198
+79132502497
+79132503823
+79132504185
+79132504262
+79132500580
+79132500897
+79132501573
+79132501842
+79132501882
+79132502198
+79132502497
+79132503823
+79132504185
+79132504262
+79130233118
+79130233122
+79130233123
+79130233124
+79130233126
+79130233129
+79130233130
+79130233134
+79130233138
+79130233139
+79132300749
+79132301005
+79132301074
+79132301182
+79132301197
+79132301379
+79132301618
+79132302739
+79132302741
+79132302744
+79831000273
+79831000972
+79831001027
+79831001038
+79831001057
+79831002243
+79831002474
+79831002674
+79831002742
+79831002752
+79132110864
+79132110866
+79132110869
+79132110872
+79132110886
+79132110889
+79132110890
+79132110892
+79132110904
+79132110915
+79833801048
+79833801057
+79833801067
+79833801069
+79833801076
+79833801078
+79833801080
+79833801084
+79833801085
+79833801087
+79132110864
+79132110866
+79132110869
+79132110872
+79132110886
+79132110889
+79132110890
+79132110892
+79132110904
+79132110915
+79831700415
+79831701102
+79831701279
+79831701387
+79831701395
+79831701402
+79831701467
+79831701484
+79831701540
+79831701557
+79132600937
+79132601002
+79132601005
+79132601007
+79132601084
+79132601094
+79132601104
+79132601113
+79132601114
+79132601115
+79130801398
+79130801399
+79130801425
+79130801429
+79130801443
+79130801476
+79130801494
+79130801508
+79130801509
+79130801539
+79831000273
+79831000972
+79831001027
+79831001038
+79831001057
+79831002243
+79831002474
+79831002674
+79831002742
+79831002752
+79133600207
+79133600217
+79133600270
+79133600337
+79133601672
+79133601698
+79133601726
+79133601727
+79133601738
+79133601743
+79132300749
+79132301005
+79132301074
+79132301182
+79132301197
+79132301379
+79132301618
+79132302739
+79132302741
+79132302744
+79132401089
+79132401320
+79132401370
+79132401443
+79132401537
+79132401570
+79132401576
+79132401596
+79132401632
+79132401675
+79130901731
+79130901749
+79130901926
+79130901938
+79130902296
+79130902357
+79130902548
+79130902563
+79130902585
+79130902697
+79833500345
+79833500351
+79833500358
+79833500359
+79833500361
+79833500362
+79833500363
+79833500364
+79833500366
+79833500368
+79130801398
+79130801399
+79130801425
+79130801429
+79130801443
+79130801476
+79130801494
+79130801508
+79130801509
+79130801539
+79132110864
+79132110866
+79132110869
+79132110872
+79132110886
+79132110889
+79132110890
+79132110892
+79132110904
+79132110915
+79831801481
+79831801506
+79831801543
+79831801734
+79831801736
+79831801874
+79831801884
+79831801935
+79831801983
+79831802061
+79831700415
+79831701102
+79831701279
+79831701387
+79831701395
+79831701402
+79831701467
+79831701484
+79831701540
+79831701557
+79132204831
+79132205146
+79132205171
+79132205230
+79132205241
+79132205249
+79132205372
+79132205407
+79132205411
+79132205708
+79132110864
+79132110866
+79132110869
+79132110872
+79132110886
+79132110889
+79132110890
+79132110892
+79132110904
+79132110915
+79835506074
+79835506076
+79835506079
+79835506081
+79835506096
+79835506099
+79835506106
+79835506113
+79835506114
+79835506115
+79130801398
+79130801399
+79130801425
+79130801429
+79130801443
+79130801476
+79130801494
+79130801508
+79130801509
+79130801539
+79833500308
+79833500345
+79833500351
+79833500358
+79833500359
+79833500361
+79833500362
+79833500363
+79833500364
+79833500366
+79132401089
+79132401320
+79132401370
+79132401443
+79132401537
+79132401570
+79132401576
+79132401596
+79132401632
+79132401675
+79132500580
+79132500897
+79132501573
+79132501842
+79132501882
+79132502198
+79132502497
+79132503823
+79132504185
+79132504262
+79132700818
+79132702037
+79132703649
+79132703663
+79132703672
+79132703677
+79132703701
+79132703704
+79132703726
+79132703748
+79833801048
+79833801057
+79833801067
+79833801069
+79833801076
+79833801078
+79833801080
+79833801084
+79833801085
+79833801087
+79833500308
+79833500345
+79833500351
+79833500358
+79833500359
+79833500361
+79833500362
+79833500363
+79833500364
+79833500366
+79132204831
+79132205146
+79132205171
+79132205230
+79132205241
+79132205249
+79132205372
+79132205407
+79132205411
+79132205708
+79835420650
+79835420655
+79835420705
+79835420844
+79835420875
+79835420936
+79835420941
+79835420973
+79835421028
+79835421053
+79831801481
+79831801506
+79831801543
+79831801734
+79831801736
+79831801874
+79831801884
+79831801935
+79831801983
+79831802061
+79132204831
+79132205146
+79132205171
+79132205230
+79132205241
+79132205249
+79132205372
+79132205407
+79132205411
+79132205708
+79130233118
+79130233122
+79130233123
+79130233124
+79130233126
+79130233129
+79130233130
+79130233134
+79130233138
+79130233139
+79835420650
+79835420655
+79835420705
+79835420844
+79835420875
+79835420936
+79835420941
+79835420973
+79835421028
+79835421053
+79833801048
+79833801057
+79833801067
+79833801069
+79833801076
+79833801078
+79833801080
+79833801084
+79833801085
+79833801087
+79130901731
+79130901749
+79130901926
+79130901938
+79130902296
+79130902357
+79130902548
+79130902563
+79130902585
+79130902697
+79835420650
+79835420655
+79835420705
+79835420844
+79835420875
+79835420936
+79835420941
+79835420973
+79835421028
+79835421053
+79833900448
+79833900469
+79833900489
+79833900496
+79833900628
+79833900654
+79833900784
+79833901032
+79833901296
+79833902736
+79831801481
+79831801506
+79831801543
+79831801734
+79831801736
+79831801874
+79831801884
+79831801935
+79831801983
+79831802061
+79831000273
+79831000972
+79831001027
+79831001038
+79831001057
+79831002243
+79831002474
+79831002674
+79831002742
+79831002752
+79833500308
+79833500345
+79833500351
+79833500358
+79833500359
+79833500361
+79833500362
+79833500363
+79833500364
+79833500366
+79132401089
+79132401320
+79132401370
+79132401443
+79132401537
+79132401570
+79132401576
+79132401596
+79132401632
+79132401675
+79831700415
+79831701102
+79831701279
+79831701387
+79831701395
+79831701402
+79831701467
+79831701484
+79831701540
+79831701557
+79132700818
+79132702037
+79132703649
+79132703663
+79132703672
+79132703677
+79132703701
+79132703704
+79132703726
+79132703748
+79836000514
+79836000551
+79836000561
+79836000831
+79836001002
+79836001057
+79836001195
+79836001948
+79836002045
+79836002067
+79132204831
+79132205146
+79132205171
+79132205230
+79132205241
+79132205249
+79132205372
+79132205407
+79132205411
+79132205708
+79833801048
+79833801057
+79833801067
+79833801069
+79833801076
+79833801078
+79833801080
+79833801084
+79833801085
+79833801087
+79835420650
+79835420655
+79835420705
+79835420844
+79835420875
+79835420936
+79835420941
+79835420973
+79835421028
+79835421053
+79833500308
+79833500345
+79833500351
+79833500358
+79833500359
+79833500361
+79833500362
+79833500363
+79833500364
+79833500366
+79132110864
+79132110866
+79132110869
+79132110872
+79132110886
+79132110889
+79132110890
+79132110892
+79132110904
+79132110915
+79132500580
+79132500897
+79132501573
+79132501842
+79132501882
+79132502198
+79132502497
+79132503823
+79132504185
+79132504262
+79132204831
+79132205146
+79132205171
+79132205230
+79132205241
+79132205249
+79132205372
+79132205407
+79132205411
+79132205708
+79833900448
+79833900469
+79833900489
+79833900496
+79833900628
+79833900654
+79833900784
+79833901032
+79833901296
+79833902736
+79835420650
+79835420655
+79835420705
+79835420844
+79835420875
+79835420936
+79835420941
+79835420973
+79835421028
+79835421053
+79833801048
+79833801057
+79833801067
+79833801069
+79833801076
+79833801078
+79833801080
+79833801084
+79833801085
+79833801087
+79132500580
+79132500897
+79132501573
+79132501842
+79132501882
+79132502198
+79132502497
+79132503823
+79132504185
+79132504262
+79132401089
+79132401320
+79132401370
+79132401443
+79132401537
+79132401570
+79132401576
+79132401596
+79132401632
+79132401675
+79130233118
+79130233122
+79130233123
+79130233124
+79130233126
+79130233129
+79130233130
+79130233134
+79130233138
+79130233139
+79133600207
+79133600217
+79133600270
+79133600337
+79133601672
+79133601698
+79133601726
+79133601727
+79133601738
+79133601743
+79835506074
+79835506076
+79835506079
+79835506081
+79835506096
+79835506099
+79835506106
+79835506113
+79835506114
+79835506115
+79133600207
+79133600217
+79133600270
+79133600337
+79133601672
+79133601698
+79133601726
+79133601727
+79133601738
+79133601743
+79833900448
+79833900469
+79833900489
+79833900496
+79833900628
+79833900654
+79833900784
+79833901032
+79833901296
+79833902736
+79132500580
+79132500897
+79132501573
+79132501842
+79132501882
+79132502198
+79132502497
+79132503823
+79132504185
+79132504262
+79132700818
+79132702037
+79132703649
+79132703663
+79132703672
+79132703677
+79132703701
+79132703704
+79132703726
+79132703748
+79836000514
+79836000551
+79836000561
+79836000831
+79836001002
+79836001057
+79836001195
+79836001948
+79836002045
+79836002067
+79132700818
+79132702037
+79132703649
+79132703663
+79132703672
+79132703677
+79132703701
+79132703704
+79132703726
+79132703748
+79132300749
+79132301005
+79132301074
+79132301182
+79132301197
+79132301379
+79132301618
+79132302739
+79132302741
+79132302744
+79835420650
+79835420655
+79835420705
+79835420844
+79835420875
+79835420936
+79835420941
+79835420973
+79835421028
+79835421053
+79831801481
+79831801506
+79831801543
+79831801734
+79831801736
+79831801874
+79831801884
+79831801935
+79831801983
+79831802061
+79132110864
+79132110866
+79132110869
+79132110872
+79132110886
+79132110889
+79132110890
+79132110892
+79132110904
+79132110915
+79133600207
+79133600217
+79133600270
+79133600337
+79133601672
+79133601698
+79133601726
+79133601727
+79133601738
+79133601743
+79836000514
+79836000551
+79836000561
+79836000831
+79836001002
+79836001057
+79836001195
+79836001948
+79836002045
+79836002067
+79130801398
+79130801399
+79130801425
+79130801429
+79130801443
+79130801476
+79130801494
+79130801508
+79130801509
+79130801539
+79132700818
+79132702037
+79132703649
+79132703663
+79132703672
+79132703677
+79132703701
+79132703704
+79132703726
+79132703748
+79130801398
+79130801399
+79130801425
+79130801429
+79130801443
+79130801476
+79130801494
+79130801508
+79130801509
+79130801539
+79132300749
+79132301005
+79132301074
+79132301182
+79132301197
+79132301379
+79132301618
+79132302739
+79132302741
+79132302744
+79831000273
+79831000972
+79831001027
+79831001038
+79831001057
+79831002243
+79831002474
+79831002674
+79831002742
+79831002752
+79132401089
+79132401320
+79132401370
+79132401443
+79132401537
+79132401570
+79132401576
+79132401596
+79132401632
+79132401675
+79835420650
+79835420655
+79835420705
+79835420844
+79835420875
+79835420936
+79835420941
+79835420973
+79835421028
+79835421053
+79130901731
+79130901749
+79130901926
+79130901938
+79130902296
+79130902357
+79130902548
+79130902563
+79130902585
+79130902697
+79132700818
+79132702037
+79132703649
+79132703663
+79132703672
+79132703677
+79132703701
+79132703704
+79132703726
+79132703748
+79133600207
+79133600217
+79133600270
+79133600337
+79133601672
+79133601698
+79133601726
+79133601727
+79133601738
+79133601743
+79132600937
+79132601002
+79132601005
+79132601007
+79132601084
+79132601094
+79132601104
+79132601113
+79132601114
+79132601115
+79833500308
+79833500345
+79833500351
+79833500358
+79833500359
+79833500361
+79833500362
+79833500363
+79833500364
+79833500366
+79833900448
+79833900469
+79833900489
+79833900496
+79833900628
+79833900654
+79833900784
+79833901032
+79833901296
+79833902736
+79831801481
+79831801506
+79831801543
+79831801734
+79831801736
+79831801874
+79831801884
+79831801935
+79831801983
+79831802061
+79835420650
+79835420655
+79835420705
+79835420844
+79835420875
+79835420936
+79835420941
+79835420973
+79835421028
+79835421053
+79831000273
+79831000972
+79831001027
+79831001038
+79831001057
+79831002243
+79831002474
+79831002674
+79831002742
+79831002752
+79130901731
+79130901749
+79130901926
+79130901938
+79130902296
+79130902357
+79130902548
+79130902563
+79130902585
+79130902697
+79831801481
+79831801506
+79831801543
+79831801734
+79831801736
+79831801874
+79831801884
+79831801935
+79831801983
+79831802061
+79132110864
+79132110866
+79132110869
+79132110872
+79132110886
+79132110889
+79132110890
+79132110892
+79132110904
+79132110915
+79831000273
+79831000972
+79831001027
+79831001038
+79831001057
+79831002243
+79831002474
+79831002674
+79831002742
+79831002752
+79835506074
+79835506076
+79835506079
+79835506081
+79835506096
+79835506099
+79835506106
+79835506113
+79835506114
+79835506115
+79833900448
+79833900469
+79833900489
+79833900496
+79833900628
+79833900654
+79833900784
+79833901032
+79833901296
+79833902736
+79833900448
+79833900469
+79833900489
+79833900496
+79833900628
+79833900654
+79833900784
+79833901032
+79833901296
+79833902736
+79132700818
+79132702037
+79132703649
+79132703663
+79132703672
+79132703677
+79132703701
+79132703704
+79132703726
+79132703748
+79831801481
+79831801506
+79831801543
+79831801734
+79831801736
+79831801874
+79831801884
+79831801935
+79831801983
+79831802061
+79132110864
+79132110866
+79132110869
+79132110872
+79132110886
+79132110889
+79132110890
+79132110892
+79132110904
+79132110915
+79132110864
+79132110866
+79132110869
+79132110872
+79132110886
+79132110889
+79132110890
+79132110892
+79132110904
+79132110915
+79132500580
+79132500897
+79132501573
+79132501842
+79132501882
+79132502198
+79132502497
+79132503823
+79132504185
+79132504262
+79133600207
+79133600217
+79133600270
+79133600337
+79133601672
+79133601698
+79133601726
+79133601727
+79133601738
+79133601743
+79132401089
+79132401320
+79132401370
+79132401443
+79132401537
+79132401570
+79132401576
+79132401596
+79132401632
+79132401675
+79833801048
+79833801057
+79833801067
+79833801069
+79833801076
+79833801078
+79833801080
+79833801084
+79833801085
+79833801087
+79132700818
+79132702037
+79132703649
+79132703663
+79132703672
+79132703677
+79132703701
+79132703704
+79132703726
+79132703748
+79835420650
+79835420655
+79835420705
+79835420844
+79835420875
+79835420936
+79835420941
+79835420973
+79835421028
+79835421053
+79833801048
+79833801057
+79833801067
+79833801069
+79833801076
+79833801078
+79833801080
+79833801084
+79833801085
+79833801087
+79831000273
+79831000972
+79831001027
+79831001038
+79831001057
+79831002243
+79831002474
+79831002674
+79831002742
+79831002752
+79836000514
+79836000551
+79836000561
+79836000831
+79836001002
+79836001057
+79836001195
+79836001948
+79836002045
+79836002067
+79836000514
+79836000551
+79836000561
+79836000831
+79836001002
+79836001057
+79836001195
+79836001948
+79836002045
+79836002067
+79831700415
+79831701102
+79831701279
+79831701387
+79831701395
+79831701402
+79831701467
+79831701484
+79831701540
+79831701557
+79130233118
+79130233122
+79130233123
+79130233124
+79130233126
+79130233129
+79130233130
+79130233134
+79130233138
+79130233139
+79132700818
+79132702037
+79132703649
+79132703663
+79132703672
+79132703677
+79132703701
+79132703704
+79132703726
+79132703748
+79132110864
+79132110866
+79132110869
+79132110872
+79132110886
+79132110889
+79132110890
+79132110892
+79132110904
+79132110915
+79833500308
+79833500345
+79833500351
+79833500358
+79833500359
+79833500361
+79833500362
+79833500363
+79833500364
+79833500366
+79132110864
+79132110866
+79132110869
+79132110872
+79132110886
+79132110889
+79132110890
+79132110892
+79132110904
+79132110915
+79130901731
+79130901749
+79130901926
+79130901938
+79130902296
+79130902357
+79130902548
+79130902563
+79130902585
+79130902697
+79132300749
+79132301005
+79132301074
+79132301182
+79132301197
+79132301379
+79132301618
+79132302739
+79132302741
+79132302744
+79130233118
+79130233122
+79130233123
+79130233124
+79130233126
+79130233129
+79130233130
+79130233134
+79130233138
+79130233139
+79831700415
+79831701102
+79831701279
+79831701387
+79831701395
+79831701402
+79831701467
+79831701484
+79831701540
+79831701557
+79833900448
+79833900469
+79833900489
+79833900496
+79833900628
+79833900654
+79833900784
+79833901032
+79833901296
+79833902736
+79130901731
+79130901749
+79130901926
+79130901938
+79130902296
+79130902357
+79130902548
+79130902563
+79130902585
+79130902697
+79831801481
+79831801506
+79831801543
+79831801734
+79831801736
+79831801874
+79831801884
+79831801935
+79831801983
+79831802061
+79836000514
+79836000551
+79836000561
+79836000831
+79836001002
+79836001057
+79836001195
+79836001948
+79836002045
+79836002067
+79130801398
+79130801399
+79130801425
+79130801429
+79130801443
+79130801476
+79130801494
+79130801508
+79130801509
+79130801539
+79132401089
+79132401320
+79132401370
+79132401443
+79132401537
+79132401570
+79132401576
+79132401596
+79132401632
+79132401675
+79831000273
+79831000972
+79831001027
+79831001038
+79831001057
+79831002243
+79831002474
+79831002674
+79831002742
+79831002752
+79835506074
+79835506076
+79835506079
+79835506081
+79835506096
+79835506099
+79835506106
+79835506113
+79835506114
+79835506115
+79132300749
+79132301005
+79132301074
+79132301182
+79132301197
+79132301379
+79132301618
+79132302739
+79132302741
+79132302744
+79130901731
+79130901749
+79130901926
+79130901938
+79130902296
+79130902357
+79130902548
+79130902563
+79130902585
+79130902697
+79132401089
+79132401320
+79132401370
+79132401443
+79132401537
+79132401570
+79132401576
+79132401596
+79132401632
+79132401675
+79133600207
+79133600217
+79133600270
+79133600337
+79133601672
+79133601698
+79133601726
+79133601727
+79133601738
+79133601743
+79831801481
+79831801506
+79831801543
+79831801734
+79831801736
+79831801874
+79831801884
+79831801935
+79831801983
+79831802061
+79831000273
+79831000972
+79831001027
+79831001038
+79831001057
+79831002243
+79831002474
+79831002674
+79831002742
+79831002752
+79132401089
+79132401320
+79132401370
+79132401443
+79132401537
+79132401570
+79132401576
+79132401596
+79132401632
+79132401675
+79132700818
+79132702037
+79132703649
+79132703663
+79132703672
+79132703677
+79132703701
+79132703704
+79132703726
+79132703748
+79132110864
+79132110866
+79132110869
+79132110872
+79132110886
+79132110889
+79132110890
+79132110892
+79132110904
+79132110915
+79132700818
+79132702037
+79132703649
+79132703663
+79132703672
+79132703677
+79132703701
+79132703704
+79132703726
+79132703748
+79132500580
+79132500897
+79132501573
+79132501842
+79132501882
+79132502198
+79132502497
+79132503823
+79132504185
+79132504262
+79833900448
+79833900469
+79833900489
+79833900496
+79833900628
+79833900654
+79833900784
+79833901032
+79833901296
+79833902736
+79831801481
+79831801506
+79831801543
+79831801734
+79831801736
+79831801874
+79831801884
+79831801935
+79831801983
+79831802061
+79831000273
+79831000972
+79831001027
+79831001038
+79831001057
+79831002243
+79831002474
+79831002674
+79831002742
+79831002752
+79132700818
+79132702037
+79132703649
+79132703663
+79132703672
+79132703677
+79132703701
+79132703704
+79132703726
+79132703748
+79132600937
+79132601002
+79132601005
+79132601007
+79132601084
+79132601094
+79132601104
+79132601113
+79132601114
+79132601115
+79132600937
+79132601002
+79132601005
+79132601007
+79132601084
+79132601094
+79132601104
+79132601113
+79132601114
+79132601115
+79833500308
+79833500345
+79833500351
+79833500358
+79833500359
+79833500361
+79833500362
+79833500363
+79833500364
+79833500366
+79130901731
+79130901749
+79130901926
+79130901938
+79130902296
+79130902357
+79130902548
+79130902563
+79130902585
+79130902697
+79831000273
+79831000972
+79831001027
+79831001038
+79831001057
+79831002243
+79831002474
+79831002674
+79831002742
+79831002752
+79130233118
+79130233122
+79130233123
+79130233124
+79130233126
+79130233129
+79130233130
+79130233134
+79130233138
+79130233139
+79133600207
+79133600217
+79133600270
+79133600337
+79133601672
+79133601698
+79133601726
+79133601727
+79133601738
+79133601743
+79835420650
+79835420655
+79835420705
+79835420844
+79835420875
+79835420936
+79835420941
+79835420973
+79835421028
+79835421053
+79130801398
+79130801399
+79130801425
+79130801429
+79130801443
+79130801476
+79130801494
+79130801508
+79130801509
+79130801539
+79132500580
+79132500897
+79132501573
+79132501842
+79132501882
+79132502198
+79132502497
+79132503823
+79132504185
+79132504262
+79130801398
+79130801399
+79130801425
+79130801429
+79130801443
+79130801476
+79130801494
+79130801508
+79130801509
+79130801539
+79833500308
+79833500345
+79833500351
+79833500358
+79833500359
+79833500361
+79833500362
+79833500363
+79833500364
+79833500366
+79130901731
+79130901749
+79130901926
+79130901938
+79130902296
+79130902357
+79130902548
+79130902563
+79130902585
+79130902697
+79132700818
+79132702037
+79132703649
+79132703663
+79132703672
+79132703677
+79132703701
+79132703704
+79132703726
+79132703748
+79132600937
+79132601002
+79132601005
+79132601007
+79132601084
+79132601094
+79132601104
+79132601113
+79132601114
+79132601115
+79133600207
+79133600217
+79133600270
+79133600337
+79133601672
+79133601698
+79133601726
+79133601727
+79133601738
+79133601743
+79831000273
+79831000972
+79831001027
+79831001038
+79831001057
+79831002243
+79831002474
+79831002674
+79831002742
+79831002752
+79132110864
+79132110866
+79132110869
+79132110872
+79132110886
+79132110889
+79132110890
+79132110892
+79132110904
+79132110915
+79836000514
+79836000551
+79836000561
+79836000831
+79836001002
+79836001057
+79836001195
+79836001948
+79836002045
+79836002067
+79130233118
+79130233122
+79130233123
+79130233124
+79130233126
+79130233129
+79130233130
+79130233134
+79130233138
+79130233139
+79132204831
+79132205146
+79132205171
+79132205230
+79132205241
+79132205249
+79132205372
+79132205407
+79132205411
+79132205708
+79835506074
+79835506076
+79835506079
+79835506081
+79835506096
+79835506099
+79835506106
+79835506113
+79835506114
+79835506115
+79132204831
+79132205146
+79132205171
+79132205230
+79132205241
+79132205249
+79132205372
+79132205407
+79132205411
+79132205708
+79133600207
+79133600217
+79133600270
+79133600337
+79133601672
+79133601698
+79133601726
+79133601727
+79133601738
+79133601743
+79831801481
+79831801506
+79831801543
+79831801734
+79831801736
+79831801874
+79831801884
+79831801935
+79831801983
+79831802061
+79835420650
+79835420655
+79835420705
+79835420844
+79835420875
+79835420936
+79835420941
+79835420973
+79835421028
+79835421053
+79130801398
+79130801399
+79130801425
+79130801429
+79130801443
+79130801476
+79130801494
+79130801508
+79130801509
+79130801539
+79132204831
+79132205146
+79132205171
+79132205230
+79132205241
+79132205249
+79132205372
+79132205407
+79132205411
+79132205708
+79132500580
+79132500897
+79132501573
+79132501842
+79132501882
+79132502198
+79132502497
+79132503823
+79132504185
+79132504262
+79132204831
+79132205146
+79132205171
+79132205230
+79132205241
+79132205249
+79132205372
+79132205407
+79132205411
+79132205708
+79833500308
+79833500345
+79833500351
+79833500358
+79833500359
+79833500361
+79833500362
+79833500363
+79833500364
+79833500366
+79132204831
+79132205146
+79132205171
+79132205230
+79132205241
+79132205249
+79132205372
+79132205407
+79132205411
+79132205708
+79833500308
+79833500345
+79833500351
+79833500358
+79833500359
+79833500361
+79833500362
+79833500363
+79833500364
+79833500366
+79132600937
+79132601002
+79132601005
+79132601007
+79132601084
+79132601094
+79132601104
+79132601113
+79132601114
+79132601115
+79130801398
+79130801399
+79130801425
+79130801429
+79130801443
+79130801476
+79130801494
+79130801508
+79130801509
+79130801539
+79132204831
+79132205146
+79132205171
+79132205230
+79132205241
+79132205249
+79132205372
+79132205407
+79132205411
+79132205708
+79130801398
+79130801399
+79130801425
+79130801429
+79130801443
+79130801476
+79130801494
+79130801508
+79130801509
+79130801539
+79132204831
+79132205146
+79132205171
+79132205230
+79132205241
+79132205249
+79132205372
+79132205407
+79132205411
+79132205708
+79132300749
+79132301005
+79132301074
+79132301182
+79132301197
+79132301379
+79132301618
+79132302739
+79132302741
+79132302744
+79132700818
+79132702037
+79132703649
+79132703663
+79132703672
+79132703677
+79132703701
+79132703704
+79132703726
+79132703748
+79833500308
+79833500345
+79833500351
+79833500358
+79833500359
+79833500361
+79833500362
+79833500363
+79833500364
+79833500366
+79132204831
+79132205146
+79132205171
+79132205230
+79132205241
+79132205249
+79132205372
+79132205407
+79132205411
+79132205708
+79833900448
+79833900469
+79833900489
+79833900496
+79833900628
+79833900654
+79833900784
+79833901032
+79833901296
+79833902736
+79133600207
+79133600217
+79133600270
+79133600337
+79133601672
+79133601698
+79133601726
+79133601727
+79133601738
+79133601743
+79132110864
+79132110866
+79132110869
+79132110872
+79132110886
+79132110889
+79132110890
+79132110892
+79132110904
+79132110915
+79831000273
+79831000972
+79831001027
+79831001038
+79831001057
+79831002243
+79831002474
+79831002674
+79831002742
+79831002752
+79833801048
+79833801057
+79833801067
+79833801069
+79833801076
+79833801078
+79833801080
+79833801084
+79833801085
+79833801087
+79132500580
+79132500897
+79132501573
+79132501842
+79132501882
+79132502198
+79132502497
+79132503823
+79132504185
+79132504262
+79833801048
+79833801057
+79833801067
+79833801069
+79833801076
+79833801078
+79833801080
+79833801084
+79833801085
+79833801087
+79132500580
+79132500897
+79132501573
+79132501842
+79132501882
+79132502198
+79132502497
+79132503823
+79132504185
+79132504262
+79130901731
+79130901749
+79130901926
+79130901938
+79130902296
+79130902357
+79130902548
+79130902563
+79130902585
+79130902697
+79132600937
+79132601002
+79132601005
+79132601007
+79132601084
+79132601094
+79132601104
+79132601113
+79132601114
+79132601115
+79836000514
+79836000551
+79836000561
+79836000831
+79836001002
+79836001057
+79836001195
+79836001948
+79836002045
+79836002067
+79831000273
+79831000972
+79831001027
+79831001038
+79831001057
+79831002243
+79831002474
+79831002674
+79831002742
+79831002752
+79132401089
+79132401320
+79132401370
+79132401443
+79132401537
+79132401570
+79132401576
+79132401596
+79132401632
+79132401675
+79836000514
+79836000551
+79836000561
+79836000831
+79836001002
+79836001057
+79836001195
+79836001948
+79836002045
+79836002067
+79132600937
+79132601002
+79132601005
+79132601007
+79132601084
+79132601094
+79132601104
+79132601113
+79132601114
+79132601115
+79130801398
+79130801399
+79130801425
+79130801429
+79130801443
+79130801476
+79130801494
+79130801508
+79130801509
+79130801539
+79833900448
+79833900469
+79833900489
+79833900496
+79833900628
+79833900654
+79833900784
+79833901032
+79833901296
+79833902736
+79833801048
+79833801057
+79833801067
+79833801069
+79833801076
+79833801078
+79833801080
+79833801084
+79833801085
+79833801087
+79833900448
+79833900469
+79833900489
+79833900496
+79833900628
+79833900654
+79833900784
+79833901032
+79833901296
+79833902736
+79132700818
+79132702037
+79132703649
+79132703663
+79132703672
+79132703677
+79132703701
+79132703704
+79132703726
+79132703748
+79835420650
+79835420655
+79835420705
+79835420844
+79835420875
+79835420936
+79835420941
+79835420973
+79835421028
+79835421053
+79835506074
+79835506076
+79835506079
+79835506081
+79835506096
+79835506099
+79835506106
+79835506113
+79835506114
+79835506115
+79836000514
+79836000551
+79836000561
+79836000831
+79836001002
+79836001057
+79836001195
+79836001948
+79836002045
+79836002067
+79833500308
+79833500345
+79833500351
+79833500358
+79833500359
+79833500361
+79833500362
+79833500363
+79833500364
+79833500366
+79132204831
+79132205146
+79132205171
+79132205230
+79132205241
+79132205249
+79132205372
+79132205407
+79132205411
+79132205708
+79130901731
+79130901749
+79130901926
+79130901938
+79130902296
+79130902357
+79130902548
+79130902563
+79130902585
+79130902697
+79833900448
+79833900469
+79833900489
+79833900496
+79833900628
+79833900654
+79833900784
+79833901032
+79833901296
+79833902736
+79831000273
+79831000972
+79831001027
+79831001038
+79831001057
+79831002243
+79831002474
+79831002674
+79831002742
+79831002752
+79132300749
+79132301005
+79132301074
+79132301182
+79132301197
+79132301379
+79132301618
+79132302739
+79132302741
+79132302744
+79835420650
+79835420655
+79835420705
+79835420844
+79835420875
+79835420936
+79835420941
+79835420973
+79835421028
+79835421053
+79132700818
+79132702037
+79132703649
+79132703663
+79132703672
+79132703677
+79132703701
+79132703704
+79132703726
+79132703748
+79836000514
+79836000551
+79836000561
+79836000831
+79836001002
+79836001057
+79836001195
+79836001948
+79836002045
+79836002067
+79835420650
+79835420655
+79835420705
+79835420844
+79835420875
+79835420936
+79835420941
+79835420973
+79835421028
+79835421053
+79831700415
+79831701102
+79831701279
+79831701387
+79831701395
+79831701402
+79831701467
+79831701484
+79831701540
+79831701557
+79835506074
+79835506076
+79835506079
+79835506081
+79835506096
+79835506099
+79835506106
+79835506113
+79835506114
+79835506115
+79831801481
+79831801506
+79831801543
+79831801734
+79831801736
+79831801874
+79831801884
+79831801935
+79831801983
+79831802061
+79130801398
+79130801399
+79130801425
+79130801429
+79130801443
+79130801476
+79130801494
+79130801508
+79130801509
+79130801539
+79132110864
+79132110866
+79132110869
+79132110872
+79132110886
+79132110889
+79132110890
+79132110892
+79132110904
+79132110915
+79835506074
+79835506076
+79835506079
+79835506081
+79835506096
+79835506099
+79835506106
+79835506113
+79835506114
+79835506115
+79836000514
+79836000551
+79836000561
+79836000831
+79836001002
+79836001057
+79836001195
+79836001948
+79836002045
+79836002067
+79132700818
+79132702037
+79132703649
+79132703663
+79132703672
+79132703677
+79132703701
+79132703704
+79132703726
+79132703748
+79835420650
+79835420655
+79835420705
+79835420844
+79835420875
+79835420936
+79835420941
+79835420973
+79835421028
+79835421053
+79835506074
+79835506076
+79835506079
+79835506081
+79835506096
+79835506099
+79835506106
+79835506113
+79835506114
+79835506115
+79132600937
+79132601002
+79132601005
+79132601007
+79132601084
+79132601094
+79132601104
+79132601113
+79132601114
+79132601115
+79836000514
+79836000551
+79836000561
+79836000831
+79836001002
+79836001057
+79836001195
+79836001948
+79836002045
+79836002067
+79835420650
+79835420655
+79835420705
+79835420844
+79835420875
+79835420936
+79835420941
+79835420973
+79835421028
+79835421053
+79133600207
+79133600217
+79133600270
+79133600337
+79133601672
+79133601698
+79133601726
+79133601727
+79133601738
+79133601743
+79132300749
+79132301005
+79132301074
+79132301182
+79132301197
+79132301379
+79132301618
+79132302739
+79132302741
+79132302744
+79833801048
+79833801057
+79833801067
+79833801069
+79833801076
+79833801078
+79833801080
+79833801084
+79833801085
+79833801087
+79130801398
+79130801399
+79130801425
+79130801429
+79130801443
+79130801476
+79130801494
+79130801508
+79130801509
+79130801539
+79833801048
+79833801057
+79833801067
+79833801069
+79833801076
+79833801078
+79833801080
+79833801084
+79833801085
+79833801087
+79132500580
+79132500897
+79132501573
+79132501842
+79132501882
+79132502198
+79132502497
+79132503823
+79132504185
+79132504262
+79130901731
+79130901749
+79130901926
+79130901938
+79130902296
+79130902357
+79130902548
+79130902563
+79130902585
+79130902697
+79132401089
+79132401320
+79132401370
+79132401443
+79132401537
+79132401570
+79132401576
+79132401596
+79132401632
+79132401675
+79132401089
+79132401320
+79132401370
+79132401443
+79132401537
+79132401570
+79132401576
+79132401596
+79132401632
+79132401675
+79132300749
+79132301005
+79132301074
+79132301182
+79132301197
+79132301379
+79132301618
+79132302739
+79132302741
+79132302744
+79132300749
+79132301005
+79132301074
+79132301182
+79132301197
+79132301379
+79132301618
+79132302739
+79132302741
+79132302744
+79836000514
+79836000551
+79836000561
+79836000831
+79836001002
+79836001057
+79836001195
+79836001948
+79836002045
+79836002067
+79833801048
+79833801057
+79833801067
+79833801069
+79833801076
+79833801078
+79833801080
+79833801084
+79833801085
+79833801087
+79831700415
+79831701102
+79831701279
+79831701387
+79831701395
+79831701402
+79831701467
+79831701484
+79831701540
+79831701557
+79132600937
+79132601002
+79132601005
+79132601007
+79132601084
+79132601094
+79132601104
+79132601113
+79132601114
+79132601115
+79835506074
+79835506076
+79835506079
+79835506081
+79835506096
+79835506099
+79835506106
+79835506113
+79835506114
+79835506115
+79831801481
+79831801506
+79831801543
+79831801734
+79831801736
+79831801874
+79831801884
+79831801935
+79831801983
+79831802061
+79132500580
+79132500897
+79132501573
+79132501842
+79132501882
+79132502198
+79132502497
+79132503823
+79132504185
+79132504262
+79833500308
+79833500345
+79833500351
+79833500358
+79833500359
+79833500361
+79833500362
+79833500363
+79833500364
+79833500366
+79132204831
+79132205146
+79132205171
+79132205230
+79132205241
+79132205249
+79132205372
+79132205407
+79132205411
+79132205708
+79132300749
+79132301005
+79132301074
+79132301182
+79132301197
+79132301379
+79132301618
+79132302739
+79132302741
+79132302744
+79831801481
+79831801506
+79831801543
+79831801734
+79831801736
+79831801874
+79831801884
+79831801935
+79831801983
+79831802061
+79132500580
+79132500897
+79132501573
+79132501842
+79132501882
+79132502198
+79132502497
+79132503823
+79132504185
+79132504262
+79835420650
+79835420655
+79835420705
+79835420844
+79835420875
+79835420936
+79835420941
+79835420973
+79835421028
+79835421053
+79132204831
+79132205146
+79132205171
+79132205230
+79132205241
+79132205249
+79132205372
+79132205407
+79132205411
+79132205708
+79833900448
+79833900469
+79833900489
+79833900496
+79833900628
+79833900654
+79833900784
+79833901032
+79833901296
+79833902736
+79133600207
+79133600217
+79133600270
+79133600337
+79133601672
+79133601698
+79133601726
+79133601727
+79133601738
+79133601743
+79833900448
+79833900469
+79833900489
+79833900496
+79833900628
+79833900654
+79833900784
+79833901032
+79833901296
+79833902736
+79833900448
+79833900469
+79833900489
+79833900496
+79833900628
+79833900654
+79833900784
+79833901032
+79833901296
+79833902736
+79831700415
+79831701102
+79831701279
+79831701387
+79831701395
+79831701402
+79831701467
+79831701484
+79831701540
+79831701557
+79133600207
+79133600217
+79133600270
+79133600337
+79133601672
+79133601698
+79133601726
+79133601727
+79133601738
+79133601743
+79831000273
+79831000972
+79831001027
+79831001038
+79831001057
+79831002243
+79831002474
+79831002674
+79831002742
+79831002752
+79835420650
+79835420655
+79835420705
+79835420844
+79835420875
+79835420936
+79835420941
+79835420973
+79835421028
+79835421053
+79833900448
+79833900469
+79833900489
+79833900496
+79833900628
+79833900654
+79833900784
+79833901032
+79833901296
+79833902736
+79833900448
+79833900469
+79833900489
+79833900496
+79833900628
+79833900654
+79833900784
+79833901032
+79833901296
+79833902736
+79833900448
+79833900469
+79833900489
+79833900496
+79833900628
+79833900654
+79833900784
+79833901032
+79833901296
+79833902736
+79132500580
+79132500897
+79132501573
+79132501842
+79132501882
+79132502198
+79132502497
+79132503823
+79132504185
+79132504262
+79132600937
+79132601002
+79132601005
+79132601007
+79132601084
+79132601094
+79132601104
+79132601113
+79132601114
+79132601115
+79130801398
+79130801399
+79130801425
+79130801429
+79130801443
+79130801476
+79130801494
+79130801508
+79130801509
+79130801539
+79835506074
+79835506076
+79835506079
+79835506081
+79835506096
+79835506099
+79835506106
+79835506113
+79835506114
+79835506115
+79836000514
+79836000551
+79836000561
+79836000831
+79836001002
+79836001057
+79836001195
+79836001948
+79836002045
+79836002067
+79833500308
+79833500345
+79833500351
+79833500358
+79833500359
+79833500361
+79833500362
+79833500363
+79833500364
+79833500366
+79132204831
+79132205146
+79132205171
+79132205230
+79132205241
+79132205249
+79132205372
+79132205407
+79132205411
+79132205708
+79132401089
+79132401320
+79132401370
+79132401443
+79132401537
+79132401570
+79132401576
+79132401596
+79132401632
+79132401675
+79833801048
+79833801057
+79833801067
+79833801069
+79833801076
+79833801078
+79833801080
+79833801084
+79833801085
+79833801087
+79132700818
+79132702037
+79132703649
+79132703663
+79132703672
+79132703677
+79132703701
+79132703704
+79132703726
+79132703748
+79130233118
+79130233122
+79130233123
+79130233124
+79130233126
+79130233129
+79130233130
+79130233134
+79130233138
+79130233139
+79833801048
+79833801057
+79833801067
+79833801069
+79833801076
+79833801078
+79833801080
+79833801084
+79833801085
+79833801087
+79132300749
+79132301005
+79132301074
+79132301182
+79132301197
+79132301379
+79132301618
+79132302739
+79132302741
+79132302744
+79831700415
+79831701102
+79831701279
+79831701387
+79831701395
+79831701402
+79831701467
+79831701484
+79831701540
+79831701557
+79831700415
+79831701102
+79831701279
+79831701387
+79831701395
+79831701402
+79831701467
+79831701484
+79831701540
+79831701557
+79132204831
+79132205146
+79132205171
+79132205230
+79132205241
+79132205249
+79132205372
+79132205407
+79132205411
+79132205708
+79831000273
+79831000972
+79831001027
+79831001038
+79831001057
+79831002243
+79831002474
+79831002674
+79831002742
+79831002752
+79833500308
+79833500345
+79833500351
+79833500358
+79833500359
+79833500361
+79833500362
+79833500363
+79833500364
+79833500366
+79132700818
+79132702037
+79132703649
+79132703663
+79132703672
+79132703677
+79132703701
+79132703704
+79132703726
+79132703748
+79833900448
+79833900469
+79833900489
+79833900496
+79833900628
+79833900654
+79833900784
+79833901032
+79833901296
+79833902736
+79132401089
+79132401320
+79132401370
+79132401443
+79132401537
+79132401570
+79132401576
+79132401596
+79132401632
+79132401675
+79132500580
+79132500897
+79132501573
+79132501842
+79132501882
+79132502198
+79132502497
+79132503823
+79132504185
+79132504262
+79833500308
+79833500345
+79833500351
+79833500358
+79833500359
+79833500361
+79833500362
+79833500363
+79833500364
+79833500366
+79132500580
+79132500897
+79132501573
+79132501842
+79132501882
+79132502198
+79132502497
+79132503823
+79132504185
+79132504262
+79833801048
+79833801057
+79833801067
+79833801069
+79833801076
+79833801078
+79833801080
+79833801084
+79833801085
+79833801087
+79130901731
+79130901749
+79130901926
+79130901938
+79130902296
+79130902357
+79130902548
+79130902563
+79130902585
+79130902697
+79130233118
+79130233122
+79130233123
+79130233124
+79130233126
+79130233129
+79130233130
+79130233134
+79130233138
+79130233139
+79132110864
+79132110866
+79132110869
+79132110872
+79132110886
+79132110889
+79132110890
+79132110892
+79132110904
+79132110915
+79132300749
+79132301005
+79132301074
+79132301182
+79132301197
+79132301379
+79132301618
+79132302739
+79132302741
+79132302744
+79132110864
+79132110866
+79132110869
+79132110872
+79132110886
+79132110889
+79132110890
+79132110892
+79132110904
+79132110915
+79833500308
+79833500345
+79833500351
+79833500358
+79833500359
+79833500361
+79833500362
+79833500363
+79833500364
+79833500366
+79130233118
+79130233122
+79130233123
+79130233124
+79130233126
+79130233129
+79130233130
+79130233134
+79130233138
+79130233139
+79132401089
+79132401320
+79132401370
+79132401443
+79132401537
+79132401570
+79132401576
+79132401596
+79132401632
+79132401675
+79130233118
+79130233122
+79130233123
+79130233124
+79130233126
+79130233129
+79130233130
+79130233134
+79130233138
+79130233139
+79132110864
+79132110866
+79132110869
+79132110872
+79132110886
+79132110889
+79132110890
+79132110892
+79132110904
+79132110915
+79836000514
+79836000551
+79836000561
+79836000831
+79836001002
+79836001057
+79836001195
+79836001948
+79836002045
+79836002067
+79835506074
+79835506076
+79835506079
+79835506081
+79835506096
+79835506099
+79835506106
+79835506113
+79835506114
+79835506115
+79132700818
+79132702037
+79132703649
+79132703663
+79132703672
+79132703677
+79132703701
+79132703704
+79132703726
+79132703748
+79132204831
+79132205146
+79132205171
+79132205230
+79132205241
+79132205249
+79132205372
+79132205407
+79132205411
+79132205708
+79833801048
+79833801057
+79833801067
+79833801069
+79833801076
+79833801078
+79833801080
+79833801084
+79833801085
+79833801087
+79833801048
+79833801057
+79833801067
+79833801069
+79833801076
+79833801078
+79833801080
+79833801084
+79833801085
+79833801087
+79132700818
+79132702037
+79132703649
+79132703663
+79132703672
+79132703677
+79132703701
+79132703704
+79132703726
+79132703748
+79132110864
+79132110866
+79132110869
+79132110872
+79132110886
+79132110889
+79132110890
+79132110892
+79132110904
+79132110915
+79833500308
+79833500345
+79833500351
+79833500358
+79833500359
+79833500361
+79833500362
+79833500363
+79833500364
+79833500366
+79833900448
+79833900469
+79833900489
+79833900496
+79833900628
+79833900654
+79833900784
+79833901032
+79833901296
+79833902736
+79833500308
+79833500345
+79833500351
+79833500358
+79833500359
+79833500361
+79833500362
+79833500363
+79833500364
+79833500366
+79836000514
+79836000551
+79836000561
+79836000831
+79836001002
+79836001057
+79836001195
+79836001948
+79836002045
+79836002067
+79133600207
+79133600217
+79133600270
+79133600337
+79133601672
+79133601698
+79133601726
+79133601727
+79133601738
+79133601743
+79836000514
+79836000551
+79836000561
+79836000831
+79836001002
+79836001057
+79836001195
+79836001948
+79836002045
+79836002067
+79132300749
+79132301005
+79132301074
+79132301182
+79132301197
+79132301379
+79132301618
+79132302739
+79132302741
+79132302744
+79133600207
+79133600217
+79133600270
+79133600337
+79133601672
+79133601698
+79133601726
+79133601727
+79133601738
+79133601743
+79833801048
+79833801057
+79833801067
+79833801069
+79833801076
+79833801078
+79833801080
+79833801084
+79833801085
+79833801087
+79130901731
+79130901749
+79130901926
+79130901938
+79130902296
+79130902357
+79130902548
+79130902563
+79130902585
+79130902697
+79833500308
+79833500345
+79833500351
+79833500358
+79833500359
+79833500361
+79833500362
+79833500363
+79833500364
+79833500366
+79831700415
+79831701102
+79831701279
+79831701387
+79831701395
+79831701402
+79831701467
+79831701484
+79831701540
+79831701557
+79831700415
+79831701102
+79831701279
+79831701387
+79831701395
+79831701402
+79831701467
+79831701484
+79831701540
+79831701557
+79130901731
+79130901749
+79130901926
+79130901938
+79130902296
+79130902357
+79130902548
+79130902563
+79130902585
+79130902697
+79831000273
+79831000972
+79831001027
+79831001038
+79831001057
+79831002243
+79831002474
+79831002674
+79831002742
+79831002752
+79130233118
+79130233122
+79130233123
+79130233124
+79130233126
+79130233129
+79130233130
+79130233134
+79130233138
+79130233139
+79132401089
+79132401320
+79132401370
+79132401443
+79132401537
+79132401570
+79132401576
+79132401596
+79132401632
+79132401675
+79130901731
+79130901749
+79130901926
+79130901938
+79130902296
+79130902357
+79130902548
+79130902563
+79130902585
+79130902697
+79833500308
+79833500345
+79833500351
+79833500358
+79833500359
+79833500361
+79833500362
+79833500363
+79833500364
+79833500366
+79836000514
+79836000551
+79836000561
+79836000831
+79836001002
+79836001057
+79836001195
+79836001948
+79836002045
+79836002067
+79835506074
+79835506076
+79835506079
+79835506081
+79835506096
+79835506099
+79835506106
+79835506113
+79835506114
+79835506115
+79130801398
+79130801399
+79130801425
+79130801429
+79130801443
+79130801476
+79130801494
+79130801508
+79130801509
+79130801539
+79130801398
+79130801399
+79130801425
+79130801429
+79130801443
+79130801476
+79130801494
+79130801508
+79130801509
+79130801539
+79133600207
+79133600217
+79133600270
+79133600337
+79133601672
+79133601698
+79133601726
+79133601727
+79133601738
+79133601743
+79132700818
+79132702037
+79132703649
+79132703663
+79132703672
+79132703677
+79132703701
+79132703704
+79132703726
+79132703748
+79831700415
+79831701102
+79831701279
+79831701387
+79831701395
+79831701402
+79831701467
+79831701484
+79831701540
+79831701557
+79132700818
+79132702037
+79132703649
+79132703663
+79132703672
+79132703677
+79132703701
+79132703704
+79132703726
+79132703748
+79130801398
+79130801399
+79130801425
+79130801429
+79130801443
+79130801476
+79130801494
+79130801508
+79130801509
+79130801539
+79831700415
+79831701102
+79831701279
+79831701387
+79831701395
+79831701402
+79831701467
+79831701484
+79831701540
+79831701557
+79836000514
+79836000551
+79836000561
+79836000831
+79836001002
+79836001057
+79836001195
+79836001948
+79836002045
+79836002067
+79132500580
+79132500897
+79132500914
+79132501573
+79132501842
+79132501882
+79132502198
+79132502497
+79132503823
+79132504185
+79833801048
+79833801057
+79833801067
+79833801069
+79833801076
+79833801078
+79833801080
+79833801084
+79833801085
+79833801087
+79833900448
+79833900469
+79833900489
+79833900496
+79833900628
+79833900654
+79833900784
+79833901032
+79833901296
+79833902736
+79831801481
+79831801506
+79831801543
+79831801734
+79831801736
+79831801874
+79831801884
+79831801935
+79831801983
+79831802061
+79133600207
+79133600217
+79133600270
+79133600337
+79133601672
+79133601698
+79133601726
+79133601727
+79133601738
+79133601743
+79132204831
+79132205146
+79132205171
+79132205230
+79132205241
+79132205249
+79132205372
+79132205407
+79132205411
+79132205708
+79833500308
+79833500345
+79833500351
+79833500358
+79833500359
+79833500361
+79833500362
+79833500363
+79833500364
+79833500366
+79132700818
+79132702037
+79132703649
+79132703663
+79132703672
+79132703677
+79132703701
+79132703704
+79132703726
+79132703748
+79132401089
+79132401320
+79132401370
+79132401443
+79132401537
+79132401570
+79132401576
+79132401596
+79132401632
+79132401675
+79835420650
+79835420655
+79835420705
+79835420844
+79835420875
+79835420936
+79835420941
+79835420973
+79835421028
+79835421053
+79835420650
+79835420655
+79835420705
+79835420844
+79835420875
+79835420936
+79835420941
+79835420973
+79835421028
+79835421053
+79833900448
+79833900469
+79833900489
+79833900496
+79833900628
+79833900654
+79833900784
+79833901032
+79833901296
+79833902736
+79831700415
+79831701102
+79831701279
+79831701387
+79831701395
+79831701402
+79831701467
+79831701484
+79831701540
+79831701557
+79132700818
+79132702037
+79132703649
+79132703663
+79132703672
+79132703677
+79132703701
+79132703704
+79132703726
+79132703748
+79133600207
+79133600217
+79133600270
+79133600337
+79133601672
+79133601698
+79133601726
+79133601727
+79133601738
+79133601743
+79833500308
+79833500345
+79833500351
+79833500358
+79833500359
+79833500361
+79833500362
+79833500363
+79833500364
+79833500366
+79835506074
+79835506076
+79835506079
+79835506081
+79835506096
+79835506099
+79835506106
+79835506113
+79835506114
+79835506115
+79836000514
+79836000551
+79836000561
+79836000831
+79836001002
+79836001057
+79836001195
+79836001948
+79836002045
+79836002067
+79836000514
+79836000551
+79836000561
+79836000831
+79836001002
+79836001057
+79836001195
+79836001948
+79836002045
+79836002067
+79130801398
+79130801399
+79130801425
+79130801429
+79130801443
+79130801476
+79130801494
+79130801508
+79130801509
+79130801539
+79130901731
+79130901749
+79130901926
+79130901938
+79130902296
+79130902357
+79130902548
+79130902563
+79130902585
+79130902697
+79132500580
+79132500897
+79132500914
+79132501573
+79132501842
+79132501882
+79132502198
+79132502497
+79132503823
+79132504185
+79132600937
+79132601002
+79132601005
+79132601007
+79132601084
+79132601094
+79132601104
+79132601113
+79132601114
+79132601115
+79132401089
+79132401320
+79132401370
+79132401443
+79132401537
+79132401570
+79132401576
+79132401596
+79132401632
+79132401675
+79133600207
+79133600217
+79133600270
+79133600337
+79133601672
+79133601698
+79133601726
+79133601727
+79133601738
+79133601743
+79133600207
+79133600217
+79133600270
+79133600337
+79133601672
+79133601698
+79133601726
+79133601727
+79133601738
+79133601743
+79831801481
+79831801506
+79831801543
+79831801734
+79831801736
+79831801874
+79831801884
+79831801935
+79831801983
+79831802061
+79835506074
+79835506076
+79835506079
+79835506081
+79835506096
+79835506099
+79835506106
+79835506113
+79835506114
+79835506115
+79835420650
+79835420655
+79835420705
+79835420844
+79835420875
+79835420936
+79835420941
+79835420973
+79835421028
+79835421053
+79132600937
+79132601002
+79132601005
+79132601007
+79132601084
+79132601094
+79132601104
+79132601113
+79132601114
+79132601115
+79132401089
+79132401320
+79132401370
+79132401443
+79132401537
+79132401570
+79132401576
+79132401596
+79132401632
+79132401675
+79831000273
+79831000972
+79831001027
+79831001038
+79831001057
+79831002243
+79831002474
+79831002674
+79831002742
+79831002752
+79833801048
+79833801057
+79833801067
+79833801069
+79833801076
+79833801078
+79833801080
+79833801084
+79833801085
+79833801087
+79132300749
+79132301005
+79132301074
+79132301182
+79132301197
+79132301379
+79132301618
+79132302739
+79132302741
+79132302744
+79833801048
+79833801057
+79833801067
+79833801069
+79833801076
+79833801078
+79833801080
+79833801084
+79833801085
+79833801087
+79132401089
+79132401320
+79132401370
+79132401443
+79132401537
+79132401570
+79132401576
+79132401596
+79132401632
+79132401675
+79833801048
+79833801057
+79833801067
+79833801069
+79833801076
+79833801078
+79833801080
+79833801084
+79833801085
+79833801087
+79132204831
+79132205146
+79132205171
+79132205230
+79132205241
+79132205249
+79132205372
+79132205407
+79132205411
+79132205708
+79835420650
+79835420655
+79835420705
+79835420844
+79835420875
+79835420936
+79835420941
+79835420973
+79835421028
+79835421053
+79835506074
+79835506076
+79835506079
+79835506081
+79835506096
+79835506099
+79835506106
+79835506113
+79835506114
+79835506115
+79130901731
+79130901749
+79130901926
+79130901938
+79130902296
+79130902357
+79130902548
+79130902563
+79130902585
+79130902697
+79132300749
+79132301005
+79132301074
+79132301182
+79132301197
+79132301379
+79132301618
+79132302739
+79132302741
+79132302744
+79132700818
+79132702037
+79132703649
+79132703663
+79132703672
+79132703677
+79132703701
+79132703704
+79132703726
+79132703748
+79831000273
+79831000972
+79831001027
+79831001038
+79831001057
+79831002243
+79831002474
+79831002674
+79831002742
+79831002752
+79133600207
+79133600217
+79133600270
+79133600337
+79133601672
+79133601698
+79133601726
+79133601727
+79133601738
+79133601743
+79831000273
+79831000972
+79831001027
+79831001038
+79831001057
+79831002243
+79831002474
+79831002674
+79831002742
+79831002752
+79132700818
+79132702037
+79132703649
+79132703663
+79132703672
+79132703677
+79132703701
+79132703704
+79132703726
+79132703748
+79132300749
+79132301005
+79132301074
+79132301182
+79132301197
+79132301379
+79132301618
+79132302739
+79132302741
+79132302744
+79132204831
+79132205146
+79132205171
+79132205230
+79132205241
+79132205249
+79132205372
+79132205407
+79132205411
+79132205708
+79833500308
+79833500345
+79833500351
+79833500358
+79833500359
+79833500361
+79833500362
+79833500363
+79833500364
+79833500366
+79132600937
+79132601002
+79132601005
+79132601007
+79132601084
+79132601094
+79132601104
+79132601113
+79132601114
+79132601115
+79130801398
+79130801399
+79130801425
+79130801429
+79130801443
+79130801476
+79130801494
+79130801508
+79130801509
+79130801539
+79835420650
+79835420655
+79835420705
+79835420844
+79835420875
+79835420936
+79835420941
+79835420973
+79835421028
+79835421053
+79831801481
+79831801506
+79831801543
+79831801734
+79831801736
+79831801874
+79831801884
+79831801935
+79831801983
+79831802061
+79130801398
+79130801399
+79130801425
+79130801429
+79130801443
+79130801476
+79130801494
+79130801508
+79130801509
+79130801539
+79130801398
+79130801399
+79130801425
+79130801429
+79130801443
+79130801476
+79130801494
+79130801508
+79130801509
+79130801539
+79132204831
+79132205146
+79132205171
+79132205230
+79132205241
+79132205249
+79132205372
+79132205407
+79132205411
+79132205708
+79132700818
+79132702037
+79132703649
+79132703663
+79132703672
+79132703677
+79132703701
+79132703704
+79132703726
+79132703748
+79831700415
+79831701102
+79831701279
+79831701387
+79831701395
+79831701402
+79831701467
+79831701484
+79831701540
+79831701557
+79835506074
+79835506076
+79835506079
+79835506081
+79835506096
+79835506099
+79835506106
+79835506113
+79835506114
+79835506115
+79831700415
+79831701102
+79831701279
+79831701387
+79831701395
+79831701402
+79831701467
+79831701484
+79831701540
+79831701557
+79132110864
+79132110866
+79132110869
+79132110872
+79132110886
+79132110889
+79132110890
+79132110892
+79132110904
+79132110915
+79132401089
+79132401320
+79132401370
+79132401443
+79132401537
+79132401570
+79132401576
+79132401596
+79132401632
+79132401675
+79132500580
+79132500897
+79132500914
+79132501573
+79132501842
+79132501882
+79132502198
+79132502497
+79132503823
+79132504185
+79132700818
+79132702037
+79132703649
+79132703663
+79132703672
+79132703677
+79132703701
+79132703704
+79132703726
+79132703748
+79132700818
+79132702037
+79132703649
+79132703663
+79132703672
+79132703677
+79132703701
+79132703704
+79132703726
+79132703748
+79132700818
+79132702037
+79132703649
+79132703663
+79132703672
+79132703677
+79132703701
+79132703704
+79132703726
+79132703748
+79831700415
+79831701102
+79831701279
+79831701387
+79831701395
+79831701402
+79831701467
+79831701484
+79831701540
+79831701557
+79132204831
+79132205146
+79132205171
+79132205230
+79132205241
+79132205249
+79132205372
+79132205407
+79132205411
+79132205708
