+79194309381
+79194309406
+79194309433
+79194309449
+79194309512
+79194309518
+79194309531
+79194309540
+79194309559
+79194309564
+79107411442
+79107411662
+79107412273
+79107412376
+79107412456
+79107412743
+79107412814
+79107412870
+79107412879
+79107412938
+79194309381
+79194309406
+79194309433
+79194309449
+79194309512
+79194309518
+79194309531
+79194309540
+79194309559
+79194309564
+79803200374
+79803200387
+79803200945
+79803200947
+79803201043
+79803201332
+79803201473
+79803201735
+79803201848
+79803202066
+79803200374
+79803200387
+79803200945
+79803200947
+79803201043
+79803201332
+79803201473
+79803201735
+79803201848
+79803202066
+79107450656
+79107450682
+79107450986
+79107451431
+79107451938
+79107452061
+79107452450
+79107452671
+79107452703
+79107452769
+79107450656
+79107450682
+79107450986
+79107451431
+79107451938
+79107452061
+79107452450
+79107452671
+79107452703
+79107452769
+79103600528
+79103601551
+79103602029
+79103602419
+79103602447
+79103603142
+79103603148
+79103603194
+79103603249
+79103603367
+79192800064
+79192800579
+79192800825
+79192801054
+79192802353
+79192802494
+79192803429
+79192803567
+79192803622
+79192804185
+79194309381
+79194309406
+79194309433
+79194309449
+79194309512
+79194309518
+79194309531
+79194309540
+79194309559
+79194309564
+79103600528
+79103601551
+79103602029
+79103602419
+79103602447
+79103603142
+79103603148
+79103603194
+79103603249
+79103603367
+79803816271
+79803817377
+79803817903
+79803817912
+79803817974
+79803818655
+79803819230
+79803819513
+79803819950
+79803820114
+79155603818
+79155603959
+79155604247
+79155604638
+79155606786
+79155609573
+79155609945
+79155610065
+79155610295
+79155610956
+79803700510
+79803700548
+79803701523
+79803701574
+79803701901
+79803702184
+79803702350
+79803704336
+79803704506
+79803704926
+79103600528
+79103601551
+79103602029
+79103602419
+79103602447
+79103603142
+79103603148
+79103603194
+79103603249
+79103603367
+79803700510
+79803700548
+79803701523
+79803701574
+79803701901
+79803702184
+79803702350
+79803704336
+79803704506
+79803704926
+79155201461
+79155201684
+79155201889
+79155202541
+79155202629
+79155202682
+79155202802
+79155202880
+79155203139
+79155203210
+79107450656
+79107450682
+79107450986
+79107451431
+79107451938
+79107452061
+79107452450
+79107452671
+79107452703
+79107452769
+79103201423
+79103201548
+79103201668
+79103203224
+79103203874
+79103205142
+79103205238
+79103206786
+79103207057
+79103208416
+79103201423
+79103201548
+79103201668
+79103203224
+79103203874
+79103205142
+79103205238
+79103206786
+79103207057
+79103208416
+79194309381
+79194309406
+79194309433
+79194309449
+79194309512
+79194309518
+79194309531
+79194309540
+79194309559
+79194309564
+79803816271
+79803817377
+79803817903
+79803817912
+79803817974
+79803818655
+79803819230
+79803819513
+79803819950
+79803820114
+79107360811
+79107361372
+79107361425
+79107361710
+79107361825
+79107361865
+79107361873
+79107361909
+79107361948
+79107362072
+79803910243
+79803910273
+79803910279
+79803911157
+79803911656
+79803912045
+79803912086
+79803912892
+79803913025
+79803913708
+79803816271
+79803817377
+79803817903
+79803817912
+79803817974
+79803818655
+79803819230
+79803819513
+79803819950
+79803820114
+79102248634
+79102248642
+79102248647
+79102248650
+79102248651
+79102248652
+79102248653
+79102248654
+79102248657
+79102248658
+79107450656
+79107450682
+79107450986
+79107451431
+79107451938
+79107452061
+79107452450
+79107452671
+79107452703
+79107452769
+79194309381
+79194309406
+79194309433
+79194309449
+79194309512
+79194309518
+79194309531
+79194309540
+79194309559
+79194309564
+79103600528
+79103601551
+79103602029
+79103602419
+79103602447
+79103603142
+79103603148
+79103603194
+79103603249
+79103603367
+79803200374
+79803200387
+79803200945
+79803200947
+79803201043
+79803201332
+79803201473
+79803201735
+79803201848
+79803202066
+79803816271
+79803817377
+79803817903
+79803817912
+79803817974
+79803818655
+79803819230
+79803819513
+79803819950
+79803820114
+79107360811
+79107361372
+79107361425
+79107361710
+79107361825
+79107361865
+79107361873
+79107361909
+79107361948
+79107362072
+79155701890
+79155702237
+79155702697
+79155702888
+79155702956
+79155702989
+79155703063
+79155703566
+79155704026
+79155704123
+79194309381
+79194309406
+79194309433
+79194309449
+79194309512
+79194309518
+79194309531
+79194309540
+79194309559
+79194309564
+79102248634
+79102248642
+79102248647
+79102248650
+79102248651
+79102248652
+79102248653
+79102248654
+79102248657
+79102248658
+79155201461
+79155201684
+79155201889
+79155202541
+79155202629
+79155202682
+79155202802
+79155202880
+79155203139
+79155203210
+79805200822
+79805202108
+79805202617
+79805203454
+79805203884
+79805204970
+79805205309
+79805207578
+79805209790
+79805209931
+79107450656
+79107450682
+79107450986
+79107451431
+79107451938
+79107452061
+79107452450
+79107452671
+79107452703
+79107452769
+79803200374
+79803200387
+79803200945
+79803200947
+79803201043
+79803201332
+79803201473
+79803201735
+79803201848
+79803202066
+79155701890
+79155702237
+79155702697
+79155702888
+79155702956
+79155702989
+79155703063
+79155703566
+79155704026
+79155704123
+79155603818
+79155603959
+79155604247
+79155604638
+79155606786
+79155609573
+79155609945
+79155610065
+79155610295
+79155610956
+79803910243
+79803910273
+79803910279
+79803911157
+79803911656
+79803912045
+79803912086
+79803912892
+79803913025
+79803913708
+79107360811
+79107361372
+79107361425
+79107361710
+79107361825
+79107361865
+79107361873
+79107361909
+79107361948
+79107362072
+79805200822
+79805202108
+79805202617
+79805203454
+79805203884
+79805204970
+79805205309
+79805207578
+79805209790
+79805209931
+79107450656
+79107450682
+79107450986
+79107451431
+79107451938
+79107452061
+79107452450
+79107452671
+79107452703
+79107452769
+79803816271
+79803817377
+79803817903
+79803817912
+79803817974
+79803818655
+79803819230
+79803819513
+79803819950
+79803820114
+79803700510
+79803700548
+79803701523
+79803701574
+79803701901
+79803702184
+79803702350
+79803704336
+79803704506
+79803704926
+79107411442
+79107411662
+79107412273
+79107412376
+79107412456
+79107412743
+79107412814
+79107412870
+79107412879
+79107412938
+79803816271
+79803817377
+79803817903
+79803817912
+79803817974
+79803818655
+79803819230
+79803819513
+79803819950
+79803820114
+79107360811
+79107361372
+79107361425
+79107361710
+79107361825
+79107361865
+79107361873
+79107361909
+79107361948
+79107362072
+79107360811
+79107361372
+79107361425
+79107361710
+79107361825
+79107361865
+79107361873
+79107361909
+79107361948
+79107362072
+79155201461
+79155201684
+79155201889
+79155202541
+79155202629
+79155202682
+79155202802
+79155202880
+79155203139
+79155203210
+79803910243
+79803910273
+79803910279
+79803911157
+79803911656
+79803912045
+79803912086
+79803912892
+79803913025
+79803913708
+79192201588
+79192201937
+79192201952
+79192202093
+79192202096
+79192202097
+79192202113
+79192202115
+79192202117
+79192202124
+79155701890
+79155702237
+79155702697
+79155702888
+79155702956
+79155702989
+79155703063
+79155703566
+79155704026
+79155704123
+79107411442
+79107411662
+79107412273
+79107412376
+79107412456
+79107412743
+79107412814
+79107412870
+79107412879
+79107412938
+79192201588
+79192201937
+79192201952
+79192202093
+79192202096
+79192202097
+79192202113
+79192202115
+79192202117
+79192202124
+79155603818
+79155603959
+79155604247
+79155604638
+79155606786
+79155609573
+79155609945
+79155610065
+79155610295
+79155610956
+79103201548
+79103201668
+79103203224
+79103203874
+79103205142
+79103205238
+79103206786
+79103207057
+79103208416
+79103209281
+79155201461
+79155201684
+79155201889
+79155202541
+79155202629
+79155202682
+79155202802
+79155202880
+79155203139
+79155203210
+79155603818
+79155603959
+79155604247
+79155604638
+79155606786
+79155609573
+79155609945
+79155610065
+79155610295
+79155610956
+79803816271
+79803817377
+79803817903
+79803817912
+79803817974
+79803818655
+79803819230
+79803819513
+79803819950
+79803820114
+79803200374
+79803200387
+79803200945
+79803200947
+79803201043
+79803201332
+79803201473
+79803201735
+79803201848
+79803202066
+79103201548
+79103201668
+79103203224
+79103203874
+79103205142
+79103205238
+79103206786
+79103207057
+79103208416
+79103209281
+79803700510
+79803700548
+79803701523
+79803701574
+79803701901
+79803702184
+79803702350
+79803704336
+79803704506
+79803704926
+79803200374
+79803200387
+79803200945
+79803200947
+79803201043
+79803201332
+79803201473
+79803201735
+79803201848
+79803202066
+79192201588
+79192201937
+79192201952
+79192202093
+79192202096
+79192202097
+79192202113
+79192202115
+79192202117
+79192202124
+79192201588
+79192201937
+79192201952
+79192202093
+79192202096
+79192202097
+79192202113
+79192202115
+79192202117
+79192202124
+79803816271
+79803817377
+79803817903
+79803817912
+79803817974
+79803818655
+79803819230
+79803819513
+79803819950
+79803820114
+79102248634
+79102248642
+79102248647
+79102248650
+79102248651
+79102248652
+79102248653
+79102248654
+79102248657
+79102248658
+79107411442
+79107411662
+79107412273
+79107412376
+79107412456
+79107412743
+79107412814
+79107412870
+79107412879
+79107412938
+79805200822
+79805202108
+79805202617
+79805203454
+79805203884
+79805204970
+79805205309
+79805207578
+79805209790
+79805209931
+79155701890
+79155702237
+79155702697
+79155702888
+79155702956
+79155702989
+79155703063
+79155703566
+79155704026
+79155704123
+79155701890
+79155702237
+79155702697
+79155702888
+79155702956
+79155702989
+79155703063
+79155703566
+79155704026
+79155704123
+79803816271
+79803817377
+79803817903
+79803817912
+79803817974
+79803818655
+79803819230
+79803819513
+79803819950
+79803820114
+79102248647
+79102248650
+79102248651
+79102248652
+79102248653
+79102248654
+79102248657
+79102248658
+79102248661
+79102248662
+79155201461
+79155201684
+79155201889
+79155202541
+79155202629
+79155202682
+79155202802
+79155202880
+79155203139
+79155203210
+79103201548
+79103201668
+79103203224
+79103203874
+79103205142
+79103205238
+79103206786
+79103207057
+79103208416
+79103209281
+79805200822
+79805202108
+79805202617
+79805203454
+79805203884
+79805204970
+79805205309
+79805207578
+79805209790
+79805209931
+79194309381
+79194309406
+79194309433
+79194309449
+79194309512
+79194309518
+79194309531
+79194309540
+79194309559
+79194309564
+79803816271
+79803817377
+79803817903
+79803817912
+79803817974
+79803818655
+79803819230
+79803819513
+79803819950
+79803820114
+79803200374
+79803200387
+79803200945
+79803200947
+79803201043
+79803201332
+79803201473
+79803201735
+79803201848
+79803202066
+79803910243
+79803910273
+79803910279
+79803911656
+79803912045
+79803912086
+79803912892
+79803913025
+79803913708
+79803915793
+79805200822
+79805202108
+79805202617
+79805203454
+79805203884
+79805204970
+79805205309
+79805207578
+79805209790
+79805209931
+79805200822
+79805202108
+79805202617
+79805203454
+79805203884
+79805204970
+79805205309
+79805207578
+79805209790
+79805209931
+79803700510
+79803700548
+79803701523
+79803701574
+79803701901
+79803702184
+79803702350
+79803704336
+79803704506
+79803704926
+79155201461
+79155201684
+79155201889
+79155202541
+79155202629
+79155202682
+79155202802
+79155202880
+79155203139
+79155203210
+79103600528
+79103601551
+79103602029
+79103602419
+79103602447
+79103603142
+79103603148
+79103603194
+79103603249
+79103603367
+79155701890
+79155702237
+79155702697
+79155702888
+79155702956
+79155702989
+79155703063
+79155703566
+79155704026
+79155704123
+79107450656
+79107450682
+79107450986
+79107451431
+79107451938
+79107452061
+79107452450
+79107452671
+79107452703
+79107452769
+79192201588
+79192201937
+79192201952
+79192202093
+79192202096
+79192202097
+79192202113
+79192202115
+79192202117
+79192202124
+79192800064
+79192800579
+79192800825
+79192801054
+79192802353
+79192802494
+79192803429
+79192803567
+79192803622
+79192804185
+79192800064
+79192800579
+79192800825
+79192801054
+79192802353
+79192802494
+79192803429
+79192803567
+79192803622
+79192804185
+79102248647
+79102248650
+79102248651
+79102248652
+79102248653
+79102248654
+79102248657
+79102248658
+79102248661
+79102248662
+79805200822
+79805202108
+79805202617
+79805203454
+79805203884
+79805204970
+79805205309
+79805207578
+79805209790
+79805209931
+79194309381
+79194309406
+79194309433
+79194309449
+79194309512
+79194309518
+79194309531
+79194309540
+79194309559
+79194309564
+79192800064
+79192800579
+79192800825
+79192801054
+79192802353
+79192802494
+79192803429
+79192803567
+79192803622
+79192804185
+79107411442
+79107411662
+79107412273
+79107412376
+79107412456
+79107412743
+79107412814
+79107412870
+79107412879
+79107412938
+79155701890
+79155702237
+79155702697
+79155702888
+79155702956
+79155702989
+79155703063
+79155703566
+79155704026
+79155704123
+79107411442
+79107411662
+79107412273
+79107412376
+79107412456
+79107412743
+79107412814
+79107412870
+79107412879
+79107412938
+79107360811
+79107361372
+79107361425
+79107361710
+79107361825
+79107361865
+79107361873
+79107361909
+79107361948
+79107362072
+79103201548
+79103201668
+79103203224
+79103203874
+79103205142
+79103205238
+79103206786
+79103207057
+79103208416
+79103209281
+79194309381
+79194309406
+79194309433
+79194309449
+79194309512
+79194309518
+79194309531
+79194309540
+79194309559
+79194309564
+79805200822
+79805202108
+79805202617
+79805203454
+79805203884
+79805204970
+79805205309
+79805207578
+79805209790
+79805209931
+79107450656
+79107450682
+79107450986
+79107451431
+79107451938
+79107452061
+79107452450
+79107452671
+79107452703
+79107452769
+79803200374
+79803200387
+79803200945
+79803200947
+79803201043
+79803201332
+79803201473
+79803201735
+79803201848
+79803202066
+79192201588
+79192201937
+79192201952
+79192202093
+79192202096
+79192202097
+79192202113
+79192202115
+79192202117
+79192202124
+79103600528
+79103601551
+79103602029
+79103602419
+79103602447
+79103603142
+79103603148
+79103603194
+79103603249
+79103603367
+79803816271
+79803817377
+79803817903
+79803817912
+79803817974
+79803818655
+79803819230
+79803819513
+79803819950
+79803820114
+79155201461
+79155201684
+79155201889
+79155202541
+79155202629
+79155202682
+79155202802
+79155202880
+79155203139
+79155203210
+79103600528
+79103601551
+79103602029
+79103602419
+79103602447
+79103603142
+79103603148
+79103603194
+79103603249
+79103603367
+79107360811
+79107361372
+79107361425
+79107361710
+79107361825
+79107361865
+79107361873
+79107361909
+79107361948
+79107362072
+79803910243
+79803910273
+79803910279
+79803911157
+79803911656
+79803912045
+79803912086
+79803912892
+79803913025
+79803913708
+79103600528
+79103601551
+79103602029
+79103602419
+79103602447
+79103603142
+79103603148
+79103603194
+79103603249
+79103603367
+79107450656
+79107450682
+79107450986
+79107451431
+79107451938
+79107452061
+79107452450
+79107452671
+79107452703
+79107452769
+79803700510
+79803700548
+79803701523
+79803701574
+79803701901
+79803702184
+79803702350
+79803704336
+79803704506
+79803704926
+79803200374
+79803200387
+79803200945
+79803200947
+79803201043
+79803201332
+79803201473
+79803201735
+79803201848
+79803202066
+79107411442
+79107411662
+79107412273
+79107412376
+79107412456
+79107412743
+79107412814
+79107412870
+79107412879
+79107412938
+79803910243
+79803910273
+79803910279
+79803911157
+79803911656
+79803912045
+79803912086
+79803912892
+79803913025
+79803913708
+79155201461
+79155201684
+79155201889
+79155202541
+79155202629
+79155202682
+79155202802
+79155202880
+79155203139
+79155203210
+79155603818
+79155603959
+79155604247
+79155604638
+79155606786
+79155609573
+79155609945
+79155610065
+79155610295
+79155610956
+79107360811
+79107361372
+79107361425
+79107361710
+79107361825
+79107361865
+79107361873
+79107361909
+79107361948
+79107362072
+79192800064
+79192800579
+79192800825
+79192801054
+79192802353
+79192802494
+79192803429
+79192803567
+79192803622
+79192804185
+79803910243
+79803910273
+79803910279
+79803911157
+79803911656
+79803912045
+79803912086
+79803912892
+79803913025
+79803913708
+79102248647
+79102248650
+79102248651
+79102248652
+79102248653
+79102248654
+79102248657
+79102248658
+79102248661
+79102248662
+79155201461
+79155201684
+79155201889
+79155202541
+79155202629
+79155202682
+79155202802
+79155202880
+79155203139
+79155203210
+79155201461
+79155201684
+79155201889
+79155202541
+79155202629
+79155202682
+79155202802
+79155202880
+79155203139
+79155203210
+79805200822
+79805202108
+79805202617
+79805203454
+79805203884
+79805204970
+79805205309
+79805207578
+79805209790
+79805209931
+79803816271
+79803817377
+79803817903
+79803817912
+79803817974
+79803818655
+79803819230
+79803819513
+79803819950
+79803820114
+79107411442
+79107411662
+79107412273
+79107412376
+79107412456
+79107412743
+79107412814
+79107412870
+79107412879
+79107412938
+79803816271
+79803817377
+79803817903
+79803817912
+79803817974
+79803818655
+79803819230
+79803819513
+79803819950
+79803820114
+79107360811
+79107361372
+79107361425
+79107361710
+79107361825
+79107361865
+79107361873
+79107361909
+79107361948
+79107362072
+79803910243
+79803910273
+79803910279
+79803911157
+79803911656
+79803912045
+79803912086
+79803912892
+79803913025
+79803913708
+79192201588
+79192201937
+79192201952
+79192202093
+79192202096
+79192202097
+79192202113
+79192202115
+79192202117
+79192202124
+79102248647
+79102248650
+79102248651
+79102248652
+79102248653
+79102248654
+79102248657
+79102248658
+79102248661
+79102248662
+79102248647
+79102248650
+79102248651
+79102248652
+79102248653
+79102248654
+79102248657
+79102248658
+79102248661
+79102248662
+79192201588
+79192201937
+79192201952
+79192202093
+79192202096
+79192202097
+79192202113
+79192202115
+79192202117
+79192202124
+79107360811
+79107361372
+79107361425
+79107361710
+79107361825
+79107361865
+79107361873
+79107361909
+79107361948
+79107362072
+79155701890
+79155702237
+79155702697
+79155702888
+79155702956
+79155702989
+79155703063
+79155703566
+79155704026
+79155704123
+79803910243
+79803910273
+79803910279
+79803911157
+79803911656
+79803912045
+79803912086
+79803912892
+79803913025
+79803913708
+79192201588
+79192201937
+79192201952
+79192202093
+79192202096
+79192202097
+79192202113
+79192202115
+79192202117
+79192202124
+79192201588
+79192201937
+79192201952
+79192202093
+79192202096
+79192202097
+79192202113
+79192202115
+79192202117
+79192202124
+79803200374
+79803200387
+79803200945
+79803200947
+79803201043
+79803201332
+79803201473
+79803201735
+79803201848
+79803202066
+79155201461
+79155201684
+79155201889
+79155202541
+79155202629
+79155202682
+79155202802
+79155202880
+79155203139
+79155203210
+79803910243
+79803910273
+79803910279
+79803911157
+79803911656
+79803912045
+79803912086
+79803912892
+79803913025
+79803913708
+79803700510
+79803700548
+79803701523
+79803701574
+79803701901
+79803702184
+79803702350
+79803704336
+79803704506
+79803704926
+79192800064
+79192800579
+79192800825
+79192801054
+79192802353
+79192802494
+79192803429
+79192803567
+79192803622
+79192804185
+79107360811
+79107361372
+79107361425
+79107361710
+79107361825
+79107361865
+79107361873
+79107361909
+79107361948
+79107362072
+79803816271
+79803817377
+79803817903
+79803817912
+79803817974
+79803818655
+79803819230
+79803819513
+79803819950
+79803820114
+79192201588
+79192201937
+79192201952
+79192202093
+79192202096
+79192202097
+79192202113
+79192202115
+79192202117
+79192202124
+79155701890
+79155702237
+79155702697
+79155702888
+79155702956
+79155702989
+79155703063
+79155703566
+79155704026
+79155704123
+79107360811
+79107361372
+79107361425
+79107361710
+79107361825
+79107361865
+79107361873
+79107361909
+79107361948
+79107362072
+79107360811
+79107361372
+79107361425
+79107361710
+79107361825
+79107361865
+79107361873
+79107361909
+79107361948
+79107362072
+79803816271
+79803817377
+79803817903
+79803817912
+79803817974
+79803818655
+79803819230
+79803819513
+79803819950
+79803820114
+79103201548
+79103201668
+79103203224
+79103203874
+79103205142
+79103205238
+79103206786
+79103207057
+79103208416
+79103209281
+79155201461
+79155201684
+79155201889
+79155202541
+79155202629
+79155202682
+79155202802
+79155202880
+79155203139
+79155203210
+79107360811
+79107361372
+79107361425
+79107361710
+79107361825
+79107361865
+79107361873
+79107361909
+79107361948
+79107362072
+79803816271
+79803817377
+79803817903
+79803817912
+79803817974
+79803818655
+79803819230
+79803819513
+79803819950
+79803820114
+79194309381
+79194309406
+79194309433
+79194309449
+79194309512
+79194309518
+79194309531
+79194309540
+79194309559
+79194309564
+79803700510
+79803700548
+79803701523
+79803701574
+79803701901
+79803702184
+79803702350
+79803704336
+79803704506
+79803704926
+79192800064
+79192800579
+79192800825
+79192801054
+79192802353
+79192802494
+79192803429
+79192803567
+79192803622
+79192804185
+79803700510
+79803700548
+79803701523
+79803701574
+79803701901
+79803702184
+79803702350
+79803704336
+79803704506
+79803704926
+79103201548
+79103201668
+79103203224
+79103203874
+79103205142
+79103205238
+79103206786
+79103207057
+79103208416
+79103209281
+79803910243
+79803910273
+79803910279
+79803911157
+79803911656
+79803912045
+79803912086
+79803912892
+79803913025
+79803913708
+79192800064
+79192800579
+79192800825
+79192801054
+79192802353
+79192802494
+79192803429
+79192803567
+79192803622
+79192804185
+79803816271
+79803817377
+79803817903
+79803817912
+79803817974
+79803818655
+79803819230
+79803819513
+79803819950
+79803820114
+79102248647
+79102248650
+79102248651
+79102248652
+79102248653
+79102248654
+79102248657
+79102248658
+79102248661
+79102248662
+79194309381
+79194309406
+79194309433
+79194309449
+79194309512
+79194309518
+79194309531
+79194309540
+79194309559
+79194309564
+79103201548
+79103201668
+79103203224
+79103203874
+79103205142
+79103205238
+79103206786
+79103207057
+79103208416
+79103209281
+79805200822
+79805202108
+79805202617
+79805203454
+79805203884
+79805204970
+79805205309
+79805207578
+79805209790
+79805209931
+79107450656
+79107450682
+79107450986
+79107451431
+79107451938
+79107452061
+79107452450
+79107452671
+79107452703
+79107452769
+79192201588
+79192201937
+79192201952
+79192202093
+79192202096
+79192202097
+79192202113
+79192202115
+79192202117
+79192202124
+79103201548
+79103201668
+79103203224
+79103203874
+79103205142
+79103205238
+79103206786
+79103207057
+79103208416
+79103209281
+79192800064
+79192800579
+79192800825
+79192801054
+79192802353
+79192802494
+79192803429
+79192803567
+79192803622
+79192804185
+79155701890
+79155702237
+79155702697
+79155702888
+79155702956
+79155702989
+79155703063
+79155703566
+79155704026
+79155704123
+79103201548
+79103201668
+79103203224
+79103203874
+79103205142
+79103205238
+79103206786
+79103207057
+79103208416
+79103209281
+79805200822
+79805202108
+79805202617
+79805203454
+79805203884
+79805204970
+79805205309
+79805207578
+79805209790
+79805209931
+79102248647
+79102248650
+79102248651
+79102248652
+79102248653
+79102248654
+79102248657
+79102248658
+79102248661
+79102248662
+79803910243
+79803910273
+79803910279
+79803911157
+79803911656
+79803912045
+79803912086
+79803912892
+79803913025
+79803913708
+79155603818
+79155603959
+79155604247
+79155604638
+79155606786
+79155609573
+79155609945
+79155610065
+79155610295
+79155610956
+79192800064
+79192800579
+79192800825
+79192801054
+79192802353
+79192802494
+79192803429
+79192803567
+79192803622
+79192804185
+79803200374
+79803200387
+79803200945
+79803200947
+79803201043
+79803201332
+79803201473
+79803201735
+79803201848
+79803202066
+79107411442
+79107411662
+79107412273
+79107412376
+79107412456
+79107412743
+79107412814
+79107412870
+79107412879
+79107412938
+79107450656
+79107450682
+79107450986
+79107451431
+79107451938
+79107452061
+79107452450
+79107452671
+79107452703
+79107452769
+79107411442
+79107411662
+79107412273
+79107412376
+79107412456
+79107412743
+79107412814
+79107412870
+79107412879
+79107412938
+79192201588
+79192201937
+79192201952
+79192202093
+79192202096
+79192202097
+79192202113
+79192202115
+79192202117
+79192202124
+79803200374
+79803200387
+79803200945
+79803200947
+79803201043
+79803201332
+79803201473
+79803201735
+79803201848
+79803202066
+79102248647
+79102248650
+79102248651
+79102248652
+79102248653
+79102248654
+79102248657
+79102248658
+79102248661
+79102248662
+79103600528
+79103601551
+79103602029
+79103602419
+79103602447
+79103603142
+79103603148
+79103603194
+79103603249
+79103603367
+79107450656
+79107450682
+79107450986
+79107451431
+79107451938
+79107452061
+79107452450
+79107452671
+79107452703
+79107452769
+79107450656
+79107450682
+79107450986
+79107451431
+79107451938
+79107452061
+79107452450
+79107452671
+79107452703
+79107452769
+79194309381
+79194309406
+79194309433
+79194309449
+79194309512
+79194309518
+79194309531
+79194309540
+79194309559
+79194309564
+79192800064
+79192800579
+79192800825
+79192801054
+79192802353
+79192802494
+79192803429
+79192803567
+79192803622
+79192804185
+79155201461
+79155201684
+79155201889
+79155202541
+79155202629
+79155202682
+79155202802
+79155202880
+79155203139
+79155203210
+79192800064
+79192800579
+79192800825
+79192801054
+79192802353
+79192802494
+79192803429
+79192803567
+79192803622
+79192804185
+79803200374
+79803200387
+79803200945
+79803200947
+79803201043
+79803201332
+79803201473
+79803201735
+79803201848
+79803202066
+79107411442
+79107411662
+79107412273
+79107412376
+79107412456
+79107412743
+79107412814
+79107412870
+79107412879
+79107412938
+79803816271
+79803817377
+79803817903
+79803817912
+79803817974
+79803818655
+79803819230
+79803819513
+79803819950
+79803820114
+79103600528
+79103601551
+79103602029
+79103602419
+79103602447
+79103603142
+79103603148
+79103603194
+79103603249
+79103603367
+79803910243
+79803910273
+79803910279
+79803911157
+79803911656
+79803912045
+79803912086
+79803912892
+79803913025
+79803913708
+79803200374
+79803200387
+79803200945
+79803200947
+79803201043
+79803201332
+79803201473
+79803201735
+79803201848
+79803202066
+79192201588
+79192201937
+79192201952
+79192202093
+79192202096
+79192202097
+79192202113
+79192202115
+79192202117
+79192202124
+79155201461
+79155201684
+79155201889
+79155202541
+79155202629
+79155202682
+79155202802
+79155202880
+79155203139
+79155203210
+79102248647
+79102248650
+79102248651
+79102248652
+79102248653
+79102248654
+79102248657
+79102248658
+79102248661
+79102248662
+79803910243
+79803910273
+79803910279
+79803911157
+79803911656
+79803912045
+79803912086
+79803912892
+79803913025
+79803913708
+79107411442
+79107411662
+79107412273
+79107412376
+79107412456
+79107412743
+79107412814
+79107412870
+79107412879
+79107412938
+79194309381
+79194309406
+79194309433
+79194309449
+79194309512
+79194309518
+79194309531
+79194309540
+79194309559
+79194309564
+79803816271
+79803817377
+79803817903
+79803817912
+79803817974
+79803818655
+79803819230
+79803819513
+79803819950
+79803820114
+79107411442
+79107411662
+79107412273
+79107412376
+79107412456
+79107412743
+79107412814
+79107412870
+79107412879
+79107412938
+79155201461
+79155201684
+79155201889
+79155202541
+79155202629
+79155202682
+79155202802
+79155202880
+79155203139
+79155203210
+79192800064
+79192800579
+79192800825
+79192801054
+79192802353
+79192802494
+79192803429
+79192803567
+79192803622
+79192804185
+79155701890
+79155702237
+79155702697
+79155702888
+79155702956
+79155702989
+79155703063
+79155703566
+79155704026
+79155704123
+79803910243
+79803910273
+79803910279
+79803911157
+79803911656
+79803912045
+79803912086
+79803912892
+79803913025
+79803913708
+79155201461
+79155201684
+79155201889
+79155202541
+79155202629
+79155202682
+79155202802
+79155202880
+79155203139
+79155203210
+79192201588
+79192201937
+79192201952
+79192202093
+79192202096
+79192202097
+79192202113
+79192202115
+79192202117
+79192202124
+79155603818
+79155603959
+79155604247
+79155604638
+79155606786
+79155609573
+79155609945
+79155610065
+79155610295
+79155610956
+79155603818
+79155603959
+79155604247
+79155604638
+79155606786
+79155609573
+79155609945
+79155610065
+79155610295
+79155610956
+79103201548
+79103201668
+79103203224
+79103203874
+79103205142
+79103205238
+79103206786
+79103207057
+79103208416
+79103209281
+79103600528
+79103601551
+79103602029
+79103602419
+79103602447
+79103603142
+79103603148
+79103603194
+79103603249
+79103603367
+79102248647
+79102248650
+79102248651
+79102248652
+79102248653
+79102248654
+79102248657
+79102248658
+79102248661
+79102248662
+79107411442
+79107411662
+79107412273
+79107412376
+79107412456
+79107412743
+79107412814
+79107412870
+79107412879
+79107412938
+79803816271
+79803817377
+79803817903
+79803817912
+79803817974
+79803818655
+79803819230
+79803819513
+79803819950
+79803820114
+79103600528
+79103601551
+79103602029
+79103602419
+79103602447
+79103603142
+79103603148
+79103603194
+79103603249
+79103603367
+79803200374
+79803200387
+79803200945
+79803200947
+79803201043
+79803201332
+79803201473
+79803201735
+79803201848
+79803202066
+79803816271
+79803817377
+79803817903
+79803817912
+79803817974
+79803818655
+79803819230
+79803819513
+79803819950
+79803820114
+79102248647
+79102248650
+79102248651
+79102248652
+79102248653
+79102248654
+79102248657
+79102248658
+79102248661
+79102248662
+79107411442
+79107411662
+79107412273
+79107412376
+79107412456
+79107412743
+79107412814
+79107412870
+79107412879
+79107412938
+79107411442
+79107411662
+79107412273
+79107412376
+79107412456
+79107412743
+79107412814
+79107412870
+79107412879
+79107412938
+79103201548
+79103201668
+79103203224
+79103203874
+79103205142
+79103205238
+79103206786
+79103207057
+79103208416
+79103209281
+79107360811
+79107361372
+79107361425
+79107361710
+79107361825
+79107361865
+79107361873
+79107361909
+79107361948
+79107362072
+79155701890
+79155702237
+79155702697
+79155702888
+79155702956
+79155702989
+79155703063
+79155703566
+79155704026
+79155704123
+79803200374
+79803200387
+79803200945
+79803200947
+79803201043
+79803201332
+79803201473
+79803201735
+79803201848
+79803202066
+79803700510
+79803700548
+79803701523
+79803701574
+79803701901
+79803702184
+79803702350
+79803704336
+79803704506
+79803704926
+79192201588
+79192201937
+79192201952
+79192202093
+79192202096
+79192202097
+79192202113
+79192202115
+79192202117
+79192202124
+79107450656
+79107450682
+79107450986
+79107451431
+79107451938
+79107452061
+79107452450
+79107452671
+79107452703
+79107452769
+79803816271
+79803817377
+79803817903
+79803817912
+79803817974
+79803818655
+79803819230
+79803819513
+79803819950
+79803820114
+79803910243
+79803910273
+79803910279
+79803911157
+79803911656
+79803912045
+79803912086
+79803912892
+79803913025
+79803913708
+79192800064
+79192800146
+79192800579
+79192800825
+79192801054
+79192802353
+79192802494
+79192803429
+79192803567
+79192803622
+79192201588
+79192201937
+79192201952
+79192202093
+79192202096
+79192202097
+79192202113
+79192202115
+79192202117
+79192202124
+79192800064
+79192800146
+79192800579
+79192800825
+79192801054
+79192802353
+79192802494
+79192803429
+79192803567
+79192803622
+79805200822
+79805202108
+79805202617
+79805203454
+79805203884
+79805204970
+79805205309
+79805207578
+79805209790
+79805209931
+79102248647
+79102248650
+79102248651
+79102248652
+79102248653
+79102248654
+79102248657
+79102248658
+79102248661
+79102248662
+79107360811
+79107361372
+79107361425
+79107361710
+79107361825
+79107361865
+79107361873
+79107361909
+79107361948
+79107362072
+79103201548
+79103201668
+79103203224
+79103203874
+79103205142
+79103205238
+79103206786
+79103207057
+79103208416
+79103209281
+79805200822
+79805202108
+79805202617
+79805203454
+79805203884
+79805204970
+79805205309
+79805207578
+79805209790
+79805209931
+79107411442
+79107411662
+79107412273
+79107412376
+79107412456
+79107412743
+79107412814
+79107412870
+79107412879
+79107412938
+79192201588
+79192201937
+79192201952
+79192202093
+79192202096
+79192202097
+79192202113
+79192202115
+79192202117
+79192202124
+79192800064
+79192800146
+79192800579
+79192800825
+79192801054
+79192802353
+79192802494
+79192803429
+79192803567
+79192803622
+79107450656
+79107450682
+79107450986
+79107451431
+79107451938
+79107452061
+79107452450
+79107452671
+79107452703
+79107452769
+79192800064
+79192800146
+79192800579
+79192800825
+79192801054
+79192802353
+79192802494
+79192803429
+79192803567
+79192803622
+79192800064
+79192800146
+79192800579
+79192800825
+79192801054
+79192802353
+79192802494
+79192803429
+79192803567
+79192803622
+79155701890
+79155702237
+79155702697
+79155702888
+79155702956
+79155702989
+79155703063
+79155703566
+79155704026
+79155704123
+79192800064
+79192800146
+79192800579
+79192800825
+79192801054
+79192802353
+79192802494
+79192803429
+79192803567
+79192803622
+79155701890
+79155702237
+79155702697
+79155702888
+79155702956
+79155702989
+79155703063
+79155703566
+79155704026
+79155704123
+79194309381
+79194309406
+79194309433
+79194309449
+79194309512
+79194309518
+79194309531
+79194309540
+79194309559
+79194309564
+79155603818
+79155603959
+79155604247
+79155604638
+79155606786
+79155609573
+79155609945
+79155610065
+79155610295
+79155610956
+79102248647
+79102248650
+79102248651
+79102248652
+79102248653
+79102248654
+79102248657
+79102248658
+79102248661
+79102248662
+79107411442
+79107411662
+79107412273
+79107412376
+79107412456
+79107412743
+79107412814
+79107412870
+79107412879
+79107412938
+79155201461
+79155201684
+79155201889
+79155202541
+79155202629
+79155202682
+79155202802
+79155202880
+79155203139
+79155203210
+79103201548
+79103201668
+79103203224
+79103203874
+79103205142
+79103205238
+79103206786
+79103207057
+79103208416
+79103209281
+79803200374
+79803200387
+79803200945
+79803200947
+79803201043
+79803201332
+79803201473
+79803201735
+79803201848
+79803202066
+79107411442
+79107411662
+79107412273
+79107412376
+79107412456
+79107412743
+79107412814
+79107412870
+79107412879
+79107412938
+79155201461
+79155201684
+79155201889
+79155202541
+79155202629
+79155202682
+79155202802
+79155202880
+79155203139
+79155203210
+79102248647
+79102248650
+79102248651
+79102248652
+79102248653
+79102248654
+79102248657
+79102248658
+79102248661
+79102248662
+79155201461
+79155201684
+79155201889
+79155202541
+79155202629
+79155202682
+79155202802
+79155202880
+79155203139
+79155203210
+79107450656
+79107450682
+79107450986
+79107451431
+79107451938
+79107452061
+79107452450
+79107452671
+79107452703
+79107452769
+79803700510
+79803700548
+79803701523
+79803701574
+79803701901
+79803702184
+79803702350
+79803704336
+79803704506
+79803704926
+79192800064
+79192800146
+79192800579
+79192800825
+79192801054
+79192802353
+79192802494
+79192803429
+79192803567
+79192803622
+79103600528
+79103601551
+79103602029
+79103602419
+79103602447
+79103603142
+79103603148
+79103603194
+79103603249
+79103603367
+79803816271
+79803817377
+79803817903
+79803817912
+79803817974
+79803818655
+79803819230
+79803819513
+79803819950
+79803820114
+79803200374
+79803200387
+79803200945
+79803200947
+79803201043
+79803201332
+79803201473
+79803201735
+79803201848
+79803202066
+79803700510
+79803700548
+79803701523
+79803701574
+79803701901
+79803702184
+79803702350
+79803704336
+79803704506
+79803704926
+79192201588
+79192201937
+79192201952
+79192202093
+79192202096
+79192202097
+79192202113
+79192202115
+79192202117
+79192202124
+79803816271
+79803817377
+79803817903
+79803817912
+79803817974
+79803818655
+79803819230
+79803819513
+79803819950
+79803820114
+79103201548
+79103201668
+79103203224
+79103203874
+79103205142
+79103205238
+79103206786
+79103207057
+79103208416
+79103209281
+79107360811
+79107361372
+79107361425
+79107361710
+79107361825
+79107361865
+79107361873
+79107361909
+79107361948
+79107362072
+79155201461
+79155201684
+79155201889
+79155202541
+79155202629
+79155202682
+79155202802
+79155202880
+79155203139
+79155203210
+79194309381
+79194309406
+79194309433
+79194309449
+79194309512
+79194309518
+79194309531
+79194309540
+79194309559
+79194309564
+79803200374
+79803200387
+79803200945
+79803200947
+79803201043
+79803201332
+79803201473
+79803201735
+79803201848
+79803202066
+79103600528
+79103601551
+79103602029
+79103602419
+79103602447
+79103603142
+79103603148
+79103603194
+79103603249
+79103603367
+79103600528
+79103601551
+79103602029
+79103602419
+79103602447
+79103603142
+79103603148
+79103603194
+79103603249
+79103603367
+79102248647
+79102248650
+79102248651
+79102248652
+79102248653
+79102248654
+79102248657
+79102248658
+79102248661
+79102248662
+79803700510
+79803700548
+79803701523
+79803701574
+79803701901
+79803702184
+79803702350
+79803702937
+79803704336
+79803704506
+79155701890
+79155702237
+79155702697
+79155702888
+79155702956
+79155702989
+79155703063
+79155703566
+79155704026
+79155704123
+79194309381
+79194309406
+79194309433
+79194309449
+79194309512
+79194309518
+79194309531
+79194309540
+79194309559
+79194309564
+79805200822
+79805202108
+79805202617
+79805203454
+79805203884
+79805204970
+79805205309
+79805207578
+79805209790
+79805209931
+79107360811
+79107361372
+79107361425
+79107361710
+79107361825
+79107361865
+79107361873
+79107361909
+79107361948
+79107362072
+79102248647
+79102248650
+79102248651
+79102248652
+79102248653
+79102248654
+79102248657
+79102248658
+79102248661
+79102248662
+79803200374
+79803200387
+79803200945
+79803200947
+79803201043
+79803201332
+79803201473
+79803201735
+79803201848
+79803202066
+79155603818
+79155603959
+79155604247
+79155604638
+79155606786
+79155609573
+79155609945
+79155610065
+79155610295
+79155610956
+79805200822
+79805202108
+79805202617
+79805203454
+79805203884
+79805204970
+79805205309
+79805207578
+79805209790
+79805209931
+79803910243
+79803910273
+79803910279
+79803911157
+79803911656
+79803912045
+79803912086
+79803912892
+79803913025
+79803913708
+79107450656
+79107450682
+79107450986
+79107451431
+79107451938
+79107452061
+79107452450
+79107452671
+79107452703
+79107452769
+79155201461
+79155201684
+79155201889
+79155202541
+79155202629
+79155202682
+79155202802
+79155202880
+79155203139
+79155203210
+79107411442
+79107411662
+79107412273
+79107412376
+79107412456
+79107412743
+79107412814
+79107412870
+79107412879
+79107412938
+79155201461
+79155201684
+79155201889
+79155202541
+79155202629
+79155202682
+79155202802
+79155202880
+79155203139
+79155203210
+79107450656
+79107450682
+79107450986
+79107451431
+79107451938
+79107452061
+79107452450
+79107452671
+79107452703
+79107452769
+79102248647
+79102248650
+79102248651
+79102248652
+79102248653
+79102248654
+79102248657
+79102248658
+79102248661
+79102248662
+79107360811
+79107361372
+79107361425
+79107361710
+79107361825
+79107361865
+79107361873
+79107361909
+79107361948
+79107362072
+79194309381
+79194309406
+79194309433
+79194309449
+79194309512
+79194309518
+79194309531
+79194309540
+79194309559
+79194309564
+79155603818
+79155603959
+79155604247
+79155604638
+79155606786
+79155609573
+79155609945
+79155610065
+79155610295
+79155610956
+79803200374
+79803200387
+79803200945
+79803200947
+79803201043
+79803201332
+79803201473
+79803201735
+79803201848
+79803202066
+79103600528
+79103601551
+79103602029
+79103602419
+79103602447
+79103603142
+79103603148
+79103603194
+79103603249
+79103603367
+79192201588
+79192201937
+79192201952
+79192202093
+79192202096
+79192202097
+79192202113
+79192202115
+79192202117
+79192202124
+79155603818
+79155603959
+79155604247
+79155604638
+79155606786
+79155609573
+79155609945
+79155610065
+79155610295
+79155610956
+79103600528
+79103601551
+79103602029
+79103602419
+79103602447
+79103603142
+79103603148
+79103603194
+79103603249
+79103603367
+79803200374
+79803200387
+79803200945
+79803200947
+79803201043
+79803201332
+79803201473
+79803201735
+79803201848
+79803202066
+79102248647
+79102248650
+79102248651
+79102248652
+79102248653
+79102248654
+79102248657
+79102248658
+79102248661
+79102248662
+79102248647
+79102248650
+79102248651
+79102248652
+79102248653
+79102248654
+79102248657
+79102248658
+79102248661
+79102248662
+79107360811
+79107361372
+79107361425
+79107361710
+79107361825
+79107361865
+79107361873
+79107361909
+79107361948
+79107362072
+79194309381
+79194309406
+79194309433
+79194309449
+79194309512
+79194309518
+79194309531
+79194309540
+79194309559
+79194309564
+79803200374
+79803200387
+79803200945
+79803200947
+79803201043
+79803201332
+79803201473
+79803201735
+79803201848
+79803202066
+79803200374
+79803200387
+79803200945
+79803200947
+79803201043
+79803201332
+79803201473
+79803201735
+79803201848
+79803202066
+79155701890
+79155702237
+79155702697
+79155702888
+79155702956
+79155702989
+79155703063
+79155703566
+79155704026
+79155704123
+79192800064
+79192800146
+79192800579
+79192800825
+79192801054
+79192802353
+79192802494
+79192803429
+79192803567
+79192803622
+79107360811
+79107361372
+79107361425
+79107361710
+79107361825
+79107361865
+79107361873
+79107361909
+79107361948
+79107362072
+79103201548
+79103201668
+79103203224
+79103203874
+79103205142
+79103205238
+79103206786
+79103207057
+79103208416
+79103209281
+79155701890
+79155702237
+79155702697
+79155702888
+79155702956
+79155702989
+79155703063
+79155703566
+79155704026
+79155704123
+79102248647
+79102248650
+79102248651
+79102248652
+79102248653
+79102248654
+79102248657
+79102248658
+79102248661
+79102248662
+79803200374
+79803200387
+79803200945
+79803200947
+79803201043
+79803201332
+79803201473
+79803201735
+79803201848
+79803202066
+79155603818
+79155603959
+79155604247
+79155604638
+79155606786
+79155609573
+79155609945
+79155610065
+79155610295
+79155610956
+79103600528
+79103601551
+79103602029
+79103602419
+79103602447
+79103603142
+79103603148
+79103603194
+79103603249
+79103603367
+79107411442
+79107411662
+79107412273
+79107412376
+79107412456
+79107412743
+79107412814
+79107412870
+79107412879
+79107412938
+79103201548
+79103201668
+79103203224
+79103203874
+79103205142
+79103205238
+79103206786
+79103207057
+79103208416
+79103209281
+79192201588
+79192201937
+79192201952
+79192202093
+79192202096
+79192202097
+79192202113
+79192202115
+79192202117
+79192202124
+79103201548
+79103201668
+79103203224
+79103203874
+79103205142
+79103205238
+79103206786
+79103207057
+79103208416
+79103209281
+79803910243
+79803910273
+79803910279
+79803911157
+79803911656
+79803912045
+79803912086
+79803912892
+79803913025
+79803913708
+79803910243
+79803910273
+79803910279
+79803911157
+79803911656
+79803912045
+79803912086
+79803912892
+79803913025
+79803913708
+79194309381
+79194309406
+79194309433
+79194309449
+79194309512
+79194309518
+79194309531
+79194309540
+79194309559
+79194309564
+79803910243
+79803910273
+79803910279
+79803911157
+79803911656
+79803912045
+79803912086
+79803912892
+79803913025
+79803913708
+79192201588
+79192201937
+79192201952
+79192202093
+79192202096
+79192202097
+79192202113
+79192202115
+79192202117
+79192202124
+79803816271
+79803817377
+79803817903
+79803817912
+79803817974
+79803818655
+79803819230
+79803819513
+79803819950
+79803820114
+79107360811
+79107361372
+79107361425
+79107361710
+79107361825
+79107361865
+79107361873
+79107361909
+79107361948
+79107362072
+79155603818
+79155603959
+79155604247
+79155604638
+79155606786
+79155609573
+79155609945
+79155610065
+79155610295
+79155610956
+79805200822
+79805202108
+79805202617
+79805203454
+79805203884
+79805204970
+79805205309
+79805207578
+79805209790
+79805209931
+79102248647
+79102248650
+79102248651
+79102248652
+79102248653
+79102248654
+79102248657
+79102248658
+79102248661
+79102248662
+79192201588
+79192201937
+79192201952
+79192202093
+79192202096
+79192202097
+79192202113
+79192202115
+79192202117
+79192202124
+79102248647
+79102248650
+79102248651
+79102248652
+79102248653
+79102248654
+79102248657
+79102248658
+79102248661
+79102248662
+79155603818
+79155603959
+79155604247
+79155604638
+79155606786
+79155609573
+79155609945
+79155610065
+79155610295
+79155610956
+79155603818
+79155603959
+79155604247
+79155604638
+79155606786
+79155609573
+79155609945
+79155610065
+79155610295
+79155610956
+79103201548
+79103201668
+79103203224
+79103203874
+79103205142
+79103205238
+79103206786
+79103207057
+79103208416
+79103209281
+79155201461
+79155201684
+79155201889
+79155202541
+79155202629
+79155202682
+79155202802
+79155202880
+79155203139
+79155203210
+79803700510
+79803700548
+79803701523
+79803701574
+79803701901
+79803702184
+79803702350
+79803702937
+79803704336
+79803704506
+79155201461
+79155201684
+79155201889
+79155202541
+79155202629
+79155202682
+79155202802
+79155202880
+79155203139
+79155203210
+79103600528
+79103601551
+79103602029
+79103602419
+79103602447
+79103603142
+79103603148
+79103603194
+79103603249
+79103603367
+79107450656
+79107450682
+79107450986
+79107451431
+79107451938
+79107452061
+79107452450
+79107452671
+79107452703
+79107452769
+79192201588
+79192201937
+79192201952
+79192202093
+79192202096
+79192202097
+79192202113
+79192202115
+79192202117
+79192202124
+79803200374
+79803200387
+79803200945
+79803200947
+79803201043
+79803201332
+79803201473
+79803201735
+79803201848
+79803202066
+79803200374
+79803200387
+79803200945
+79803200947
+79803201043
+79803201332
+79803201473
+79803201735
+79803201848
+79803202066
+79803910243
+79803910273
+79803910279
+79803911157
+79803911656
+79803912045
+79803912086
+79803912892
+79803913025
+79803913708
+79103600528
+79103601551
+79103602029
+79103602419
+79103602447
+79103603142
+79103603148
+79103603194
+79103603249
+79103603367
+79107450656
+79107450682
+79107450986
+79107451431
+79107451938
+79107452061
+79107452450
+79107452671
+79107452703
+79107452769
+79155603818
+79155603959
+79155604247
+79155604638
+79155606786
+79155609573
+79155609945
+79155610065
+79155610295
+79155610956
+79803910243
+79803910273
+79803910279
+79803911157
+79803911656
+79803912045
+79803912086
+79803912892
+79803913025
+79803913708
+79805200822
+79805202108
+79805202617
+79805203454
+79805203884
+79805204970
+79805205309
+79805207578
+79805209790
+79805209931
+79803700510
+79803700548
+79803701523
+79803701574
+79803701901
+79803702184
+79803702350
+79803702937
+79803704336
+79803704506
+79192800064
+79192800146
+79192800579
+79192800825
+79192801054
+79192802353
+79192802494
+79192803429
+79192803567
+79192803622
+79805200822
+79805202108
+79805202617
+79805203454
+79805203884
+79805204970
+79805205309
+79805207578
+79805209790
+79805209931
+79803700510
+79803700548
+79803701523
+79803701574
+79803701901
+79803702184
+79803702350
+79803702937
+79803704336
+79803704506
+79103201548
+79103201668
+79103203224
+79103203874
+79103205142
+79103205238
+79103206786
+79103207057
+79103208416
+79103209281
+79803816271
+79803817377
+79803817903
+79803817912
+79803817974
+79803818655
+79803819230
+79803819513
+79803819950
+79803820114
+79155603818
+79155603959
+79155604247
+79155604638
+79155606786
+79155609573
+79155609945
+79155610065
+79155610295
+79155610956
+79107411442
+79107411662
+79107412273
+79107412376
+79107412456
+79107412743
+79107412814
+79107412870
+79107412879
+79107412938
+79107360811
+79107361372
+79107361425
+79107361710
+79107361825
+79107361865
+79107361873
+79107361909
+79107361948
+79107362072
+79803700510
+79803700548
+79803701523
+79803701574
+79803701901
+79803702184
+79803702350
+79803702937
+79803704336
+79803704506
+79192201588
+79192201937
+79192201952
+79192202093
+79192202096
+79192202097
+79192202113
+79192202115
+79192202117
+79192202124
+79194309381
+79194309406
+79194309433
+79194309449
+79194309512
+79194309518
+79194309531
+79194309540
+79194309559
+79194309564
+79803910243
+79803910273
+79803910279
+79803911157
+79803911656
+79803912045
+79803912086
+79803912892
+79803913025
+79803913708
+79103201548
+79103201668
+79103203224
+79103203874
+79103205142
+79103205238
+79103206786
+79103207057
+79103208416
+79103209281
+79155603818
+79155603959
+79155604247
+79155604638
+79155606786
+79155609573
+79155609945
+79155610065
+79155610295
+79155610956
+79107411442
+79107411662
+79107412273
+79107412376
+79107412456
+79107412743
+79107412814
+79107412870
+79107412879
+79107412938
+79803910243
+79803910273
+79803910279
+79803911157
+79803911656
+79803912045
+79803912086
+79803912892
+79803913025
+79803913708
+79107360811
+79107361372
+79107361425
+79107361710
+79107361825
+79107361865
+79107361873
+79107361909
+79107361948
+79107362072
+79155603818
+79155603959
+79155604247
+79155604638
+79155606786
+79155609573
+79155609945
+79155610065
+79155610295
+79155610956
+79194309381
+79194309406
+79194309433
+79194309449
+79194309512
+79194309518
+79194309531
+79194309540
+79194309559
+79194309564
+79107450656
+79107450682
+79107450986
+79107451431
+79107451938
+79107452061
+79107452450
+79107452671
+79107452703
+79107452769
+79192201588
+79192201937
+79192201952
+79192202093
+79192202096
+79192202097
+79192202113
+79192202115
+79192202117
+79192202124
+79155603818
+79155603959
+79155604247
+79155604638
+79155606786
+79155609573
+79155609945
+79155610065
+79155610295
+79155610956
+79107450656
+79107450682
+79107450986
+79107451431
+79107451938
+79107452061
+79107452450
+79107452671
+79107452703
+79107452769
+79192800064
+79192800146
+79192800579
+79192800825
+79192801054
+79192802353
+79192802494
+79192803429
+79192803567
+79192803622
+79194309381
+79194309406
+79194309433
+79194309449
+79194309512
+79194309518
+79194309531
+79194309540
+79194309559
+79194309564
+79803910243
+79803910273
+79803910279
+79803911157
+79803911656
+79803912045
+79803912086
+79803912892
+79803913025
+79803913708
+79103600528
+79103601551
+79103602029
+79103602419
+79103602447
+79103603142
+79103603148
+79103603194
+79103603249
+79103603367
+79103600528
+79103601551
+79103602029
+79103602419
+79103602447
+79103603142
+79103603148
+79103603194
+79103603249
+79103603367
+79107411442
+79107411662
+79107412273
+79107412376
+79107412456
+79107412743
+79107412814
+79107412870
+79107412879
+79107412938
+79803910243
+79803910273
+79803910279
+79803911157
+79803911656
+79803912045
+79803912086
+79803912892
+79803913025
+79803913708
+79192800064
+79192800146
+79192800579
+79192800825
+79192801054
+79192802353
+79192802494
+79192803429
+79192803567
+79192803622
+79102248652
+79102248653
+79102248657
+79102248658
+79102248661
+79102248662
+79102248664
+79102248665
+79102248669
+79102248670
+79107360811
+79107361372
+79107361425
+79107361710
+79107361825
+79107361865
+79107361873
+79107361909
+79107361948
+79107362072
+79803700510
+79803700548
+79803701523
+79803701574
+79803701901
+79803702184
+79803702350
+79803702937
+79803704336
+79803704506
+79803200374
+79803200387
+79803200945
+79803200947
+79803201043
+79803201332
+79803201473
+79803201735
+79803201848
+79803202066
+79103201548
+79103201668
+79103203224
+79103203874
+79103205142
+79103205238
+79103206786
+79103207057
+79103208416
+79103209281
+79107360811
+79107361372
+79107361425
+79107361710
+79107361825
+79107361865
+79107361873
+79107361909
+79107361948
+79107362072
+79155701890
+79155702237
+79155702697
+79155702888
+79155702956
+79155702989
+79155703063
+79155703566
+79155704026
+79155704123
+79803200374
+79803200387
+79803200945
+79803200947
+79803201043
+79803201332
+79803201473
+79803201735
+79803201848
+79803202066
+79803910243
+79803910273
+79803910279
+79803911157
+79803911656
+79803912045
+79803912086
+79803912892
+79803913025
+79803913708
+79155701890
+79155702237
+79155702697
+79155702888
+79155702956
+79155702989
+79155703063
+79155703566
+79155704026
+79155704123
+79155701890
+79155702237
+79155702697
+79155702888
+79155702956
+79155702989
+79155703063
+79155703566
+79155704026
+79155704123
+79155701890
+79155702237
+79155702697
+79155702888
+79155702956
+79155702989
+79155703063
+79155703566
+79155704026
+79155704123
+79155603818
+79155603959
+79155604247
+79155604638
+79155606786
+79155609573
+79155609945
+79155610065
+79155610295
+79155610956
+79107360811
+79107361372
+79107361425
+79107361710
+79107361825
+79107361865
+79107361873
+79107361909
+79107361948
+79107362072
+79803700510
+79803700548
+79803701523
+79803701574
+79803701901
+79803702184
+79803702350
+79803702937
+79803704336
+79803704506
+79107450656
+79107450682
+79107450986
+79107451431
+79107451938
+79107452061
+79107452450
+79107452671
+79107452703
+79107452769
+79102248652
+79102248653
+79102248657
+79102248658
+79102248661
+79102248662
+79102248664
+79102248665
+79102248669
+79102248670
+79103201548
+79103201668
+79103203224
+79103203874
+79103205142
+79103205238
+79103206786
+79103207057
+79103208416
+79103209281
+79155603818
+79155603959
+79155604247
+79155604638
+79155606786
+79155609573
+79155609945
+79155610065
+79155610295
+79155610956
+79107450656
+79107450682
+79107450986
+79107451431
+79107451938
+79107452061
+79107452450
+79107452671
+79107452703
+79107452769
+79194309381
+79194309406
+79194309433
+79194309449
+79194309512
+79194309518
+79194309531
+79194309540
+79194309559
+79194309564
+79102248652
+79102248653
+79102248657
+79102248658
+79102248661
+79102248662
+79102248664
+79102248665
+79102248669
+79102248670
+79155201461
+79155201684
+79155201889
+79155202541
+79155202629
+79155202682
+79155202802
+79155202880
+79155203139
+79155203210
+79805200822
+79805202108
+79805202617
+79805203454
+79805203884
+79805204970
+79805205309
+79805207578
+79805209790
+79805209931
+79803910243
+79803910273
+79803910279
+79803911157
+79803911656
+79803912045
+79803912086
+79803912892
+79803913025
+79803913708
+79805200822
+79805202108
+79805202617
+79805203454
+79805203884
+79805204970
+79805205309
+79805207578
+79805209790
+79805209931
+79803200374
+79803200387
+79803200945
+79803200947
+79803201043
+79803201332
+79803201473
+79803201735
+79803201848
+79803202066
+79803700510
+79803700548
+79803701523
+79803701574
+79803701901
+79803702184
+79803702350
+79803702937
+79803704336
+79803704506
+79102248652
+79102248653
+79102248657
+79102248658
+79102248661
+79102248662
+79102248664
+79102248665
+79102248669
+79102248670
+79805200822
+79805202108
+79805202617
+79805203454
+79805203884
+79805204970
+79805205309
+79805207578
+79805209790
+79805209931
+79155701890
+79155702237
+79155702697
+79155702888
+79155702956
+79155702989
+79155703063
+79155703566
+79155704026
+79155704123
+79803910243
+79803910273
+79803910279
+79803911157
+79803911656
+79803912045
+79803912086
+79803912892
+79803913025
+79803913708
+79155603818
+79155603959
+79155604247
+79155604638
+79155606786
+79155609573
+79155609945
+79155610065
+79155610295
+79155610956
+79803700510
+79803700548
+79803701523
+79803701574
+79803701901
+79803702184
+79803702350
+79803702937
+79803704336
+79803704506
+79102248652
+79102248653
+79102248657
+79102248658
+79102248661
+79102248662
+79102248664
+79102248665
+79102248669
+79102248670
+79103201548
+79103201668
+79103203224
+79103203874
+79103205142
+79103205238
+79103206786
+79103207057
+79103208416
+79103209281
+79155603818
+79155603959
+79155604247
+79155604638
+79155606786
+79155609573
+79155609945
+79155610065
+79155610295
+79155610956
+79107411442
+79107411662
+79107412273
+79107412376
+79107412456
+79107412743
+79107412814
+79107412870
+79107412879
+79107412938
+79194309381
+79194309406
+79194309433
+79194309449
+79194309512
+79194309518
+79194309531
+79194309540
+79194309559
+79194309564
+79192201588
+79192201937
+79192201952
+79192202093
+79192202096
+79192202097
+79192202113
+79192202115
+79192202117
+79192202124
+79107411442
+79107411662
+79107412273
+79107412376
+79107412456
+79107412743
+79107412814
+79107412870
+79107412879
+79107412938
+79194309381
+79194309406
+79194309433
+79194309449
+79194309512
+79194309518
+79194309531
+79194309540
+79194309559
+79194309564
+79107450656
+79107450682
+79107450986
+79107451431
+79107451938
+79107452061
+79107452450
+79107452671
+79107452703
+79107452769
+79803200374
+79803200387
+79803200945
+79803200947
+79803201043
+79803201332
+79803201473
+79803201735
+79803201848
+79803202066
+79194309381
+79194309406
+79194309433
+79194309449
+79194309512
+79194309518
+79194309531
+79194309540
+79194309559
+79194309564
+79107360811
+79107361372
+79107361425
+79107361710
+79107361825
+79107361865
+79107361873
+79107361909
+79107361948
+79107362072
+79107411442
+79107411662
+79107412273
+79107412376
+79107412456
+79107412743
+79107412814
+79107412870
+79107412879
+79107412938
+79102248652
+79102248653
+79102248657
+79102248658
+79102248661
+79102248662
+79102248664
+79102248665
+79102248669
+79102248670
+79192800064
+79192800146
+79192800579
+79192800825
+79192801054
+79192802353
+79192802494
+79192803429
+79192803567
+79192803622
+79107360811
+79107361372
+79107361425
+79107361710
+79107361825
+79107361865
+79107361873
+79107361909
+79107361948
+79107362072
+79155603818
+79155603959
+79155604247
+79155604638
+79155606786
+79155609573
+79155609945
+79155610065
+79155610295
+79155610956
+79102248652
+79102248653
+79102248657
+79102248658
+79102248661
+79102248662
+79102248664
+79102248665
+79102248669
+79102248670
+79107411442
+79107411662
+79107412273
+79107412376
+79107412456
+79107412743
+79107412814
+79107412870
+79107412879
+79107412938
+79192201588
+79192201937
+79192201952
+79192202093
+79192202096
+79192202097
+79192202113
+79192202115
+79192202117
+79192202124
+79107450656
+79107450682
+79107450986
+79107451431
+79107451938
+79107452061
+79107452450
+79107452671
+79107452703
+79107452769
+79103600528
+79103601551
+79103602029
+79103602419
+79103602447
+79103603142
+79103603148
+79103603194
+79103603249
+79103603367
+79192800064
+79192800146
+79192800579
+79192800825
+79192801054
+79192802353
+79192802494
+79192803429
+79192803567
+79192803622
+79194309381
+79194309406
+79194309433
+79194309449
+79194309512
+79194309518
+79194309531
+79194309540
+79194309559
+79194309564
+79192800064
+79192800146
+79192800579
+79192800825
+79192801054
+79192802353
+79192802494
+79192803429
+79192803567
+79192803622
+79103201548
+79103201668
+79103203224
+79103203874
+79103205142
+79103205238
+79103206786
+79103207057
+79103208416
+79103209281
+79194309381
+79194309406
+79194309433
+79194309449
+79194309512
+79194309518
+79194309531
+79194309540
+79194309559
+79194309564
+79155701890
+79155702237
+79155702697
+79155702888
+79155702956
+79155702989
+79155703063
+79155703566
+79155704026
+79155704123
+79803910243
+79803910273
+79803910279
+79803911157
+79803911656
+79803912045
+79803912086
+79803912892
+79803913025
+79803913708
+79192800064
+79192800146
+79192800579
+79192800825
+79192801054
+79192802353
+79192802494
+79192803429
+79192803567
+79192803622
+79155201461
+79155201684
+79155201889
+79155202541
+79155202629
+79155202682
+79155202802
+79155202880
+79155203139
+79155203210
+79155701890
+79155702237
+79155702697
+79155702888
+79155702956
+79155702989
+79155703063
+79155703566
+79155704026
+79155704123
+79102248652
+79102248653
+79102248657
+79102248658
+79102248661
+79102248662
+79102248664
+79102248665
+79102248669
+79102248670
+79103600528
+79103601551
+79103602029
+79103602419
+79103602447
+79103603142
+79103603148
+79103603194
+79103603249
+79103603367
+79192201588
+79192201937
+79192201952
+79192202093
+79192202096
+79192202097
+79192202113
+79192202115
+79192202117
+79192202124
+79107360811
+79107361372
+79107361425
+79107361710
+79107361825
+79107361865
+79107361873
+79107361909
+79107361948
+79107362072
+79107411442
+79107411662
+79107412273
+79107412376
+79107412456
+79107412743
+79107412814
+79107412870
+79107412879
+79107412938
+79194309381
+79194309406
+79194309433
+79194309449
+79194309512
+79194309518
+79194309531
+79194309540
+79194309559
+79194309564
+79194309381
+79194309406
+79194309433
+79194309449
+79194309512
+79194309518
+79194309531
+79194309540
+79194309559
+79194309564
+79155603818
+79155603959
+79155604247
+79155604638
+79155606786
+79155609573
+79155609945
+79155610065
+79155610295
+79155610956
+79803910243
+79803910273
+79803910279
+79803911157
+79803911656
+79803912045
+79803912086
+79803912892
+79803913025
+79803913708
+79192201588
+79192201937
+79192201952
+79192202093
+79192202096
+79192202097
+79192202113
+79192202115
+79192202117
+79192202124
+79194309381
+79194309406
+79194309433
+79194309449
+79194309512
+79194309518
+79194309531
+79194309540
+79194309559
+79194309564
+79107450656
+79107450682
+79107450986
+79107451431
+79107451938
+79107452061
+79107452450
+79107452671
+79107452703
+79107452769
+79155701890
+79155702237
+79155702697
+79155702888
+79155702956
+79155702989
+79155703063
+79155703566
+79155704026
+79155704123
+79192800064
+79192800146
+79192800579
+79192800825
+79192801054
+79192802353
+79192802494
+79192803429
+79192803567
+79192803622
+79803816271
+79803817377
+79803817903
+79803817912
+79803817974
+79803818655
+79803819230
+79803819513
+79803819950
+79803820114
+79155701890
+79155702237
+79155702697
+79155702888
+79155702956
+79155702989
+79155703063
+79155703566
+79155704026
+79155704123
+79155201461
+79155201684
+79155201889
+79155202541
+79155202629
+79155202682
+79155202802
+79155202880
+79155203139
+79155203210
+79155603818
+79155603959
+79155604247
+79155604638
+79155606786
+79155609573
+79155609945
+79155610065
+79155610295
+79155610956
+79103201548
+79103201668
+79103203224
+79103203874
+79103205142
+79103205238
+79103206786
+79103207057
+79103208416
+79103209281
+79155201461
+79155201684
+79155201889
+79155202541
+79155202629
+79155202682
+79155202802
+79155202880
+79155203139
+79155203210
+79155201461
+79155201684
+79155201889
+79155202541
+79155202629
+79155202682
+79155202802
+79155202880
+79155203139
+79155203210
+79803816271
+79803817377
+79803817903
+79803817912
+79803817974
+79803818655
+79803819230
+79803819513
+79803819950
+79803820114
+79107360811
+79107361372
+79107361425
+79107361710
+79107361825
+79107361865
+79107361873
+79107361909
+79107361948
+79107362072
+79102248652
+79102248653
+79102248657
+79102248658
+79102248661
+79102248662
+79102248664
+79102248665
+79102248669
+79102248670
+79192800064
+79192800146
+79192800579
+79192800825
+79192801054
+79192802353
+79192802494
+79192803429
+79192803567
+79192803622
+79803700510
+79803700548
+79803701523
+79803701574
+79803701901
+79803702184
+79803702350
+79803702937
+79803704336
+79803704506
+79155603818
+79155603959
+79155604247
+79155604638
+79155606786
+79155609573
+79155609945
+79155610065
+79155610295
+79155610956
+79107360811
+79107361372
+79107361425
+79107361710
+79107361825
+79107361865
+79107361873
+79107361909
+79107361948
+79107362072
+79192800064
+79192800146
+79192800579
+79192800825
+79192801054
+79192802353
+79192802494
+79192803429
+79192803567
+79192803622
+79803200374
+79803200387
+79803200945
+79803200947
+79803201043
+79803201332
+79803201473
+79803201735
+79803201848
+79803202066
+79803910243
+79803910273
+79803910279
+79803911157
+79803911656
+79803912045
+79803912086
+79803912892
+79803913025
+79803913708
+79192201588
+79192201937
+79192201952
+79192202093
+79192202096
+79192202097
+79192202113
+79192202115
+79192202117
+79192202124
+79192201588
+79192201937
+79192201952
+79192202093
+79192202096
+79192202097
+79192202113
+79192202115
+79192202117
+79192202124
+79803700510
+79803700548
+79803701523
+79803701574
+79803701901
+79803702184
+79803702350
+79803702937
+79803704336
+79803704506
+79155201461
+79155201684
+79155201889
+79155202541
+79155202629
+79155202682
+79155202802
+79155202880
+79155203139
+79155203210
+79155701890
+79155702237
+79155702697
+79155702888
+79155702956
+79155702989
+79155703063
+79155703566
+79155704026
+79155704123
+79107450656
+79107450682
+79107450986
+79107451431
+79107451938
+79107452061
+79107452450
+79107452671
+79107452703
+79107452769
+79805200822
+79805202108
+79805202617
+79805203454
+79805203884
+79805204970
+79805205309
+79805207578
+79805209790
+79805209931
+79107360811
+79107361372
+79107361425
+79107361710
+79107361825
+79107361865
+79107361873
+79107361909
+79107361948
+79107362072
+79103201548
+79103201668
+79103203224
+79103203874
+79103205142
+79103205238
+79103206786
+79103207057
+79103208416
+79103209281
+79103600528
+79103601551
+79103602029
+79103602419
+79103602447
+79103603142
+79103603148
+79103603194
+79103603249
+79103603367
+79155201461
+79155201684
+79155201889
+79155202541
+79155202629
+79155202682
+79155202802
+79155202880
+79155203139
+79155203210
+79155603818
+79155603959
+79155604247
+79155604638
+79155606786
+79155609573
+79155609945
+79155610065
+79155610295
+79155610956
+79803816271
+79803817377
+79803817903
+79803817912
+79803817974
+79803818655
+79803819230
+79803819513
+79803819950
+79803820114
+79803910243
+79803910273
+79803910279
+79803911157
+79803911656
+79803912045
+79803912086
+79803912892
+79803913025
+79803913708
+79803700510
+79803700548
+79803701523
+79803701574
+79803701901
+79803702184
+79803702350
+79803702937
+79803704336
+79803704506
+79103201548
+79103201668
+79103203224
+79103203874
+79103205142
+79103205238
+79103206786
+79103207057
+79103208416
+79103209281
+79103201548
+79103201668
+79103203224
+79103203874
+79103205142
+79103205238
+79103206786
+79103207057
+79103208416
+79103209281
+79803816271
+79803817377
+79803817903
+79803817912
+79803817974
+79803818655
+79803819230
+79803819513
+79803819950
+79803820114
+79194309381
+79194309406
+79194309433
+79194309449
+79194309512
+79194309518
+79194309531
+79194309540
+79194309559
+79194309564
+79803816271
+79803817377
+79803817903
+79803817912
+79803817974
+79803818655
+79803819230
+79803819513
+79803819950
+79803820114
+79103600528
+79103601551
+79103602029
+79103602419
+79103602447
+79103603142
+79103603148
+79103603194
+79103603249
+79103603367
+79194309381
+79194309406
+79194309433
+79194309449
+79194309512
+79194309518
+79194309531
+79194309540
+79194309559
+79194309564
+79102248652
+79102248653
+79102248657
+79102248658
+79102248661
+79102248662
+79102248664
+79102248665
+79102248669
+79102248670
+79803700510
+79803700548
+79803701523
+79803701574
+79803701901
+79803702184
+79803702350
+79803702937
+79803704336
+79803704506
+79107450656
+79107450682
+79107450986
+79107451431
+79107451938
+79107452061
+79107452450
+79107452671
+79107452703
+79107452769
+79155201461
+79155201684
+79155201889
+79155202541
+79155202629
+79155202682
+79155202802
+79155202880
+79155203139
+79155203210
+79107411442
+79107411662
+79107412273
+79107412376
+79107412456
+79107412743
+79107412814
+79107412870
+79107412879
+79107412938
+79803200374
+79803200387
+79803200945
+79803200947
+79803201043
+79803201332
+79803201473
+79803201735
+79803201848
+79803202066
+79103600528
+79103601551
+79103602029
+79103602419
+79103602447
+79103603142
+79103603148
+79103603194
+79103603249
+79103603367
+79107411442
+79107411662
+79107412273
+79107412376
+79107412456
+79107412743
+79107412814
+79107412870
+79107412879
+79107412938
+79192201588
+79192201937
+79192201952
+79192202093
+79192202096
+79192202097
+79192202113
+79192202115
+79192202117
+79192202124
+79155201461
+79155201684
+79155201889
+79155202541
+79155202629
+79155202682
+79155202802
+79155202880
+79155203139
+79155203210
+79192800064
+79192800146
+79192800579
+79192800825
+79192801054
+79192802353
+79192802494
+79192803429
+79192803567
+79192803622
+79803910243
+79803910273
+79803910279
+79803911157
+79803911656
+79803912045
+79803912086
+79803912892
+79803913025
+79803913708
+79102248653
+79102248657
+79102248658
+79102248661
+79102248662
+79102248664
+79102248665
+79102248669
+79102248670
+79102248671
+79155603818
+79155603959
+79155604247
+79155604638
+79155606786
+79155609573
+79155609945
+79155610065
+79155610295
+79155610956
+79102248653
+79102248657
+79102248658
+79102248661
+79102248662
+79102248664
+79102248665
+79102248669
+79102248670
+79102248671
+79192201588
+79192201937
+79192201952
+79192202093
+79192202096
+79192202097
+79192202113
+79192202115
+79192202117
+79192202124
+79155701890
+79155702237
+79155702697
+79155702888
+79155702956
+79155702989
+79155703063
+79155703566
+79155704026
+79155704123
+79803816271
+79803817377
+79803817903
+79803817912
+79803817974
+79803818655
+79803819230
+79803819513
+79803819950
+79803820114
+79155201461
+79155201684
+79155201889
+79155202541
+79155202629
+79155202682
+79155202802
+79155202880
+79155203139
+79155203210
+79803200374
+79803200387
+79803200945
+79803200947
+79803201043
+79803201332
+79803201473
+79803201735
+79803201848
+79803202066
+79102248653
+79102248657
+79102248658
+79102248661
+79102248662
+79102248664
+79102248665
+79102248669
+79102248670
+79102248671
+79803816271
+79803817377
+79803817903
+79803817912
+79803817974
+79803818655
+79803819230
+79803819513
+79803819950
+79803820114
+79155201461
+79155201684
+79155201889
+79155202541
+79155202629
+79155202682
+79155202802
+79155202880
+79155203139
+79155203210
+79803910243
+79803910273
+79803910279
+79803911157
+79803911656
+79803912045
+79803912086
+79803912892
+79803913025
+79803913708
+79103201548
+79103201668
+79103203224
+79103203874
+79103205142
+79103205238
+79103206786
+79103207057
+79103208416
+79103209281
+79103600528
+79103601551
+79103602029
+79103602419
+79103602447
+79103603142
+79103603148
+79103603194
+79103603249
+79103603367
+79192800064
+79192800146
+79192800579
+79192800825
+79192801054
+79192802353
+79192802494
+79192803429
+79192803567
+79192803622
+79103600528
+79103601551
+79103602029
+79103602419
+79103602447
+79103603142
+79103603148
+79103603194
+79103603249
+79103603367
+79155201461
+79155201684
+79155201889
+79155202541
+79155202629
+79155202682
+79155202802
+79155202880
+79155203139
+79155203210
+79155201461
+79155201684
+79155201889
+79155202541
+79155202629
+79155202682
+79155202802
+79155202880
+79155203139
+79155203210
+79803700510
+79803700548
+79803701523
+79803701574
+79803701901
+79803702184
+79803702350
+79803702937
+79803704336
+79803704506
+79155701890
+79155702237
+79155702697
+79155702888
+79155702956
+79155702989
+79155703063
+79155703566
+79155704026
+79155704123
+79155201461
+79155201684
+79155201889
+79155202541
+79155202629
+79155202682
+79155202802
+79155202880
+79155203139
+79155203210
+79155201461
+79155201684
+79155201889
+79155202541
+79155202629
+79155202682
+79155202802
+79155202880
+79155203139
+79155203210
+79155201461
+79155201684
+79155201889
+79155202541
+79155202629
+79155202682
+79155202802
+79155202880
+79155203139
+79155203210
+79192201588
+79192201937
+79192201952
+79192202093
+79192202096
+79192202097
+79192202113
+79192202115
+79192202117
+79192202124
+79107411442
+79107411662
+79107412273
+79107412376
+79107412456
+79107412743
+79107412814
+79107412870
+79107412879
+79107412938
+79803700510
+79803700548
+79803701523
+79803701574
+79803701901
+79803702184
+79803702350
+79803702937
+79803704336
+79803704506
+79192201588
+79192201937
+79192201952
+79192202093
+79192202096
+79192202097
+79192202113
+79192202115
+79192202117
+79192202124
