+79102248670
+79803911157
+79803201473
+79107452061
+79192800825
+79803700548
+79102248634
+79194309559
+79803817377
+79803913025
+79803819230
+79103205142
+79155609573
+79194309381
+79192803567
+79803816271
+79192202093
+79107451431
+79803701523
+79803910243
+79803202066
+79107412456
+79194309512
+79107450986
+79107412273
+79803702350
+79107360811
+79155610956
+79103207057
+79107450682
+79803704336
+79107412870
+79107412879
+79803817903
+79805200822
+79192801054
+79192800146
+79192202096
+79192202097
+79107412938
+79103203874
+79102248654
+79155702956
+79102248664
+79103602447
+79102248650
+79194309540
+79103603367
+79107452671
+79103208416
+79155704026
+79103603249
+79803820114
+79192201952
+79155702888
+79803910273
+79805203884
+79803201735
+79107412814
+79803704506
+79103206786
+79155704123
+79155604638
+79155202802
+79803817974
+79805207578
+79155603818
+79155702989
+79803200387
+79103600528
+79107452450
+79155606786
+79803817912
+79107411662
+79155703063
+79803912045
+79155702237
+79803201332
+79192800579
+79107361710
+79805209931
+79192802353
+79102248658
+79102248671
+79803704926
+79107411442
+79803700510
+79103205238
+79103603148
+79102248657
+79107361873
+79102248642
+79192202117
+79155201461
+79155202880
+79803911656
+79155701890
+79803912892
+79194309518
+79192201937
+79107361948
+79803819950
+79107361865
+79103203224
+79155201684
+79103603142
+79155702697
+79192201588
+79803915793
+79102248665
+79107361425
+79803818655
+79155202629
+79194309406
+79803819513
+79155202541
+79107452769
+79102248662
+79155610295
+79107362072
+79194309433
+79103601551
+79107412376
+79803200947
+79155703566
+79803201848
+79803201043
+79107412743
+79107452703
+79102248661
+79103209281
+79102248647
+79103201423
+79102248669
+79805203454
+79805209790
+79803910279
+79192202115
+79194309449
+79803702184
+79192202124
+79103201668
+79805205309
+79805202617
+79103602419
+79103603194
+79107361825
+79192800064
+79803200374
+79103602029
+79803200945
+79107451938
+79102248652
+79102248653
+79192803429
+79155610065
+79155609945
+79107361909
+79192803622
+79155604247
+79155202682
+79803701901
+79194309564
+79192802494
+79102248651
+79155203139
+79107361372
+79803913708
+79192804185
+79103201548
+79107450656
+79155201889
+79805204970
+79192202113
+79805202108
+79803701574
+79155603959
+79155203210
+79803912086
+79194309531
+79803702937
