+79803000943
+79803001262
+79803002714
+79803002807
+79803003477
+79803003763
+79803004084
+79803004206
+79803004288
+79803004312
+79102302879
+79102315224
+79102319726
+79102319728
+79102319762
+79102319765
+79102319923
+79102319926
+79102319946
+79102319947
+79102900464
+79102900538
+79102900647
+79102901223
+79102901282
+79102901466
+79102901470
+79102901677
+79102901819
+79102902189
+79155305004
+79155306891
+79155307111
+79155307334
+79155307746
+79155307813
+79155308041
+79155309399
+79155309730
+79155310278
+79803301490
+79803301521
+79803301549
+79803301552
+79803301568
+79803301570
+79803301571
+79803301584
+79803301605
+79803301619
+79107431410
+79107431908
+79107432949
+79107433128
+79107436146
+79107436168
+79107436574
+79107436766
+79107436768
+79107436809
+79802999416
+79802999425
+79802999820
+79802999849
+79102900464
+79102900538
+79102900647
+79102901223
+79102901282
+79102901466
+79107333584
+79107334034
+79107334916
+79107336361
+79107337055
+79107339331
+79107339858
+79107340827
+79107340908
+79107342084
+79803100075
+79803100748
+79803100781
+79803100967
+79803101307
+79803101669
+79803101799
+79803101926
+79803101966
+79803102014
+79102900464
+79102900538
+79102900647
+79102901223
+79102901282
+79102901466
+79102901470
+79102901677
+79102901819
+79102902189
+79803000943
+79803001262
+79803002714
+79803002807
+79803003477
+79803003763
+79803004084
+79803004206
+79803004288
+79803004312
+79158001176
+79158004390
+79158004462
+79158004492
+79158004637
+79158004845
+79158004852
+79158004930
+79158005129
+79158005209
+79102302879
+79102315224
+79102319726
+79102319728
+79102319762
+79102319765
+79102319923
+79102319926
+79102319946
+79102319947
+79102900464
+79102900538
+79102900647
+79102901223
+79102901282
+79102901466
+79102901470
+79102901677
+79102901819
+79102902189
+79107333584
+79107334034
+79107334916
+79107336361
+79107337055
+79107339331
+79107339858
+79107340827
+79107340908
+79107342084
+79107431410
+79107431908
+79107432949
+79107433128
+79107436146
+79107436168
+79107436574
+79107436766
+79107436768
+79107436809
+79102302879
+79102315224
+79102319726
+79102319728
+79102319762
+79102319765
+79102319923
+79102319926
+79102319946
+79102319947
+79191900725
+79191900736
+79191900895
+79191901326
+79191901351
+79191901477
+79191901573
+79191901712
+79191901783
+79191901792
+79155305004
+79155306891
+79155307111
+79155307334
+79155307746
+79155307813
+79155308041
+79155309399
+79155309730
+79155310278
+79102302879
+79102315224
+79102319726
+79102319728
+79102319762
+79102319765
+79102319923
+79102319926
+79102319946
+79102319947
+79103301489
+79103302527
+79103303641
+79103303699
+79103303882
+79103304014
+79103304149
+79103304192
+79103304201
+79103304241
+79802999416
+79802999425
+79802999820
+79802999849
+79803100075
+79803100748
+79803100781
+79803100967
+79803101307
+79803101669
+79107333584
+79107334034
+79107334916
+79107336361
+79107337055
+79107339331
+79107339858
+79107340827
+79107340908
+79107342084
+79191900725
+79191900736
+79191900895
+79191901326
+79191901351
+79191901477
+79191901573
+79191901712
+79191901783
+79191901792
+79103301489
+79103302527
+79103303641
+79103303699
+79103303882
+79103304014
+79103304149
+79103304192
+79103304201
+79103304241
+79191900725
+79191900736
+79191900895
+79191901326
+79191901351
+79191901477
+79191901573
+79191901712
+79191901783
+79191901792
+79191900725
+79191900736
+79191900895
+79191901326
+79191901351
+79191901477
+79191901573
+79191901712
+79191901783
+79191901792
+79803100075
+79803100748
+79803100781
+79803100967
+79803101307
+79803101669
+79803101799
+79803101926
+79803101966
+79803102014
+79103301489
+79103302527
+79103303641
+79103303699
+79103303882
+79103304014
+79103304149
+79103304192
+79103304201
+79103304241
+79803000943
+79803001262
+79803002714
+79803002807
+79803003477
+79803003763
+79803004084
+79803004206
+79803004288
+79803004312
+79803301490
+79803301521
+79803301549
+79803301552
+79803301568
+79803301570
+79803301571
+79803301584
+79803301605
+79803301619
+79803000943
+79803001262
+79803002714
+79803002807
+79803003477
+79803003763
+79803004084
+79803004206
+79803004288
+79803004312
+79803100075
+79803100748
+79803100781
+79803100967
+79803101307
+79803101669
+79803101799
+79803101926
+79803101966
+79803102014
+79107431410
+79107431908
+79107432949
+79107433128
+79107436146
+79107436168
+79107436574
+79107436766
+79107436768
+79107436809
+79191900725
+79191900736
+79191900895
+79191901326
+79191901351
+79191901477
+79191901573
+79191901712
+79191901783
+79191901792
+79107431410
+79107431908
+79107432949
+79107433128
+79107436146
+79107436168
+79107436574
+79107436766
+79107436768
+79107436809
+79158001176
+79158004390
+79158004462
+79158004492
+79158004637
+79158004845
+79158004852
+79158004930
+79158005129
+79158005209
+79803000943
+79803001262
+79803002714
+79803002807
+79803003477
+79803003763
+79803004084
+79803004206
+79803004288
+79803004312
+79102900464
+79102900538
+79102900647
+79102901223
+79102901282
+79102901466
+79102901470
+79102901677
+79102901819
+79102902189
+79803000943
+79803001262
+79803002714
+79803002807
+79803003477
+79803003763
+79803004084
+79803004206
+79803004288
+79803004312
+79102302879
+79102315224
+79102319726
+79102319728
+79102319762
+79102319765
+79102319923
+79102319926
+79102319946
+79102319947
+79803301490
+79803301521
+79803301549
+79803301552
+79803301568
+79803301570
+79803301571
+79803301584
+79803301605
+79803301619
+79155305004
+79155306891
+79155307111
+79155307334
+79155307746
+79155307813
+79155308041
+79155309399
+79155309730
+79155310278
+79107431410
+79107431908
+79107432949
+79107433128
+79107436146
+79107436168
+79107436574
+79107436766
+79107436768
+79107436809
+79192900253
+79192900265
+79192900361
+79192901576
+79192901871
+79192902531
+79192902753
+79192902806
+79192903032
+79192903150
+79107333584
+79107334034
+79107334916
+79107336361
+79107337055
+79107339331
+79107339858
+79107340827
+79107340908
+79107342084
+79191900725
+79191900736
+79191900895
+79191901326
+79191901351
+79191901477
+79191901573
+79191901712
+79191901783
+79191901792
+79107333584
+79107334034
+79107334916
+79107336361
+79107337055
+79107339331
+79107339858
+79107340827
+79107340908
+79107342084
+79155305004
+79155306891
+79155307111
+79155307334
+79155307746
+79155307813
+79155308041
+79155309399
+79155309730
+79155310278
+79803100075
+79803100748
+79803100781
+79803100967
+79803101307
+79803101669
+79803101799
+79803101926
+79803101966
+79803102014
+79102900464
+79102900538
+79102900647
+79102901223
+79102901282
+79102901466
+79102901470
+79102901677
+79102901819
+79102902189
+79107431410
+79107431908
+79107432949
+79107433128
+79107436146
+79107436168
+79107436574
+79107436766
+79107436768
+79107436809
+79102302879
+79102315224
+79102319726
+79102319728
+79102319762
+79102319765
+79102319923
+79102319926
+79102319946
+79102319947
+79102302879
+79102315224
+79102319726
+79102319728
+79102319762
+79102319765
+79102319923
+79102319926
+79102319946
+79102319947
+79802999416
+79802999425
+79802999820
+79802999849
+79102302879
+79102315224
+79102319726
+79102319728
+79102319762
+79102319765
+79192900253
+79192900265
+79192900361
+79192901576
+79192901871
+79192902531
+79192902753
+79192902806
+79192903032
+79192903150
+79191900725
+79191900736
+79191900895
+79191901326
+79191901351
+79191901477
+79191901573
+79191901712
+79191901783
+79191901792
+79102302879
+79102315224
+79102319726
+79102319728
+79102319762
+79102319765
+79102319923
+79102319926
+79102319946
+79102319947
+79803000943
+79803001262
+79803002714
+79803002807
+79803003477
+79803003763
+79803004084
+79803004206
+79803004288
+79803004312
+79192900253
+79192900265
+79192900361
+79192901576
+79192901871
+79192902531
+79192902753
+79192902806
+79192903032
+79192903150
+79803000943
+79803001262
+79803002714
+79803002807
+79803003477
+79803003763
+79803004084
+79803004206
+79803004288
+79803004312
+79107333584
+79107334034
+79107334916
+79107336361
+79107337055
+79107339331
+79107339858
+79107340827
+79107340908
+79107342084
+79107333584
+79107334034
+79107334916
+79107336361
+79107337055
+79107339331
+79107339858
+79107340827
+79107340908
+79107342084
+79103301489
+79103302527
+79103303641
+79103303699
+79103303882
+79103304014
+79103304149
+79103304192
+79103304201
+79103304241
+79102302879
+79102315224
+79102319726
+79102319728
+79102319762
+79102319765
+79102319923
+79102319926
+79102319946
+79102319947
+79803100075
+79803100748
+79803100781
+79803100967
+79803101307
+79803101669
+79803101799
+79803101926
+79803101966
+79803102014
+79107431410
+79107431908
+79107432949
+79107433128
+79107436146
+79107436168
+79107436574
+79107436766
+79107436768
+79107436809
+79802999416
+79802999425
+79802999820
+79802999849
+79803301490
+79803301521
+79803301549
+79803301552
+79803301568
+79803301570
+79107333584
+79107334034
+79107334916
+79107336361
+79107337055
+79107339331
+79107339858
+79107340827
+79107340908
+79107342084
+79102302879
+79102315224
+79102319726
+79102319728
+79102319762
+79102319765
+79102319923
+79102319926
+79102319946
+79102319947
+79191900725
+79191900736
+79191900895
+79191901326
+79191901351
+79191901477
+79191901573
+79191901712
+79191901783
+79191901792
+79192900253
+79192900265
+79192900361
+79192901576
+79192901871
+79192902531
+79192902753
+79192902806
+79192903032
+79192903150
+79803301490
+79803301521
+79803301549
+79803301552
+79803301568
+79803301570
+79803301571
+79803301584
+79803301605
+79803301619
+79158001176
+79158004390
+79158004462
+79158004492
+79158004637
+79158004845
+79158004852
+79158004930
+79158005129
+79158005209
+79107333584
+79107334034
+79107334916
+79107336361
+79107337055
+79107339331
+79107339858
+79107340827
+79107340908
+79107342084
+79107431410
+79107431908
+79107432949
+79107433128
+79107436146
+79107436168
+79107436574
+79107436766
+79107436768
+79107436809
+79803000943
+79803001262
+79803002714
+79803002807
+79803003477
+79803003763
+79803004084
+79803004206
+79803004288
+79803004312
+79102900464
+79102900538
+79102900647
+79102901223
+79102901282
+79102901466
+79102901470
+79102901677
+79102901819
+79102902189
+79158001176
+79158004390
+79158004462
+79158004492
+79158004637
+79158004845
+79158004852
+79158004930
+79158005129
+79158005209
+79102900464
+79102900538
+79102900647
+79102901223
+79102901282
+79102901466
+79102901470
+79102901677
+79102901819
+79102902189
+79191900725
+79191900736
+79191900895
+79191901326
+79191901351
+79191901477
+79191901573
+79191901712
+79191901783
+79191901792
+79155305004
+79155306891
+79155307111
+79155307334
+79155307746
+79155307813
+79155308041
+79155309399
+79155309730
+79155310278
+79103301489
+79103302527
+79103303641
+79103303699
+79103303882
+79103304014
+79103304149
+79103304192
+79103304201
+79103304241
+79802999416
+79802999425
+79802999820
+79802999849
+79102302879
+79102315224
+79102319726
+79102319728
+79102319762
+79102319765
+79803301490
+79803301521
+79803301549
+79803301552
+79803301568
+79803301570
+79803301571
+79803301584
+79803301605
+79803301619
+79107333584
+79107334034
+79107334916
+79107336361
+79107337055
+79107339331
+79107339858
+79107340827
+79107340908
+79107342084
+79158001176
+79158004390
+79158004462
+79158004492
+79158004637
+79158004845
+79158004852
+79158004930
+79158005129
+79158005209
+79803301490
+79803301521
+79803301549
+79803301552
+79803301568
+79803301570
+79803301571
+79803301584
+79803301605
+79803301619
+79803301490
+79803301521
+79803301549
+79803301552
+79803301568
+79803301570
+79803301571
+79803301584
+79803301605
+79803301619
+79103301489
+79103302527
+79103303641
+79103303699
+79103303882
+79103304014
+79103304149
+79103304192
+79103304201
+79103304241
+79107431410
+79107431908
+79107432949
+79107433128
+79107436146
+79107436168
+79107436574
+79107436766
+79107436768
+79107436809
+79102302879
+79102315224
+79102319726
+79102319728
+79102319762
+79102319765
+79102319923
+79102319926
+79102319946
+79102319947
+79102302879
+79102315224
+79102319726
+79102319728
+79102319762
+79102319765
+79102319923
+79102319926
+79102319946
+79102319947
+79107333584
+79107334034
+79107334916
+79107336361
+79107337055
+79107339331
+79107339858
+79107340827
+79107340908
+79107342084
+79103301489
+79103302527
+79103303641
+79103303699
+79103303882
+79103304014
+79103304149
+79103304192
+79103304201
+79103304241
+79802999416
+79802999425
+79802999820
+79802999849
+79102900464
+79102900538
+79102900647
+79102901223
+79102901282
+79102901466
+79158001176
+79158004390
+79158004462
+79158004492
+79158004637
+79158004845
+79158004852
+79158004930
+79158005129
+79158005209
+79803000943
+79803001262
+79803002714
+79803002807
+79803003477
+79803003763
+79803004084
+79803004206
+79803004288
+79803004312
+79803301490
+79803301521
+79803301549
+79803301552
+79803301568
+79803301570
+79803301571
+79803301584
+79803301605
+79803301619
+79103301489
+79103302527
+79103303641
+79103303699
+79103303882
+79103304014
+79103304149
+79103304192
+79103304201
+79103304241
+79107333584
+79107334034
+79107334916
+79107336361
+79107337055
+79107339331
+79107339858
+79107340827
+79107340908
+79107342084
+79107333584
+79107334034
+79107334916
+79107336361
+79107337055
+79107339331
+79107339858
+79107340827
+79107340908
+79107342084
+79103301489
+79103302527
+79103303641
+79103303699
+79103303882
+79103304014
+79103304149
+79103304192
+79103304201
+79103304241
+79107431410
+79107431908
+79107432949
+79107433128
+79107436146
+79107436168
+79107436574
+79107436766
+79107436768
+79107436809
+79155305004
+79155306891
+79155307111
+79155307334
+79155307746
+79155307813
+79155308041
+79155309399
+79155309730
+79155310278
+79102900464
+79102900538
+79102900647
+79102901223
+79102901282
+79102901466
+79102901470
+79102901677
+79102901819
+79102902189
+79107431410
+79107431908
+79107432949
+79107433128
+79107436146
+79107436168
+79107436574
+79107436766
+79107436768
+79107436809
+79102900239
+79102900464
+79102900538
+79102900647
+79102901223
+79102901282
+79102901466
+79102901470
+79102901677
+79102901819
+79102900239
+79102900464
+79102900538
+79102900647
+79102901223
+79102901282
+79102901466
+79102901470
+79102901677
+79102901819
+79803000943
+79803001262
+79803002714
+79803002807
+79803003477
+79803003763
+79803004084
+79803004206
+79803004288
+79803004312
+79107431410
+79107431908
+79107432949
+79107433128
+79107436146
+79107436168
+79107436574
+79107436766
+79107436768
+79107436809
+79102302879
+79102315224
+79102319726
+79102319728
+79102319762
+79102319765
+79102319923
+79102319926
+79102319946
+79102319947
+79107431410
+79107431908
+79107432949
+79107433128
+79107436146
+79107436168
+79107436574
+79107436766
+79107436768
+79107436809
+79102900239
+79102900464
+79102900538
+79102900647
+79102901223
+79102901282
+79102901466
+79102901470
+79102901677
+79102901819
+79803301490
+79803301521
+79803301549
+79803301552
+79803301568
+79803301570
+79803301571
+79803301584
+79803301605
+79803301619
+79191900725
+79191900736
+79191900895
+79191901326
+79191901351
+79191901477
+79191901573
+79191901712
+79191901783
+79191901792
+79803301490
+79803301521
+79803301549
+79803301552
+79803301568
+79803301570
+79803301571
+79803301584
+79803301605
+79803301619
+79107431410
+79107431908
+79107432949
+79107433128
+79107436146
+79107436168
+79107436574
+79107436766
+79107436768
+79107436809
+79107431410
+79107431908
+79107432949
+79107433128
+79107436146
+79107436168
+79107436574
+79107436766
+79107436768
+79107436809
+79803101966
+79107433128
+79191901477
+79103303641
+79158004390
+79803100967
+79192900361
+79103301489
+79107432949
+79107436146
+79191900725
