+79191901573
+79192903032
+79803101966
+79155310278
+79102900538
+79107433128
+79803002714
+79103303882
+79155306891
+79803301570
+79102319947
+79191900736
+79155309730
+79803301549
+79803301584
+79103302527
+79102901282
+79102900239
+79107339858
+79107436168
+79803004288
+79191901477
+79803301568
+79107339331
+79803100781
+79155309399
+79107431908
+79158004852
+79803004206
+79155305004
+79192900253
+79191901783
+79192902753
+79155308041
+79803101799
+79158004637
+79102900464
+79803301521
+79802999416
+79803301619
+79103304241
+79192900265
+79802999425
+79803001262
+79803101926
+79803002807
+79158005209
+79191901326
+79107436809
+79102319726
+79155307111
+79102901223
+79803101307
+79192902806
+79102319728
+79103303641
+79191900895
+79191901792
+79102319926
+79102900647
+79803100748
+79158004845
+79191901351
+79102901466
+79107436574
+79803101669
+79803100075
+79803003477
+79803004312
+79803004084
+79155307813
+79102315224
+79103303699
+79158001176
+79192902531
+79107334916
+79802999820
+79107337055
+79102901470
+79803301552
+79107340908
+79158004390
+79803100967
+79158004930
+79155307334
+79102319762
+79158005129
+79158004492
+79107340827
+79103304192
+79803102014
+79191901712
+79103304014
+79102319765
+79107436766
+79102302879
+79102319946
+79102902189
+79107334034
+79102319923
+79803301490
+79107431410
+79192901871
+79192903150
+79192900361
+79103304149
+79103301489
+79102901819
+79107436768
+79107432949
+79103304201
+79155307746
+79802999849
+79107342084
+79803301571
+79107436146
+79158004462
+79191900725
+79803301605
+79192901576
+79102901677
+79107333584
+79803000943
+79107336361
+79803003763
