+79899400670
+79899400688
+79899400697
+79899400704
+79899400723
+79899400742
+79899400772
+79899400790
+79899400796
+79899400830
+79899204869
+79899204965
+79899205258
+79899205314
+79899206455
+79899206551
+79899206918
+79899207252
+79899207285
+79899207313
+79899204869
+79899204965
+79899205258
+79899205314
+79899206455
+79899206551
+79899206918
+79899207252
+79899207285
+79899207313
+79899400670
+79899400688
+79899400697
+79899400704
+79899400723
+79899400742
+79899400772
+79899400790
+79899400796
+79899400830
+79899204869
+79899204965
+79899205258
+79899205314
+79899206455
+79899206551
+79899206918
+79899207252
+79899207285
+79899207313
+79899204869
+79899204965
+79899205258
+79899205314
+79899206455
+79899206551
+79899206918
+79899207252
+79899207285
+79899207313
+79899303868
+79899303969
+79899304020
+79899304624
+79899304873
+79899305097
+79899306293
+79899306468
+79899306636
+79899307001
+79899000597
+79899000653
+79899000693
+79899000714
+79899000825
+79899000830
+79899000842
+79899000872
+79899000876
+79899001028
+79899400670
+79899400688
+79899400697
+79899400704
+79899400723
+79899400742
+79899400772
+79899400790
+79899400796
+79899400830
+79899000597
+79899000653
+79899000693
+79899000714
+79899000825
+79899000830
+79899000842
+79899000872
+79899000876
+79899001028
+79899000597
+79899000653
+79899000693
+79899000714
+79899000825
+79899000830
+79899000842
+79899000872
+79899000876
+79899001028
+79889000603
+79889000691
+79889000722
+79889000763
+79889001143
+79889001250
+79889001327
+79889001335
+79889001365
+79889001381
+79899204869
+79899204965
+79899205258
+79899205314
+79899206455
+79899206551
+79899206918
+79899207252
+79899207285
+79899207313
+79899303868
+79899303969
+79899304020
+79899304624
+79899304873
+79899305097
+79899306293
+79899306468
+79899306636
+79899307001
+79899000597
+79899000653
+79899000693
+79899000714
+79899000825
+79899000830
+79899000842
+79899000872
+79899000876
+79899001028
+79899100462
+79899100843
+79899100874
+79899100896
+79899100948
+79899100967
+79899101128
+79899101142
+79899101163
+79899101173
+79889000603
+79889000691
+79889000722
+79889000763
+79889001143
+79889001250
+79889001327
+79889001335
+79889001365
+79889001381
+79899000597
+79899000653
+79899000693
+79899000714
+79899000825
+79899000830
+79899000842
+79899000872
+79899000876
+79899001028
+79891700425
+79891700694
+79891700871
+79891700883
+79891700895
+79891701267
+79891701277
+79891701281
+79891701425
+79891701438
+79899204869
+79899204965
+79899205258
+79899205314
+79899206455
+79899206551
+79899206918
+79899207252
+79899207285
+79899207313
+79891700425
+79891700694
+79891700871
+79891700883
+79891700895
+79891701267
+79891701277
+79891701281
+79891701425
+79891701438
+79891700425
+79891700694
+79891700871
+79891700883
+79891700895
+79891701267
+79891701277
+79891701281
+79891701425
+79891701438
+79899000597
+79899000653
+79899000693
+79899000714
+79899000825
+79899000830
+79899000842
+79899000872
+79899000876
+79899001028
+79899303868
+79899303969
+79899304020
+79899304624
+79899304873
+79899305097
+79899306293
+79899306468
+79899306636
+79899307001
+79899303868
+79899303969
+79899304020
+79899304624
+79899304873
+79899305097
+79899306293
+79899306468
+79899306636
+79899307001
+79899400670
+79899400688
+79899400697
+79899400704
+79899400723
+79899400742
+79899400772
+79899400790
+79899400796
+79899400830
+79899095131
+79899095462
+79899095498
+79899097089
+79899097327
+79899098325
+79899098386
+79899098755
+79899098757
+79899099852
+79899000597
+79899000653
+79899000693
+79899000714
+79899000825
+79899000830
+79899000842
+79899000872
+79899000876
+79899001028
+79891700425
+79891700694
+79891700871
+79891700883
+79891700895
+79891701267
+79891701277
+79891701281
+79891701425
+79891701438
+79891700425
+79891700694
+79891700871
+79891700883
+79891700895
+79891701267
+79891701277
+79891701281
+79891701425
+79891701438
+79899000597
+79899000653
+79899000693
+79899000714
+79899000825
+79899000830
+79899000842
+79899000872
+79899000876
+79899001028
+79899000597
+79899000653
+79899000693
+79899000714
+79899000825
+79899000830
+79899000842
+79899000872
+79899000876
+79899001028
+79899095131
+79899095462
+79899095498
+79899097089
+79899097327
+79899098325
+79899098386
+79899098755
+79899098757
+79899099852
+79899303868
+79899303969
+79899304020
+79899304624
+79899304873
+79899305097
+79899306293
+79899306468
+79899306636
+79899307001
+79899400670
+79899400688
+79899400697
+79899400704
+79899400723
+79899400742
+79899400772
+79899400790
+79899400796
+79899400830
+79899303868
+79899303969
+79899304020
+79899304624
+79899304873
+79899305097
+79899306293
+79899306468
+79899306636
+79899307001
+79899303868
+79899303969
+79899304020
+79899304624
+79899304873
+79899305097
+79899306293
+79899306468
+79899306636
+79899307001
+79899303868
+79899303969
+79899304020
+79899304624
+79899304873
+79899305097
+79899306293
+79899306468
+79899306636
+79899307001
+79891700425
+79891700694
+79891700871
+79891700883
+79891700895
+79891701267
+79891701277
+79891701281
+79891701425
+79891701438
+79899000597
+79899000653
+79899000693
+79899000714
+79899000825
+79899000830
+79899000842
+79899000872
+79899000876
+79899001028
+79899204869
+79899204965
+79899205258
+79899205314
+79899206455
+79899206551
+79899206918
+79899207252
+79899207285
+79899207313
+79891700425
+79891700694
+79891700871
+79891700883
+79891700895
+79891701267
+79891701277
+79891701281
+79891701425
+79891701438
+79889000603
+79889000691
+79889000722
+79889000763
+79889001143
+79889001250
+79889001327
+79889001335
+79889001365
+79889001381
+79899095131
+79899095462
+79899095498
+79899097089
+79899097327
+79899098325
+79899098386
+79899098755
+79899098757
+79899099852
+79899204869
+79899204965
+79899205258
+79899205314
+79899206455
+79899206551
+79899206918
+79899207252
+79899207285
+79899207313
+79899095131
+79899095462
+79899095498
+79899097089
+79899097327
+79899098325
+79899098386
+79899098755
+79899098757
+79899099852
+79891700425
+79891700694
+79891700871
+79891700883
+79891700895
+79891701267
+79891701277
+79891701281
+79891701425
+79891701438
+79891700425
+79891700694
+79891700871
+79891700883
+79891700895
+79891701267
+79891701277
+79891701281
+79891701425
+79891701438
+79891700425
+79891700694
+79891700871
+79891700883
+79891700895
+79891701267
+79891701277
+79891701281
+79891701425
+79891701438
+79891700425
+79891700694
+79891700871
+79891700883
+79891700895
+79891701267
+79891701277
+79891701281
+79891701425
+79891701438
+79889000603
+79889000691
+79889000722
+79889000763
+79889001143
+79889001250
+79889001327
+79889001335
+79889001365
+79889001381
+79891700425
+79891700694
+79891700871
+79891700883
+79891700895
+79891701267
+79891701277
+79891701281
+79891701425
+79891701438
+79899303868
+79899303969
+79899304020
+79899304624
+79899304873
+79899305097
+79899306293
+79899306468
+79899306636
+79899307001
+79891700425
+79891700694
+79891700871
+79891700883
+79891700895
+79891701267
+79891701277
+79891701281
+79891701425
+79891701438
+79899100462
+79899100843
+79899100874
+79899100896
+79899100948
+79899100967
+79899101128
+79899101142
+79899101163
+79899101173
+79899303868
+79899303969
+79899304020
+79899304624
+79899304873
+79899305097
+79899306293
+79899306468
+79899306636
+79899307001
+79899100462
+79899100843
+79899100874
+79899100896
+79899100948
+79899100967
+79899101128
+79899101142
+79899101163
+79899101173
+79899000597
+79899000653
+79899000693
+79899000714
+79899000825
+79899000830
+79899000842
+79899000872
+79899000876
+79899001028
+79899095131
+79899095462
+79899095498
+79899097089
+79899097327
+79899098325
+79899098386
+79899098755
+79899098757
+79899099852
+79899000597
+79899000653
+79899000693
+79899000714
+79899000825
+79899000830
+79899000842
+79899000872
+79899000876
+79899001028
+79889000603
+79889000691
+79889000722
+79889000763
+79889001143
+79889001250
+79889001327
+79889001335
+79889001365
+79889001381
+79899100462
+79899100843
+79899100874
+79899100896
+79899100948
+79899100967
+79899101128
+79899101142
+79899101163
+79899101173
+79891700425
+79891700694
+79891700871
+79891700883
+79891700895
+79891701267
+79891701277
+79891701281
+79891701425
+79891701438
+79899100462
+79899100843
+79899100874
+79899100896
+79899100948
+79899100967
+79899101128
+79899101142
+79899101163
+79899101173
+79899000597
+79899000653
+79899000693
+79899000714
+79899000825
+79899000830
+79899000842
+79899000872
+79899000876
+79899001028
+79889000603
+79889000691
+79889000722
+79889000763
+79889001143
+79889001250
+79889001327
+79889001335
+79889001365
+79889001381
+79899400670
+79899400688
+79899400697
+79899400704
+79899400723
+79899400742
+79899400772
+79899400790
+79899400796
+79899400830
+79899303868
+79899303969
+79899304020
+79899304624
+79899304873
+79899305097
+79899306293
+79899306468
+79899306636
+79899307001
+79899204869
+79899204965
+79899205258
+79899205314
+79899206455
+79899206551
+79899206918
+79899207252
+79899207285
+79899207313
+79899000597
+79899000653
+79899000693
+79899000714
+79899000825
+79899000830
+79899000842
+79899000872
+79899000876
+79899001028
+79899000597
+79899000653
+79899000693
+79899000714
+79899000825
+79899000830
+79899000842
+79899000872
+79899000876
+79899001028
+79889000603
+79889000691
+79889000722
+79889000763
+79889001143
+79889001250
+79889001327
+79889001335
+79889001365
+79889001381
+79899303868
+79899303969
+79899304020
+79899304624
+79899304873
+79899305097
+79899306293
+79899306468
+79899306636
+79899307001
+79891700425
+79891700694
+79891700871
+79891700883
+79891700895
+79891701267
+79891701277
+79891701281
+79891701425
+79891701438
+79899303868
+79899303969
+79899304020
+79899304624
+79899304873
+79899305097
+79899306293
+79899306468
+79899306636
+79899307001
+79899303868
+79899303969
+79899304020
+79899304624
+79899304873
+79899305097
+79899306293
+79899306468
+79899306636
+79899307001
+79899000597
+79899000653
+79899000693
+79899000714
+79899000825
+79899000830
+79899000842
+79899000872
+79899000876
+79899001028
+79899204869
+79899204965
+79899205258
+79899205314
+79899206455
+79899206551
+79899206918
+79899207252
+79899207285
+79899207313
+79899000597
+79899000653
+79899000693
+79899000714
+79899000825
+79899000830
+79899000842
+79899000872
+79899000876
+79899001028
+79899095131
+79899095462
+79899095498
+79899097089
+79899097327
+79899098325
+79899098386
+79899098755
+79899098757
+79899099852
+79891700425
+79891700694
+79891700871
+79891700883
+79891700895
+79891701267
+79891701277
+79891701281
+79891701425
+79891701438
+79891700425
+79891700694
+79891700871
+79891700883
+79891700895
+79891701267
+79891701277
+79891701281
+79891701425
+79891701438
+79899400670
+79899400688
+79899400697
+79899400704
+79899400723
+79899400742
+79899400772
+79899400790
+79899400796
+79899400830
+79899095131
+79899095462
+79899095498
+79899097089
+79899097327
+79899098325
+79899098386
+79899098755
+79899098757
+79899099852
+79899400670
+79899400688
+79899400697
+79899400704
+79899400723
+79899400742
+79899400772
+79899400790
+79899400796
+79899400830
+79899100462
+79899100843
+79899100874
+79899100896
+79899100948
+79899100967
+79899101128
+79899101142
+79899101163
+79899101173
+79899095131
+79899095462
+79899095498
+79899097089
+79899097327
+79899098325
+79899098386
+79899098755
+79899098757
+79899099852
+79899100462
+79899100843
+79899100874
+79899100896
+79899100948
+79899100967
+79899101128
+79899101142
+79899101163
+79899101173
+79899400670
+79899400688
+79899400697
+79899400704
+79899400723
+79899400742
+79899400772
+79899400790
+79899400796
+79899400830
+79899100462
+79899100843
+79899100874
+79899100896
+79899100948
+79899100967
+79899101128
+79899101142
+79899101163
+79899101173
+79899100462
+79899100843
+79899100874
+79899100896
+79899100948
+79899100967
+79899101128
+79899101142
+79899101163
+79899101173
+79899303868
+79899303969
+79899304020
+79899304624
+79899304873
+79899305097
+79899306293
+79899306468
+79899306636
+79899307001
+79899000597
+79899000653
+79899000693
+79899000714
+79899000825
+79899000830
+79899000842
+79899000872
+79899000876
+79899001028
+79889000603
+79889000691
+79889000722
+79889000763
+79889001143
+79889001250
+79889001327
+79889001335
+79889001365
+79889001381
+79899204869
+79899204965
+79899205258
+79899205314
+79899206455
+79899206551
+79899206918
+79899207252
+79899207285
+79899207313
+79899000597
+79899000653
+79899000693
+79899000714
+79899000825
+79899000830
+79899000842
+79899000872
+79899000876
+79899001028
+79889000603
+79889000691
+79889000722
+79889000763
+79889001143
+79889001250
+79889001327
+79889001335
+79889001365
+79889001381
+79899204869
+79899204965
+79899205258
+79899205314
+79899206455
+79899206551
+79899206918
+79899207252
+79899207285
+79899207313
+79899100462
+79899100843
+79899100874
+79899100896
+79899100948
+79899100967
+79899101128
+79899101142
+79899101163
+79899101173
+79899000597
+79899000653
+79899000693
+79899000714
+79899000825
+79899000830
+79899000842
+79899000872
+79899000876
+79899001028
+79899400670
+79899400688
+79899400697
+79899400704
+79899400723
+79899400742
+79899400772
+79899400790
+79899400796
+79899400830
+79889000603
+79889000691
+79889000722
+79889000763
+79889001143
+79889001250
+79889001327
+79889001335
+79889001365
+79889001381
+79899303868
+79899303969
+79899304020
+79899304624
+79899304873
+79899305097
+79899306293
+79899306468
+79899306636
+79899307001
+79899100462
+79899100843
+79899100874
+79899100896
+79899100948
+79899100967
+79899101128
+79899101142
+79899101163
+79899101173
+79891700425
+79891700694
+79891700871
+79891700883
+79891700895
+79891701267
+79891701277
+79891701281
+79891701425
+79891701438
+79899100462
+79899100843
+79899100874
+79899100896
+79899100948
+79899100967
+79899101128
+79899101142
+79899101163
+79899101173
+79899303868
+79899303969
+79899304020
+79899304624
+79899304873
+79899305097
+79899306293
+79899306468
+79899306636
+79899307001
+79899204869
+79899204965
+79899205258
+79899205314
+79899206455
+79899206551
+79899206918
+79899207252
+79899207285
+79899207313
+79899400670
+79899400688
+79899400697
+79899400704
+79899400723
+79899400742
+79899400772
+79899400790
+79899400796
+79899400830
+79891700425
+79891700694
+79891700871
+79891700883
+79891700895
+79891701267
+79891701277
+79891701281
+79891701425
+79891701438
+79899400670
+79899400688
+79899400697
+79899400704
+79899400723
+79899400742
+79899400772
+79899400790
+79899400796
+79899400830
+79899204965
+79899205258
+79899205314
+79899206455
+79899206551
+79899206918
+79899207252
+79899207285
+79899207313
+79899207441
+79899095131
+79899095462
+79899095498
+79899097089
+79899097327
+79899098325
+79899098386
+79899098755
+79899098757
+79899099852
+79891700425
+79891700694
+79891700871
+79891700883
+79891700895
+79891701267
+79891701277
+79891701281
+79891701425
+79891701438
+79899204965
+79899205258
+79899205314
+79899206455
+79899206551
+79899206918
+79899207252
+79899207285
+79899207313
+79899207441
+79899000597
+79899000653
+79899000693
+79899000714
+79899000825
+79899000830
+79899000842
+79899000872
+79899000876
+79899001028
+79899095131
+79899095462
+79899095498
+79899097089
+79899097327
+79899098325
+79899098386
+79899098755
+79899098757
+79899099852
+79899303868
+79899303969
+79899304020
+79899304624
+79899304873
+79899305097
+79899306293
+79899306468
+79899306636
+79899307001
+79891700425
+79891700694
+79891700871
+79891700883
+79891700895
+79891701267
+79891701277
+79891701281
+79891701425
+79891701438
+79891700425
+79891700694
+79891700871
+79891700883
+79891700895
+79891701267
+79891701277
+79891701281
+79891701425
+79891701438
+79899303868
+79899303969
+79899304020
+79899304624
+79899304873
+79899305097
+79899306293
+79899306468
+79899306636
+79899307001
+79889000603
+79889000691
+79889000722
+79889000763
+79889001143
+79889001250
+79889001327
+79889001335
+79889001365
+79889001381
+79899100462
+79899100843
+79899100874
+79899100896
+79899100948
+79899100967
+79899101128
+79899101142
+79899101163
+79899101173
+79899303868
+79899303969
+79899304020
+79899304624
+79899304873
+79899305097
+79899306293
+79899306468
+79899306636
+79899307001
+79899100462
+79899100843
+79899100874
+79899100896
+79899100948
+79899100967
+79899101128
+79899101142
+79899101163
+79899101173
+79899303868
+79899303969
+79899304020
+79899304624
+79899304873
+79899305097
+79899306293
+79899306468
+79899306636
+79899307001
+79899400670
+79899400688
+79899400697
+79899400704
+79899400723
+79899400742
+79899400772
+79899400790
+79899400796
+79899400830
+79899204965
+79899205258
+79899205314
+79899206455
+79899206551
+79899206918
+79899207252
+79899207285
+79899207313
+79899207441
+79899204965
+79899205258
+79899205314
+79899206455
+79899206551
+79899206918
+79899207252
+79899207285
+79899207313
+79899207441
+79899000597
+79899000653
+79899000693
+79899000714
+79899000825
+79899000830
+79899000842
+79899000872
+79899000876
+79899001028
+79899303868
+79899303969
+79899304020
+79899304624
+79899304873
+79899305097
+79899306293
+79899306468
+79899306636
+79899307001
+79899100462
+79899100843
+79899100874
+79899100896
+79899100948
+79899100967
+79899101128
+79899101142
+79899101163
+79899101173
+79891700425
+79891700694
+79891700871
+79891700883
+79891700895
+79891701267
+79891701277
+79891701281
+79891701425
+79891701438
+79899095131
+79899095462
+79899095498
+79899097089
+79899097327
+79899098325
+79899098386
+79899098755
+79899098757
+79899099852
+79889000603
+79889000691
+79889000722
+79889000763
+79889001143
+79889001250
+79889001327
+79889001335
+79889001365
+79889001381
+79899100462
+79899100843
+79899100874
+79899100896
+79899100948
+79899100967
+79899101128
+79899101142
+79899101163
+79899101173
+79899095131
+79899095462
+79899095498
+79899097089
+79899097327
+79899098325
+79899098386
+79899098755
+79899098757
+79899099852
+79899400670
+79899400688
+79899400697
+79899400704
+79899400723
+79899400742
+79899400772
+79899400790
+79899400796
+79899400830
+79891700425
+79891700694
+79891700871
+79891700883
+79891700895
+79891701267
+79891701277
+79891701281
+79891701425
+79891701438
+79899204965
+79899205258
+79899205314
+79899206455
+79899206551
+79899206918
+79899207252
+79899207285
+79899207313
+79899207441
+79891700425
+79891700694
+79891700871
+79891700883
+79891700895
+79891701267
+79891701277
+79891701281
+79891701425
+79891701438
+79899303868
+79899303969
+79899304020
+79899304624
+79899304873
+79899305097
+79899306293
+79899306468
+79899306636
+79899307001
+79899303868
+79899303969
+79899304020
+79899304624
+79899304873
+79899305097
+79899306293
+79899306468
+79899306636
+79899307001
+79889000603
+79889000691
+79889000722
+79889000763
+79889001143
+79889001250
+79889001327
+79889001335
+79889001365
+79889001381
+79899095131
+79899095462
+79899095498
+79899097089
+79899097327
+79899098325
+79899098386
+79899098755
+79899098757
+79899099852
+79899095131
+79899095462
+79899095498
+79899097089
+79899097327
+79899098325
+79899098386
+79899098755
+79899098757
+79899099852
+79899204965
+79899205258
+79899205314
+79899206455
+79899206551
+79899206918
+79899207252
+79899207285
+79899207313
+79899207441
