+79141401037
+79141401427
+79141401931
+79141401969
+79141402366
+79141402504
+79141402519
+79141402602
+79141402629
+79141402633
+79145296251
+79145297362
+79145299348
+79145299741
+79145299753
+79145299759
+79145299768
+79145299771
+79145299773
+79145299778
+79141300391
+79141300739
+79141301825
+79141301846
+79141301944
+79141301953
+79141302304
+79141302449
+79141302470
+79141302591
+79144802138
+79144802471
+79144802472
+79144802479
+79144802521
+79144802550
+79144802553
+79144802573
+79144802591
+79144802610
+79148000729
+79148000730
+79148001154
+79148001246
+79148001391
+79148001461
+79148001467
+79148001548
+79148001583
+79148001586
+79144602282
+79144602558
+79144602591
+79144602734
+79144603827
+79144603831
+79144604335
+79144604667
+79144605032
+79144605207
+79144401256
+79144401261
+79144401801
+79144401911
+79144402074
+79144402105
+79144402190
+79144402366
+79144402381
+79144402385
+79148000730
+79148001154
+79148001246
+79148001391
+79148001461
+79148001467
+79148001548
+79148001583
+79148001586
+79148001587
+79145102053
+79145102092
+79145102096
+79145102141
+79145102164
+79145102175
+79145102210
+79145102217
+79145102220
+79145102221
+79141238122
+79141238170
+79141238218
+79141238219
+79141238223
+79141238225
+79141238226
+79141238227
+79141238228
+79141238236
+79144700065
+79144700181
+79144700507
+79144700565
+79144700720
+79144700839
+79144701184
+79144701833
+79144701871
+79144702004
+79141401037
+79141401427
+79141401931
+79141401969
+79141402366
+79141402504
+79141402519
+79141402602
+79141402629
+79141402633
+79141401037
+79141401427
+79141401931
+79141401969
+79141402366
+79141402504
+79141402519
+79141402602
+79141402629
+79141402633
+79144500281
+79144500837
+79144501042
+79144501339
+79144501394
+79144501433
+79144501439
+79144501447
+79144501455
+79144501462
+79141401037
+79141401427
+79141401931
+79141401969
+79141402366
+79141402504
+79141402519
+79141402602
+79141402629
+79141402633
+79143510787
+79143512098
+79143515706
+79143515713
+79143515717
+79143515718
+79143515722
+79143515726
+79143515728
+79143515729
+79145200794
+79145202193
+79145202356
+79145202577
+79145202587
+79145202621
+79145202692
+79145203063
+79145203096
+79145203174
+79141300391
+79141300739
+79141301825
+79141301846
+79141301944
+79141301953
+79141302304
+79141302449
+79141302470
+79141302591
+79145102053
+79145102092
+79145102096
+79145102141
+79145102164
+79145102175
+79145102210
+79145102217
+79145102220
+79145102221
+79144901387
+79144902119
+79144902310
+79144902342
+79144902432
+79144902563
+79144902668
+79144902794
+79144902800
+79144902804
+79141300391
+79141300739
+79141301825
+79141301846
+79141301944
+79141301953
+79141302304
+79141302449
+79141302470
+79141302591
+79143510787
+79143512098
+79143515706
+79143515713
+79143515717
+79143515718
+79143515722
+79143515726
+79143515728
+79143515729
+79143510787
+79143512098
+79143515706
+79143515713
+79143515717
+79143515718
+79143515722
+79143515726
+79143515728
+79143515729
+79145200794
+79145202193
+79145202356
+79145202577
+79145202587
+79145202621
+79145202692
+79145203063
+79145203096
+79145203174
+79145296251
+79145297362
+79145299348
+79145299741
+79145299753
+79145299759
+79145299768
+79145299771
+79145299773
+79145299778
+79148000730
+79148001154
+79148001246
+79148001391
+79148001461
+79148001467
+79148001548
+79148001583
+79148001586
+79148001587
+79144901387
+79144902119
+79144902310
+79144902342
+79144902432
+79144902563
+79144902668
+79144902794
+79144902800
+79144902804
+79144700065
+79144700181
+79144700507
+79144700565
+79144700720
+79144700839
+79144701184
+79144701833
+79144701871
+79144702004
+79144901387
+79144902119
+79144902310
+79144902342
+79144902432
+79144902563
+79144902668
+79144902794
+79144902800
+79144902804
+79144401256
+79144401261
+79144401801
+79144401911
+79144402074
+79144402105
+79144402190
+79144402366
+79144402381
+79144402385
+79144301086
+79144301442
+79144301946
+79144302067
+79144302478
+79144302554
+79144302767
+79144302774
+79144302951
+79144303423
+79144301086
+79144301442
+79144301946
+79144302067
+79144302478
+79144302554
+79144302767
+79144302774
+79144302951
+79144303423
+79141300391
+79141300739
+79141301825
+79141301846
+79141301944
+79141301953
+79141302304
+79141302449
+79141302470
+79141302591
+79141300391
+79141300739
+79141301825
+79141301846
+79141301944
+79141301953
+79141302304
+79141302449
+79141302470
+79141302591
+79148000730
+79148001154
+79148001246
+79148001391
+79148001461
+79148001467
+79148001548
+79148001583
+79148001586
+79148001587
+79145200794
+79145202193
+79145202356
+79145202577
+79145202587
+79145202621
+79145202692
+79145203063
+79145203096
+79145203174
+79144801226
+79144802138
+79144802471
+79144802472
+79144802479
+79144802521
+79144802550
+79144802553
+79144802573
+79144802591
+79141238227
+79141238236
+79141238237
+79141238243
+79141238246
+79141238247
+79141238255
+79141238256
+79141238257
+79141238262
+79144500281
+79144500837
+79144501042
+79144501339
+79144501394
+79144501433
+79144501439
+79144501447
+79144501455
+79144501462
+79144602282
+79144602558
+79144602591
+79144602734
+79144603827
+79144603831
+79144604335
+79144604667
+79144605032
+79144605207
+79145001546
+79145001854
+79145002114
+79145002685
+79145002687
+79145002688
+79145002692
+79145002748
+79145002911
+79145003046
+79145102053
+79145102092
+79145102096
+79145102141
+79145102164
+79145102175
+79145102210
+79145102217
+79145102220
+79145102221
+79144901376
+79144901387
+79144902119
+79144902310
+79144902342
+79144902432
+79144902563
+79144902668
+79144902794
+79144902800
+79143600774
+79143602577
+79143602748
+79143602754
+79143602810
+79143602822
+79143602849
+79143602851
+79143602882
+79143602926
+79141300739
+79141301825
+79141301846
+79141301944
+79141301953
+79141302304
+79141302449
+79141302470
+79141302591
+79141302640
+79148000730
+79148001154
+79148001246
+79148001391
+79148001461
+79148001467
+79148001548
+79148001583
+79148001586
+79148001587
+79143600774
+79143602577
+79143602748
+79143602754
+79143602810
+79143602822
+79143602849
+79143602851
+79143602882
+79143602926
+79144901376
+79144901387
+79144902119
+79144902310
+79144902342
+79144902432
+79144902563
+79144902668
+79144902794
+79144902800
+79145001546
+79145001854
+79145002114
+79145002685
+79145002687
+79145002688
+79145002692
+79145002748
+79145002911
+79145003046
+79144401256
+79144401261
+79144401801
+79144401911
+79144402074
+79144402105
+79144402190
+79144402366
+79144402381
+79144402385
+79145001546
+79145001854
+79145002114
+79145002685
+79145002687
+79145002688
+79145002692
+79145002748
+79145002911
+79145003046
+79145200794
+79145202193
+79145202356
+79145202577
+79145202587
+79145202621
+79145202692
+79145203063
+79145203096
+79145203174
+79144401256
+79144401261
+79144401801
+79144401911
+79144402074
+79144402105
+79144402190
+79144402366
+79144402381
+79144402385
+79145200794
+79145202193
+79145202356
+79145202577
+79145202587
+79145202621
+79145202692
+79145203063
+79145203096
+79145203174
+79143510787
+79143512098
+79143515706
+79143515713
+79143515717
+79143515718
+79143515722
+79143515726
+79143515728
+79143515729
+79141300739
+79141301825
+79141301846
+79141301944
+79141301953
+79141302304
+79141302449
+79141302470
+79141302591
+79141302640
+79144801226
+79144802138
+79144802471
+79144802472
+79144802479
+79144802521
+79144802550
+79144802553
+79144802573
+79144802591
+79143600774
+79143602577
+79143602748
+79143602754
+79143602810
+79143602822
+79143602849
+79143602851
+79143602882
+79143602926
+79145102053
+79145102092
+79145102096
+79145102141
+79145102164
+79145102175
+79145102210
+79145102217
+79145102220
+79145102221
+79145001546
+79145001854
+79145002114
+79145002685
+79145002687
+79145002688
+79145002692
+79145002748
+79145002911
+79145003046
+79144301086
+79144301442
+79144301946
+79144302067
+79144302478
+79144302554
+79144302767
+79144302774
+79144302951
+79144303423
+79145001546
+79145001854
+79145002114
+79145002685
+79145002687
+79145002688
+79145002692
+79145002748
+79145002911
+79145003046
+79144901376
+79144901387
+79144902119
+79144902310
+79144902342
+79144902432
+79144902563
+79144902668
+79144902794
+79144902800
+79144500281
+79144500837
+79144501042
+79144501339
+79144501394
+79144501433
+79144501439
+79144501447
+79144501455
+79144501462
+79144602282
+79144602558
+79144602591
+79144602734
+79144603827
+79144603831
+79144604335
+79144604667
+79144605032
+79144605207
+79141300739
+79141301825
+79141301846
+79141301944
+79141301953
+79141302304
+79141302449
+79141302470
+79141302591
+79141302640
+79144401256
+79144401261
+79144401801
+79144401911
+79144402074
+79144402105
+79144402190
+79144402366
+79144402381
+79144402385
+79145200794
+79145201034
+79145202193
+79145202356
+79145202577
+79145202587
+79145202621
+79145202692
+79145203063
+79145203096
+79144700065
+79144700181
+79144700507
+79144700565
+79144700720
+79144700839
+79144701184
+79144701833
+79144701871
+79144702004
+79141300739
+79141301825
+79141301846
+79141301944
+79141301953
+79141302304
+79141302449
+79141302470
+79141302591
+79141302640
+79141238236
+79141238237
+79141238243
+79141238246
+79141238247
+79141238255
+79141238256
+79141238257
+79141238262
+79141238263
+79141401037
+79141401427
+79141401931
+79141401969
+79141402366
+79141402504
+79141402519
+79141402602
+79141402629
+79141402633
+79143600774
+79143601452
+79143602577
+79143602748
+79143602754
+79143602810
+79143602822
+79143602849
+79143602851
+79143602882
+79144602282
+79144602558
+79144602591
+79144602734
+79144603827
+79144603831
+79144604335
+79144604667
+79144605032
+79144605207
+79141401037
+79141401427
+79141401931
+79141401969
+79141402366
+79141402504
+79141402519
+79141402602
+79141402629
+79141402633
+79144301086
+79144301442
+79144301946
+79144302067
+79144302478
+79144302554
+79144302767
+79144302774
+79144302951
+79144303423
+79144700065
+79144700181
+79144700507
+79144700565
+79144700720
+79144700839
+79144701184
+79144701833
+79144701871
+79144702004
+79144602282
+79144602558
+79144602591
+79144602734
+79144603827
+79144603831
+79144604335
+79144604667
+79144605032
+79144605207
+79148000730
+79148001154
+79148001246
+79148001391
+79148001461
+79148001467
+79148001548
+79148001583
+79148001586
+79148001587
+79144602282
+79144602558
+79144602591
+79144602734
+79144603827
+79144603831
+79144604335
+79144604667
+79144605032
+79144605207
+79148000730
+79148001154
+79148001246
+79148001391
+79148001461
+79148001467
+79148001548
+79148001583
+79148001586
+79148001587
+79145102053
+79145102092
+79145102096
+79145102141
+79145102164
+79145102175
+79145102210
+79145102217
+79145102220
+79145102221
+79145001546
+79145001854
+79145002114
+79145002685
+79145002687
+79145002688
+79145002692
+79145002748
+79145002911
+79145003046
+79144602282
+79144602558
+79144602591
+79144602734
+79144603827
+79144603831
+79144604335
+79144604667
+79144605032
+79144605207
+79144602282
+79144602558
+79144602591
+79144602734
+79144603827
+79144603831
+79144604335
+79144604667
+79144605032
+79144605207
+79144401256
+79144401261
+79144401801
+79144401911
+79144402074
+79144402105
+79144402190
+79144402366
+79144402381
+79144402385
+79144602282
+79144602558
+79144602591
+79144602734
+79144603827
+79144603831
+79144604335
+79144604667
+79144605032
+79144605207
+79144801226
+79144802138
+79144802471
+79144802472
+79144802479
+79144802521
+79144802550
+79144802553
+79144802573
+79144802591
+79144301086
+79144301442
+79144301946
+79144302067
+79144302478
+79144302554
+79144302767
+79144302774
+79144302951
+79144303423
+79141300739
+79141301825
+79141301846
+79141301944
+79141301953
+79141302304
+79141302449
+79141302470
+79141302591
+79141302640
+79145102053
+79145102092
+79145102096
+79145102141
+79145102164
+79145102175
+79145102210
+79145102217
+79145102220
+79145102221
+79145001546
+79145001854
+79145002114
+79145002685
+79145002687
+79145002688
+79145002692
+79145002748
+79145002911
+79145003046
+79145001546
+79145001854
+79145002114
+79145002685
+79145002687
+79145002688
+79145002692
+79145002748
+79145002911
+79145003046
+79144301086
+79144301442
+79144301946
+79144302067
+79144302478
+79144302554
+79144302767
+79144302774
+79144302951
+79144303423
+79145296251
+79145297362
+79145299348
+79145299741
+79145299753
+79145299759
+79145299768
+79145299771
+79145299773
+79145299778
+79144401256
+79144401261
+79144401801
+79144401911
+79144402074
+79144402105
+79144402190
+79144402366
+79144402381
+79144402385
+79145001546
+79145001854
+79145002114
+79145002685
+79145002687
+79145002688
+79145002692
+79145002748
+79145002911
+79145003046
+79145001546
+79145001854
+79145002114
+79145002685
+79145002687
+79145002688
+79145002692
+79145002748
+79145002911
+79145003046
+79144602282
+79144602558
+79144602591
+79144602734
+79144603827
+79144603831
+79144604335
+79144604667
+79144605032
+79144605207
+79144602282
+79144602558
+79144602591
+79144602734
+79144603827
+79144603831
+79144604335
+79144604667
+79144605032
+79144605207
+79145102053
+79145102092
+79145102096
+79145102141
+79145102164
+79145102175
+79145102210
+79145102217
+79145102220
+79145102221
+79144401256
+79144401261
+79144401801
+79144401911
+79144402074
+79144402105
+79144402190
+79144402366
+79144402381
+79144402385
+79144700065
+79144700181
+79144700507
+79144700565
+79144700720
+79144700839
+79144701184
+79144701833
+79144701871
+79144702004
+79143510787
+79143512098
+79143515706
+79143515713
+79143515717
+79143515718
+79143515722
+79143515726
+79143515728
+79143515729
+79143600774
+79143601452
+79143602577
+79143602748
+79143602754
+79143602810
+79143602822
+79143602849
+79143602851
+79143602882
+79143600774
+79143601452
+79143602577
+79143602748
+79143602754
+79143602810
+79143602822
+79143602849
+79143602851
+79143602882
+79145102053
+79145102092
+79145102096
+79145102141
+79145102164
+79145102175
+79145102210
+79145102217
+79145102220
+79145102221
+79145001546
+79145001854
+79145002114
+79145002685
+79145002687
+79145002688
+79145002692
+79145002748
+79145002911
+79145003046
+79144801226
+79144802138
+79144802471
+79144802472
+79144802479
+79144802521
+79144802550
+79144802553
+79144802573
+79144802591
+79144801226
+79144802138
+79144802471
+79144802472
+79144802479
+79144802521
+79144802550
+79144802553
+79144802573
+79144802591
+79144500281
+79144500837
+79144501042
+79144501339
+79144501394
+79144501433
+79144501439
+79144501447
+79144501455
+79144501462
+79145001546
+79145001854
+79145002114
+79145002685
+79145002687
+79145002688
+79145002692
+79145002748
+79145002911
+79145003046
+79148000730
+79148001154
+79148001246
+79148001391
+79148001461
+79148001467
+79148001548
+79148001583
+79148001586
+79148001587
+79145001546
+79145001854
+79145002114
+79145002685
+79145002687
+79145002688
+79145002692
+79145002748
+79145002911
+79145003046
+79144901376
+79144901387
+79144902119
+79144902310
+79144902342
+79144902432
+79144902563
+79144902668
+79144902794
+79144902800
+79144801226
+79144802138
+79144802471
+79144802472
+79144802479
+79144802521
+79144802550
+79144802553
+79144802573
+79144802591
+79143600774
+79143601452
+79143602577
+79143602748
+79143602754
+79143602810
+79143602822
+79143602849
+79143602851
+79143602882
+79141238237
+79141238243
+79141238246
+79141238247
+79141238255
+79141238256
+79141238257
+79141238262
+79141238263
+79141238270
+79144401256
+79144401261
+79144401801
+79144401911
+79144402074
+79144402105
+79144402190
+79144402366
+79144402381
+79144402385
+79144901376
+79144901387
+79144902119
+79144902310
+79144902342
+79144902432
+79144902563
+79144902668
+79144902794
+79144902800
+79141238237
+79141238243
+79141238246
+79141238247
+79141238255
+79141238256
+79141238257
+79141238262
+79141238263
+79141238270
+79144500281
+79144500837
+79144501042
+79144501339
+79144501394
+79144501433
+79144501439
+79144501447
+79144501455
+79144501462
+79144401256
+79144401261
+79144401801
+79144401911
+79144402074
+79144402105
+79144402190
+79144402366
+79144402381
+79144402385
+79145296251
+79145297362
+79145299348
+79145299741
+79145299753
+79145299759
+79145299768
+79145299771
+79145299773
+79145299778
+79143600774
+79143601452
+79143602577
+79143602748
+79143602754
+79143602810
+79143602822
+79143602849
+79143602851
+79143602882
+79144700065
+79144700181
+79144700507
+79144700565
+79144700720
+79144700839
+79144701184
+79144701833
+79144701871
+79144702004
+79143600774
+79143601452
+79143602577
+79143602748
+79143602754
+79143602810
+79143602822
+79143602849
+79143602851
+79143602882
+79144500281
+79144500837
+79144501042
+79144501339
+79144501394
+79144501433
+79144501439
+79144501447
+79144501455
+79144501462
+79145200794
+79145201034
+79145202193
+79145202356
+79145202577
+79145202587
+79145202621
+79145202692
+79145203063
+79145203096
+79145102053
+79145102092
+79145102096
+79145102141
+79145102164
+79145102175
+79145102210
+79145102217
+79145102220
+79145102221
+79144700065
+79144700181
+79144700507
+79144700565
+79144700720
+79144700839
+79144701184
+79144701833
+79144701871
+79144702004
+79143510787
+79143512098
+79143515706
+79143515713
+79143515717
+79143515718
+79143515722
+79143515726
+79143515728
+79143515729
+79141401037
+79141401427
+79141401931
+79141401969
+79141402366
+79141402504
+79141402519
+79141402602
+79141402629
+79141402633
+79144500281
+79144500837
+79144501042
+79144501339
+79144501394
+79144501433
+79144501439
+79144501447
+79144501455
+79144501462
+79144602282
+79144602558
+79144602591
+79144602734
+79144603827
+79144603831
+79144604335
+79144604667
+79144605032
+79144605207
+79141238237
+79141238243
+79141238246
+79141238247
+79141238255
+79141238256
+79141238257
+79141238262
+79141238263
+79141238270
+79144801226
+79144802138
+79144802471
+79144802472
+79144802479
+79144802521
+79144802550
+79144802553
+79144802573
+79144802591
+79145200794
+79145201034
+79145202193
+79145202356
+79145202577
+79145202587
+79145202621
+79145202692
+79145203063
+79145203096
+79144901376
+79144901387
+79144902119
+79144902310
+79144902342
+79144902432
+79144902563
+79144902668
+79144902794
+79144902800
+79148000730
+79148001154
+79148001246
+79148001391
+79148001461
+79148001467
+79148001548
+79148001583
+79148001586
+79148001587
+79144901376
+79144901387
+79144902119
+79144902310
+79144902342
+79144902432
+79144902563
+79144902668
+79144902794
+79144902800
+79144602282
+79144602558
+79144602591
+79144602734
+79144603827
+79144603831
+79144604335
+79144604667
+79144605032
+79144605207
+79144401256
+79144401261
+79144401801
+79144401911
+79144402074
+79144402105
+79144402190
+79144402366
+79144402381
+79144402385
+79144602282
+79144602558
+79144602591
+79144602734
+79144603827
+79144603831
+79144604335
+79144604667
+79144605032
+79144605207
+79145296251
+79145297362
+79145299348
+79145299741
+79145299753
+79145299759
+79145299768
+79145299771
+79145299773
+79145299778
+79141300391
+79141300739
+79141301825
+79141301846
+79141301944
+79141301953
+79141302304
+79141302449
+79141302470
+79141302591
+79144700065
+79144700181
+79144700507
+79144700565
+79144700720
+79144700839
+79144701184
+79144701833
+79144701871
+79144702004
+79143600774
+79143601452
+79143602577
+79143602748
+79143602754
+79143602810
+79143602822
+79143602849
+79143602851
+79143602882
+79144602282
+79144602558
+79144602591
+79144602734
+79144603827
+79144603831
+79144604335
+79144604667
+79144605032
+79144605207
+79144801226
+79144802138
+79144802471
+79144802472
+79144802479
+79144802521
+79144802550
+79144802553
+79144802573
+79144802591
+79144500281
+79144500837
+79144501042
+79144501339
+79144501394
+79144501433
+79144501439
+79144501447
+79144501455
+79144501462
+79148000730
+79148001154
+79148001246
+79148001391
+79148001461
+79148001467
+79148001548
+79148001583
+79148001586
+79148001587
+79144901376
+79144901387
+79144902119
+79144902310
+79144902342
+79144902432
+79144902563
+79144902668
+79144902794
+79144902800
+79141238237
+79141238243
+79141238246
+79141238247
+79141238255
+79141238256
+79141238257
+79141238262
+79141238263
+79141238270
+79141401037
+79141401427
+79141401931
+79141401969
+79141402366
+79141402504
+79141402519
+79141402602
+79141402629
+79141402633
+79143510787
+79143512098
+79143515706
+79143515713
+79143515717
+79143515718
+79143515722
+79143515726
+79143515728
+79143515729
+79144901376
+79144901387
+79144902119
+79144902310
+79144902342
+79144902432
+79144902563
+79144902668
+79144902794
+79144902800
+79141238237
+79141238243
+79141238246
+79141238247
+79141238256
+79141238257
+79141238262
+79141238263
+79141238270
+79141238271
+79145200794
+79145201034
+79145202193
+79145202356
+79145202577
+79145202587
+79145202621
+79145202692
+79145203063
+79145203096
+79141300391
+79141300739
+79141301825
+79141301846
+79141301944
+79141301953
+79141302304
+79141302449
+79141302470
+79141302591
+79141300391
+79141300739
+79141301825
+79141301846
+79141301944
+79141301953
+79141302304
+79141302449
+79141302470
+79141302591
+79141300391
+79141300739
+79141301825
+79141301846
+79141301944
+79141301953
+79141302304
+79141302449
+79141302470
+79141302591
+79144602282
+79144602558
+79144602591
+79144602734
+79144603827
+79144603831
+79144604335
+79144604667
+79144605032
+79144605207
+79145200794
+79145201034
+79145202193
+79145202356
+79145202577
+79145202587
+79145202621
+79145202692
+79145203063
+79145203096
+79141401037
+79141401427
+79141401931
+79141401969
+79141402366
+79141402504
+79141402519
+79141402602
+79141402629
+79141402633
+79145001546
+79145001854
+79145002114
+79145002685
+79145002687
+79145002688
+79145002692
+79145002748
+79145002911
+79145003046
+79144602282
+79144602558
+79144602591
+79144602734
+79144603827
+79144603831
+79144604335
+79144604667
+79144605032
+79144605207
+79145296251
+79145297362
+79145299348
+79145299741
+79145299753
+79145299759
+79145299768
+79145299771
+79145299773
+79145299778
+79143510787
+79143512098
+79143515706
+79143515713
+79143515717
+79143515718
+79143515722
+79143515726
+79143515728
+79143515729
+79145001546
+79145001854
+79145002114
+79145002685
+79145002687
+79145002688
+79145002692
+79145002748
+79145002911
+79145003046
+79144500281
+79144500837
+79144501042
+79144501339
+79144501394
+79144501433
+79144501439
+79144501447
+79144501455
+79144501462
+79144500281
+79144500837
+79144501042
+79144501339
+79144501394
+79144501433
+79144501439
+79144501447
+79144501455
+79144501462
+79144700065
+79144700181
+79144700507
+79144700565
+79144700720
+79144700839
+79144701184
+79144701833
+79144701871
+79144702004
+79148000730
+79148001154
+79148001246
+79148001391
+79148001461
+79148001467
+79148001548
+79148001583
+79148001586
+79148001587
+79145200794
+79145201034
+79145202193
+79145202356
+79145202577
+79145202587
+79145202621
+79145202692
+79145203063
+79145203096
+79148000730
+79148001154
+79148001246
+79148001391
+79148001461
+79148001467
+79148001548
+79148001583
+79148001586
+79148001587
+79145296251
+79145297362
+79145299348
+79145299741
+79145299753
+79145299759
+79145299768
+79145299771
+79145299773
+79145299778
+79145102053
+79145102092
+79145102096
+79145102141
+79145102164
+79145102175
+79145102210
+79145102217
+79145102220
+79145102221
+79145296251
+79145297362
+79145299348
+79145299741
+79145299753
+79145299759
+79145299768
+79145299771
+79145299773
+79145299778
+79141238237
+79141238243
+79141238246
+79141238247
+79141238256
+79141238257
+79141238262
+79141238263
+79141238270
+79141238271
+79144401256
+79144401261
+79144401801
+79144401911
+79144402074
+79144402105
+79144402190
+79144402366
+79144402381
+79144402385
+79141401037
+79141401427
+79141401931
+79141401969
+79141402366
+79141402504
+79141402519
+79141402602
+79141402629
+79141402633
+79145200794
+79145201034
+79145202193
+79145202356
+79145202577
+79145202587
+79145202621
+79145202692
+79145203063
+79145203096
+79144801226
+79144802138
+79144802471
+79144802472
+79144802479
+79144802521
+79144802550
+79144802553
+79144802573
+79144802591
+79145200794
+79145201034
+79145202193
+79145202356
+79145202577
+79145202587
+79145202621
+79145202692
+79145203063
+79145203096
+79141238237
+79141238243
+79141238246
+79141238247
+79141238256
+79141238257
+79141238262
+79141238263
+79141238270
+79141238271
+79141300391
+79141300739
+79141301825
+79141301846
+79141301944
+79141301953
+79141302304
+79141302449
+79141302470
+79141302591
+79143600774
+79143601452
+79143602577
+79143602748
+79143602754
+79143602810
+79143602822
+79143602849
+79143602851
+79143602882
+79143600774
+79143601452
+79143602577
+79143602748
+79143602754
+79143602810
+79143602822
+79143602849
+79143602851
+79143602882
+79145200794
+79145201034
+79145202193
+79145202356
+79145202577
+79145202587
+79145202621
+79145202692
+79145203063
+79145203096
+79144901376
+79144901387
+79144902119
+79144902310
+79144902342
+79144902432
+79144902563
+79144902668
+79144902794
+79144902800
+79144301086
+79144301442
+79144301946
+79144302067
+79144302478
+79144302554
+79144302767
+79144302774
+79144302951
+79144303423
+79144602282
+79144602558
+79144602591
+79144602734
+79144603827
+79144603831
+79144604335
+79144604667
+79144605032
+79144605207
+79143600774
+79143601452
+79143602577
+79143602748
+79143602754
+79143602810
+79143602822
+79143602849
+79143602851
+79143602882
+79145200794
+79145201034
+79145202193
+79145202356
+79145202577
+79145202587
+79145202621
+79145202692
+79145203063
+79145203096
+79144401256
+79144401261
+79144401801
+79144401911
+79144402074
+79144402105
+79144402190
+79144402366
+79144402381
+79144402385
+79141300391
+79141300739
+79141301825
+79141301846
+79141301944
+79141301953
+79141302304
+79141302449
+79141302470
+79141302591
+79143510787
+79143512098
+79143515706
+79143515713
+79143515717
+79143515718
+79143515722
+79143515726
+79143515728
+79143515729
+79145102053
+79145102092
+79145102096
+79145102141
+79145102164
+79145102175
+79145102210
+79145102217
+79145102220
+79145102221
+79141238237
+79141238243
+79141238246
+79141238247
+79141238256
+79141238257
+79141238262
+79141238263
+79141238270
+79141238271
+79144301086
+79144301442
+79144301946
+79144302067
+79144302478
+79144302554
+79144302767
+79144302774
+79144302951
+79144303423
+79148000730
+79148001154
+79148001246
+79148001391
+79148001461
+79148001467
+79148001548
+79148001583
+79148001586
+79148001587
+79141300391
+79141300739
+79141301825
+79141301846
+79141301944
+79141301953
+79141302304
+79141302449
+79141302470
+79141302591
+79144801226
+79144802138
+79144802471
+79144802472
+79144802479
+79144802521
+79144802550
+79144802553
+79144802573
+79144802591
+79144700065
+79144700181
+79144700507
+79144700565
+79144700720
+79144700839
+79144701184
+79144701833
+79144701871
+79144702004
+79144301086
+79144301442
+79144301946
+79144302067
+79144302478
+79144302554
+79144302767
+79144302774
+79144302951
+79144303423
+79145102053
+79145102092
+79145102096
+79145102141
+79145102164
+79145102175
+79145102210
+79145102217
+79145102220
+79145102221
+79144602282
+79144602558
+79144602591
+79144602734
+79144603827
+79144603831
+79144604335
+79144604667
+79144605032
+79144605207
+79144700065
+79144700181
+79144700507
+79144700565
+79144700720
+79144700839
+79144701184
+79144701833
+79144701871
+79144702004
+79145296251
+79145297362
+79145299348
+79145299741
+79145299753
+79145299759
+79145299768
+79145299771
+79145299773
+79145299778
+79143510787
+79143512098
+79143515706
+79143515713
+79143515717
+79143515718
+79143515722
+79143515726
+79143515728
+79143515729
+79144901376
+79144901387
+79144902119
+79144902310
+79144902342
+79144902432
+79144902563
+79144902668
+79144902794
+79144902800
+79148000730
+79148001154
+79148001246
+79148001391
+79148001461
+79148001467
+79148001548
+79148001583
+79148001586
+79148001587
+79148000730
+79148001154
+79148001246
+79148001391
+79148001461
+79148001467
+79148001548
+79148001583
+79148001586
+79148001587
+79144401256
+79144401261
+79144401801
+79144401911
+79144402074
+79144402105
+79144402190
+79144402366
+79144402381
+79144402385
+79145001546
+79145001854
+79145002114
+79145002685
+79145002687
+79145002688
+79145002692
+79145002748
+79145002911
+79145003046
+79144700065
+79144700181
+79144700507
+79144700565
+79144700720
+79144700839
+79144701184
+79144701833
+79144701871
+79144702004
+79141238237
+79141238243
+79141238246
+79141238247
+79141238256
+79141238257
+79141238262
+79141238263
+79141238270
+79141238271
+79141401037
+79141401427
+79141401931
+79141401969
+79141402366
+79141402504
+79141402519
+79141402602
+79141402629
+79141402633
+79141238237
+79141238243
+79141238246
+79141238247
+79141238256
+79141238257
+79141238262
+79141238263
+79141238270
+79141238271
+79145001546
+79145001854
+79145002114
+79145002685
+79145002687
+79145002688
+79145002692
+79145002748
+79145002911
+79145003046
+79144301086
+79144301442
+79144301946
+79144302067
+79144302478
+79144302554
+79144302767
+79144302774
+79144302951
+79144303423
+79141401037
+79141401427
+79141401931
+79141401969
+79141402366
+79141402504
+79141402519
+79141402602
+79141402629
+79141402633
+79143510787
+79143512098
+79143515706
+79143515713
+79143515717
+79143515718
+79143515722
+79143515726
+79143515728
+79143515729
+79141300391
+79141300739
+79141301825
+79141301846
+79141301944
+79141301953
+79141302304
+79141302449
+79141302470
+79141302591
+79141238237
+79141238243
+79141238246
+79141238247
+79141238256
+79141238257
+79141238262
+79141238263
+79141238270
+79141238271
+79148000730
+79148001154
+79148001246
+79148001391
+79148001461
+79148001467
+79148001548
+79148001583
+79148001586
+79148001587
+79145296251
+79145297362
+79145299348
+79145299741
+79145299753
+79145299759
+79145299768
+79145299771
+79145299773
+79145299778
