+79170770536
+79170779692
+79170779693
+79170779704
+79170779705
+79170779708
+79170779710
+79170779711
+79170779714
+79170779729
+79176501095
+79176501161
+79176501311
+79176501362
+79176501380
+79176501465
+79176501512
+79176501576
+79176502445
+79176502509
+79876702758
+79876703356
+79876703368
+79876703373
+79876703384
+79876703385
+79876703392
+79876703398
+79876703401
+79876703403
+79170770536
+79170779692
+79170779693
+79170779704
+79170779705
+79170779708
+79170779710
+79170779711
+79170779714
+79170779729
+79199710260
+79199710436
+79199710656
+79199710874
+79199711148
+79199712734
+79199713163
+79199713189
+79199713680
+79199713682
+79875750854
+79875751227
+79875755039
+79875755041
+79875755042
+79875755043
+79875755044
+79875755046
+79875755047
+79875755048
+79871201995
+79871202097
+79871202098
+79871202104
+79871202107
+79871202108
+79871202126
+79871202131
+79871202156
+79871202163
+79196700266
+79196700691
+79196700781
+79196700784
+79196700841
+79196700871
+79196700895
+79196700898
+79196700913
+79196700920
+79876702758
+79876703356
+79876703368
+79876703373
+79876703384
+79876703385
+79876703392
+79876703398
+79876703401
+79876703403
+79191380554
+79191380596
+79191380598
+79191380614
+79191380626
+79191380766
+79191380806
+79191380901
+79191380964
+79191380972
+79196601265
+79196601289
+79196601362
+79196601410
+79196601541
+79196601585
+79196601602
+79196601619
+79196601643
+79196601647
+79876603725
+79876604521
+79876605955
+79876606051
+79876606433
+79876607058
+79876607977
+79876608071
+79876608161
+79876608340
+79176700975
+79176701052
+79176701127
+79176701137
+79176701141
+79176701159
+79176701165
+79176701167
+79176701241
+79176701257
+79170671651
+79170671655
+79170671681
+79170671683
+79170671724
+79170671725
+79170671726
+79170671727
+79170671728
+79170671730
+79876603725
+79876604521
+79876605955
+79876606051
+79876606433
+79876607058
+79876607977
+79876608071
+79876608161
+79876608340
+79170770536
+79170779692
+79170779693
+79170779704
+79170779705
+79170779708
+79170779710
+79170779711
+79170779714
+79170779729
+79191380554
+79191380596
+79191380598
+79191380614
+79191380626
+79191380766
+79191380806
+79191380901
+79191380964
+79191380972
+79876702758
+79876703356
+79876703368
+79876703373
+79876703384
+79876703385
+79876703392
+79876703398
+79876703401
+79876703403
+79191380554
+79191380596
+79191380598
+79191380614
+79191380626
+79191380766
+79191380806
+79191380901
+79191380964
+79191380972
+79196500483
+79196500572
+79196505423
+79196507564
+79196507565
+79196507566
+79196507567
+79196507568
+79196507570
+79196507571
+79176602637
+79176602641
+79176602670
+79176602673
+79176602675
+79176602693
+79176602696
+79176602703
+79176602706
+79176602707
+79196500483
+79196500572
+79196505423
+79196507564
+79196507565
+79196507566
+79196507567
+79196507568
+79196507570
+79196507571
+79191380554
+79191380596
+79191380598
+79191380614
+79191380626
+79191380766
+79191380806
+79191380901
+79191380964
+79191380972
+79199710260
+79199710436
+79199710656
+79199710874
+79199711148
+79199712734
+79199713163
+79199713189
+79199713680
+79199713682
+79877353899
+79877355843
+79877355847
+79877355867
+79877355916
+79877355918
+79877355926
+79877355982
+79877355991
+79877356001
+79875750854
+79875751227
+79875755039
+79875755041
+79875755042
+79875755043
+79875755044
+79875755046
+79875755047
+79875755048
+79871201995
+79871202097
+79871202098
+79871202104
+79871202107
+79871202108
+79871202126
+79871202131
+79871202156
+79871202163
+79877353899
+79877355843
+79877355847
+79877355867
+79877355916
+79877355918
+79877355926
+79877355982
+79877355991
+79877356001
+79876702758
+79876703356
+79876703368
+79876703373
+79876703384
+79876703385
+79876703392
+79876703398
+79876703401
+79876703403
+79877353899
+79877355843
+79877355847
+79877355867
+79877355916
+79877355918
+79877355926
+79877355982
+79877355991
+79877356001
+79176501095
+79176501161
+79176501311
+79176501362
+79176501380
+79176501465
+79176501512
+79176501576
+79176502445
+79176502509
+79176700975
+79176701052
+79176701127
+79176701137
+79176701141
+79176701159
+79176701165
+79176701167
+79176701241
+79176701257
+79196500483
+79196500572
+79196505423
+79196507564
+79196507565
+79196507566
+79196507567
+79196507568
+79196507570
+79196507571
+79199725536
+79199729183
+79199729188
+79199729192
+79199729193
+79199729194
+79199729195
+79199729196
+79199729200
+79199729204
+79191380554
+79191380596
+79191380598
+79191380614
+79191380626
+79191380766
+79191380806
+79191380901
+79191380964
+79191380972
+79191380554
+79191380596
+79191380598
+79191380614
+79191380626
+79191380766
+79191380806
+79191380901
+79191380964
+79191380972
+79176602637
+79176602641
+79176602670
+79176602673
+79176602675
+79176602693
+79176602696
+79176602703
+79176602706
+79176602707
+79196601265
+79196601289
+79196601362
+79196601410
+79196601541
+79196601585
+79196601602
+79196601619
+79196601643
+79196601647
+79191380554
+79191380596
+79191380598
+79191380614
+79191380626
+79191380766
+79191380806
+79191380901
+79191380964
+79191380972
+79877601185
+79877601391
+79877601438
+79877601466
+79877601483
+79877601528
+79877601563
+79877601565
+79877601572
+79877601579
+79196601265
+79196601289
+79196601362
+79196601410
+79196601541
+79196601585
+79196601602
+79196601619
+79196601643
+79196601647
+79191380554
+79191380596
+79191380598
+79191380614
+79191380626
+79191380766
+79191380806
+79191380901
+79191380964
+79191380972
+79876603725
+79876604521
+79876605955
+79876606051
+79876606433
+79876607058
+79876607977
+79876608071
+79876608161
+79876608340
+79170671651
+79170671655
+79170671681
+79170671683
+79170671724
+79170671725
+79170671726
+79170671727
+79170671728
+79170671730
+79875750854
+79875751227
+79875755039
+79875755041
+79875755042
+79875755043
+79875755044
+79875755046
+79875755047
+79875755048
+79170770536
+79170779692
+79170779693
+79170779704
+79170779705
+79170779708
+79170779710
+79170779711
+79170779714
+79170779729
+79875750854
+79875751227
+79875755039
+79875755041
+79875755042
+79875755043
+79875755044
+79875755046
+79875755047
+79875755048
+79871201995
+79871202097
+79871202098
+79871202104
+79871202107
+79871202108
+79871202126
+79871202131
+79871202156
+79871202163
+79877601185
+79877601391
+79877601438
+79877601466
+79877601483
+79877601528
+79877601563
+79877601565
+79877601572
+79877601579
+79176501095
+79176501161
+79176501311
+79176501362
+79176501380
+79176501465
+79176501512
+79176501576
+79176502445
+79176502509
+79877601185
+79877601391
+79877601438
+79877601466
+79877601483
+79877601528
+79877601563
+79877601565
+79877601572
+79877601579
+79876603725
+79876604521
+79876605955
+79876606051
+79876606433
+79876607058
+79876607977
+79876608071
+79876608161
+79876608340
+79196601265
+79196601289
+79196601362
+79196601410
+79196601541
+79196601585
+79196601602
+79196601619
+79196601643
+79196601647
+79176602637
+79176602641
+79176602670
+79176602673
+79176602675
+79176602693
+79176602696
+79176602703
+79176602706
+79176602707
+79176602637
+79176602641
+79176602670
+79176602673
+79176602675
+79176602693
+79176602696
+79176602703
+79176602706
+79176602707
+79199725536
+79199729183
+79199729188
+79199729192
+79199729193
+79199729194
+79199729195
+79199729196
+79199729200
+79199729204
+79196700266
+79196700691
+79196700781
+79196700784
+79196700841
+79196700871
+79196700895
+79196700898
+79196700913
+79196700920
+79176501095
+79176501161
+79176501311
+79176501362
+79176501380
+79176501465
+79176501512
+79176501576
+79176502445
+79176502509
+79170671651
+79170671655
+79170671681
+79170671683
+79170671724
+79170671725
+79170671726
+79170671727
+79170671728
+79170671730
+79176501095
+79176501161
+79176501311
+79176501362
+79176501380
+79176501465
+79176501512
+79176501576
+79176502445
+79176502509
+79170671651
+79170671655
+79170671681
+79170671683
+79170671724
+79170671725
+79170671726
+79170671727
+79170671728
+79170671730
+79196700266
+79196700691
+79196700781
+79196700784
+79196700841
+79196700871
+79196700895
+79196700898
+79196700913
+79196700920
+79875750854
+79875751227
+79875755039
+79875755041
+79875755042
+79875755043
+79875755044
+79875755046
+79875755047
+79875755048
+79871201995
+79871202097
+79871202098
+79871202104
+79871202107
+79871202108
+79871202126
+79871202131
+79871202156
+79871202163
+79170770536
+79170779692
+79170779693
+79170779704
+79170779705
+79170779708
+79170779710
+79170779711
+79170779714
+79170779729
+79196500483
+79196500572
+79196505423
+79196507564
+79196507565
+79196507566
+79196507567
+79196507568
+79196507570
+79196507571
+79871201995
+79871202097
+79871202098
+79871202104
+79871202107
+79871202108
+79871202126
+79871202131
+79871202156
+79871202163
+79196500483
+79196500572
+79196505423
+79196507564
+79196507565
+79196507566
+79196507567
+79196507568
+79196507570
+79196507571
+79191380554
+79191380596
+79191380598
+79191380614
+79191380626
+79191380766
+79191380806
+79191380901
+79191380964
+79191380972
+79176700975
+79176701052
+79176701127
+79176701137
+79176701141
+79176701159
+79176701165
+79176701167
+79176701241
+79176701257
+79196601265
+79196601289
+79196601320
+79196601362
+79196601410
+79196601541
+79196601585
+79196601602
+79196601619
+79196601643
+79871201995
+79871202097
+79871202098
+79871202104
+79871202107
+79871202108
+79871202126
+79871202131
+79871202156
+79871202163
+79877353899
+79877355843
+79877355847
+79877355867
+79877355916
+79877355918
+79877355926
+79877355982
+79877355991
+79877356001
+79196700266
+79196700691
+79196700781
+79196700784
+79196700841
+79196700871
+79196700895
+79196700898
+79196700913
+79196700920
+79877353899
+79877355843
+79877355847
+79877355867
+79877355916
+79877355918
+79877355926
+79877355982
+79877355991
+79877356001
+79170770536
+79170779692
+79170779693
+79170779704
+79170779705
+79170779708
+79170779710
+79170779711
+79170779714
+79170779729
+79176602637
+79176602641
+79176602670
+79176602673
+79176602675
+79176602693
+79176602696
+79176602703
+79176602706
+79176602707
+79176501095
+79176501161
+79176501311
+79176501362
+79176501380
+79176501465
+79176501512
+79176501576
+79176502445
+79176502509
+79196601265
+79196601289
+79196601320
+79196601362
+79196601410
+79196601541
+79196601585
+79196601602
+79196601619
+79196601643
+79176602637
+79176602641
+79176602670
+79176602673
+79176602675
+79176602693
+79176602696
+79176602703
+79176602706
+79176602707
+79170770536
+79170779692
+79170779693
+79170779704
+79170779705
+79170779708
+79170779710
+79170779711
+79170779714
+79170779729
+79176602637
+79176602641
+79176602670
+79176602673
+79176602675
+79176602693
+79176602696
+79176602703
+79176602706
+79176602707
+79176602637
+79176602641
+79176602670
+79176602673
+79176602675
+79176602693
+79176602696
+79176602703
+79176602706
+79176602707
+79191380554
+79191380596
+79191380598
+79191380614
+79191380626
+79191380766
+79191380806
+79191380901
+79191380964
+79191380972
+79877353899
+79877355843
+79877355847
+79877355867
+79877355916
+79877355918
+79877355926
+79877355982
+79877355991
+79877356001
+79871201995
+79871202097
+79871202098
+79871202104
+79871202107
+79871202108
+79871202126
+79871202131
+79871202156
+79871202163
