+79120515783
+79120516468
+79126202381
+79126202392
+79126224387
+79126253120
+79126253196
+79126253197
+79126253224
+79126253228
+79193849583
+79193849727
+79193849729
+79193849816
+79193849874
+79193849906
+79193849913
+79193849924
+79193849937
+79193850100
+79826702139
+79826702605
+79826708574
+79826708889
+79826710413
+79826711263
+79826711553
+79826711841
+79826712591
+79826714173
+79122106157
+79122108264
+79122108943
+79122110349
+79122111472
+79122111805
+79122111937
+79122112865
+79122114261
+79122115296
+79193900530
+79193903793
+79193903829
+79193903833
+79193903839
+79193903859
+79193903902
+79193903924
+79193903951
+79193903960
+79827200501
+79827200745
+79827201149
+79827202960
+79827204285
+79827211378
+79827211855
+79827212423
+79827213235
+79827214373
+79126851092
+79126851102
+79126851259
+79126851359
+79126851399
+79126851621
+79126851643
+79126851683
+79126851853
+79126851856
+79826503171
+79826503217
+79826503237
+79826503258
+79826503277
+79826503316
+79826503325
+79826503327
+79826503328
+79826503352
+79126003146
+79126003258
+79126009476
+79126017356
+79126017880
+79126018036
+79126018155
+79126018388
+79126018980
+79126020783
+79122501234
+79122506237
+79122508358
+79122509578
+79122512243
+79122512267
+79122513277
+79122514187
+79122515716
+79122515806
+79126107553
+79126107932
+79126115987
+79126117013
+79126119972
+79126122448
+79126124019
+79126125670
+79126128102
+79126129532
+79126305145
+79126305180
+79126305197
+79126308407
+79126310609
+79126311185
+79126318720
+79126320107
+79126323638
+79126323640
+79126851092
+79126851102
+79126851259
+79126851359
+79126851399
+79126851621
+79126851643
+79126851683
+79126851853
+79126851856
+79126434469
+79126434476
+79126434581
+79126434582
+79126434687
+79126434753
+79126434779
+79126434832
+79126434928
+79126434931
+79827003304
+79827019431
+79827019806
+79827019824
+79827020688
+79827021253
+79827021401
+79827021411
+79827022335
+79827022563
+79120388849
+79120392253
+79120395125
+79120395541
+79120395970
+79120395985
+79120396578
+79120397220
+79120397432
+79120397756
+79827513582
+79827517938
+79827519691
+79827519709
+79827520259
+79827520358
+79827520410
+79827521610
+79827521753
+79827521845
+79827616657
+79827616749
+79827616754
+79827616840
+79827616860
+79827617093
+79827617095
+79827617156
+79827617173
+79827617210
+79126305145
+79126305180
+79126305197
+79126308407
+79126310609
+79126311185
+79126318720
+79126320107
+79126323638
+79126323640
+79826800654
+79826800665
+79826800667
+79826800670
+79826800671
+79826800672
+79826800673
+79826800674
+79826800675
+79826800676
+79826619159
+79826619230
+79826619688
+79826619746
+79826619773
+79826619774
+79826619779
+79826619787
+79826619790
+79826619802
+79827431029
+79827444801
+79827444807
+79827444813
+79827444826
+79827444834
+79827444850
+79827444853
+79827444866
+79827444914
+79827003304
+79827019431
+79827019806
+79827019824
+79827020688
+79827021253
+79827021401
+79827021411
+79827022335
+79827022563
+79826900016
+79826900657
+79826905122
+79826905124
+79826905156
+79826905157
+79826905163
+79826905180
+79826905209
+79826905213
+79193900530
+79193903793
+79193903829
+79193903833
+79193903839
+79193903859
+79193903902
+79193903924
+79193903951
+79193903960
+79193602656
+79193602980
+79193609313
+79193612628
+79193613652
+79193614558
+79193616360
+79193617105
+79193617204
+79193618146
+79126202381
+79126202392
+79126224387
+79126253120
+79126253196
+79126253197
+79126253224
+79126253228
+79126253238
+79126253263
+79826702139
+79826702605
+79826708574
+79826708889
+79826710413
+79826711263
+79826711553
+79826711841
+79826712591
+79826714173
+79126305145
+79126305180
+79126305197
+79126308407
+79126310609
+79126311185
+79126318720
+79126320107
+79126323638
+79126323640
+79122805703
+79122806519
+79122806947
+79122808592
+79122809207
+79122810742
+79122811149
+79122811160
+79122811164
+79122811225
+79120515783
+79120516468
+79126500097
+79126505972
+79126515492
+79126542474
+79126543551
+79126548414
+79126548417
+79126548452
+79826303505
+79826329088
+79826329438
+79826329682
+79826331753
+79826332439
+79826332966
+79826333416
+79826334852
+79826334853
+79827333740
+79827334057
+79827334088
+79827334519
+79827334711
+79827335172
+79827335243
+79827335657
+79827335957
+79827335978
+79126202381
+79126202392
+79126224387
+79126253120
+79126253196
+79126253197
+79126253224
+79126253228
+79126253238
+79126253263
+79827003304
+79827019431
+79827019806
+79827019824
+79827020688
+79827021253
+79827021401
+79827021411
+79827022335
+79827022563
+79120388849
+79120392253
+79120395125
+79120395541
+79120395970
+79120395985
+79120396578
+79120397220
+79120397432
+79120397756
+79827003304
+79827019431
+79827019806
+79827019824
+79827020688
+79827021253
+79827021401
+79827021411
+79827022335
+79827022563
+79826702139
+79826702605
+79826708574
+79826708889
+79826710413
+79826711263
+79826711553
+79826711841
+79826712591
+79826714173
+79826201939
+79826201965
+79826202147
+79826202742
+79826203513
+79826203921
+79826206708
+79826207352
+79826208715
+79826208716
+79126305145
+79126305180
+79126305197
+79126308407
+79126310609
+79126311185
+79126318720
+79126320107
+79126323638
+79126323640
+79122805703
+79122806519
+79122806947
+79122808592
+79122809207
+79122810742
+79122811149
+79122811160
+79122811164
+79122811225
+79826303505
+79826329088
+79826329438
+79826329682
+79826331753
+79826332439
+79826332966
+79826333416
+79826334852
+79826334853
+79126500097
+79126505972
+79126515492
+79126542474
+79126543551
+79126548414
+79126548417
+79126548452
+79126548458
+79126548467
+79122323817
+79122323942
+79122323944
+79122324034
+79122324956
+79122325472
+79122325787
+79122326414
+79122326513
+79122327063
+79193900530
+79193903793
+79193903829
+79193903833
+79193903839
+79193903859
+79193903902
+79193903924
+79193903951
+79193903960
+79126600521
+79126609743
+79126611273
+79126611279
+79126612945
+79126616588
+79126617421
+79126623134
+79126623147
+79126623421
+79126500097
+79126505972
+79126515492
+79126542474
+79126543551
+79126548414
+79126548417
+79126548452
+79126548458
+79126548467
+79126902493
+79126910769
+79126911157
+79126912001
+79126915298
+79126915628
+79126916549
+79126917551
+79126917578
+79126919065
+79122323817
+79122323942
+79122323944
+79122324034
+79122324956
+79122325472
+79122325787
+79122326414
+79122326513
+79122327063
+79126107553
+79126107932
+79126115987
+79126117013
+79126119972
+79126122448
+79126124019
+79126125670
+79126128102
+79126129532
+79827431029
+79827444801
+79827444807
+79827444813
+79827444826
+79827444834
+79827444850
+79827444853
+79827444866
+79827444914
+79126202381
+79126202392
+79126224387
+79126253120
+79126253196
+79126253197
+79126253224
+79126253228
+79126253238
+79126253263
+79126851092
+79126851102
+79126851259
+79126851359
+79126851399
+79126851621
+79126851643
+79126851683
+79126851853
+79126851856
+79193849583
+79193849727
+79193849729
+79193849816
+79193849874
+79193849906
+79193849913
+79193849924
+79193849937
+79193850100
+79126003146
+79126003258
+79126009476
+79126017356
+79126017880
+79126018036
+79126018155
+79126018388
+79126018980
+79126020783
+79827105382
+79827108603
+79827109236
+79827110265
+79827112479
+79827112537
+79827113002
+79827113327
+79827113328
+79827113797
+79826005540
+79826009552
+79826010897
+79826011028
+79826011753
+79826012136
+79826012162
+79826012517
+79826012961
+79826012974
+79126700157
+79126702935
+79126704309
+79126705149
+79126707628
+79126709839
+79126712357
+79126712546
+79126713015
+79126713588
+79120515783
+79120516468
+79122418084
+79122466558
+79122466796
+79122466837
+79122467102
+79122467349
+79122467647
+79122467760
+79126902493
+79126910769
+79126911157
+79126912001
+79126915298
+79126915628
+79126916549
+79126917551
+79126917578
+79126919065
+79126434469
+79126434476
+79126434581
+79126434582
+79126434687
+79126434753
+79126434779
+79126434832
+79126434928
+79126434931
+79122645793
+79122645839
+79122645876
+79122645893
+79122645984
+79122646018
+79122646122
+79122646184
+79122646196
+79122646204
+79826303505
+79826329088
+79826329438
+79826329682
+79826331753
+79826332439
+79826332966
+79826333416
+79826334852
+79826334853
+79826800654
+79826800665
+79826800667
+79826800670
+79826800671
+79826800672
+79826800673
+79826800674
+79826800675
+79826800676
+79827333740
+79827334057
+79827334088
+79827334519
+79827334711
+79827335172
+79827335243
+79827335657
+79827335957
+79827335978
+79193849583
+79193849727
+79193849729
+79193849816
+79193849874
+79193849906
+79193849913
+79193849924
+79193849937
+79193850100
+79126202381
+79126202392
+79126224387
+79126253120
+79126253196
+79126253197
+79126253224
+79126253228
+79126253238
+79126253263
+79826400609
+79826400639
+79826400709
+79826400726
+79826400778
+79826400850
+79826400890
+79826400991
+79826400995
+79826401120
+79826900016
+79826900657
+79826905122
+79826905124
+79826905156
+79826905157
+79826905163
+79826905180
+79826905209
+79826905213
+79120388849
+79120392253
+79120395125
+79120395541
+79120395970
+79120395985
+79120396578
+79120397220
+79120397432
+79120397756
+79827616657
+79827616749
+79827616754
+79827616840
+79827616860
+79827617093
+79827617095
+79827617156
+79827617173
+79827617210
+79126700157
+79126702935
+79126704309
+79126705149
+79126707628
+79126709839
+79126712357
+79126712546
+79126713015
+79126713588
+79126003146
+79126003258
+79126009476
+79126017356
+79126017880
+79126018036
+79126018155
+79126018388
+79126018980
+79126020783
+79193700289
+79193700492
+79193700572
+79193700587
+79193701104
+79193703976
+79193704012
+79193704020
+79193704026
+79193704068
+79122203064
+79122205998
+79122208760
+79122210875
+79122220835
+79122224253
+79122225939
+79122226402
+79122226514
+79122227393
+79122700638
+79122700679
+79122700733
+79122700763
+79122700822
+79122700951
+79122700964
+79122702201
+79122702653
+79122705008
+79826400609
+79826400639
+79826400709
+79826400726
+79826400778
+79826400850
+79826400890
+79826400991
+79826400995
+79826401120
+79827105382
+79827108603
+79827109236
+79827110265
+79827112479
+79827112537
+79827113002
+79827113327
+79827113328
+79827113797
+79827333740
+79827334057
+79827334088
+79827334519
+79827334711
+79827335172
+79827335243
+79827335657
+79827335957
+79827335978
+79122700638
+79122700679
+79122700733
+79122700763
+79122700822
+79122700951
+79122700964
+79122702201
+79122702653
+79122705008
+79826104624
+79826104668
+79826104718
+79826105638
+79826105925
+79826111022
+79826111291
+79826111296
+79826111653
+79826112065
+79826503171
+79826503217
+79826503237
+79826503258
+79826503277
+79826503316
+79826503325
+79826503327
+79826503328
+79826503352
+79126202381
+79126202392
+79126224387
+79126253120
+79126253196
+79126253197
+79126253224
+79126253228
+79126253238
+79126253263
+79827200501
+79827200745
+79827201149
+79827202960
+79827204285
+79827211378
+79827211855
+79827212423
+79827213235
+79827214373
+79122017424
+79122019898
+79122019942
+79122020590
+79122021426
+79122023418
+79122024977
+79122025461
+79122025675
+79122025985
+79826900016
+79826900657
+79826905122
+79826905124
+79826905156
+79826905157
+79826905163
+79826905180
+79826905209
+79826905213
+79126434351
+79126434469
+79126434476
+79126434581
+79126434582
+79126434687
+79126434753
+79126434779
+79126434832
+79126434928
+79826400268
+79826400609
+79826400639
+79826400709
+79826400726
+79826400778
+79826400850
+79826400890
+79826400991
+79826400995
+79126902493
+79126910769
+79126911157
+79126912001
+79126915298
+79126915628
+79126916549
+79126917551
+79126917578
+79126919065
+79826005540
+79826009552
+79826010897
+79826011028
+79826011753
+79826012136
+79826012162
+79826012517
+79826012961
+79826012974
+79122202453
+79122203064
+79122205998
+79122208760
+79122210875
+79122220835
+79122224253
+79122225939
+79122226402
+79122226514
+79826619159
+79826619230
+79826619688
+79826619746
+79826619773
+79826619774
+79826619779
+79826619787
+79826619790
+79826619802
+79122323817
+79122323942
+79122323944
+79122324034
+79122324956
+79122325472
+79122325787
+79122326414
+79122326513
+79122327063
+79826800654
+79826800665
+79826800667
+79826800670
+79826800671
+79826800672
+79826800673
+79826800674
+79826800675
+79826800676
+79126902493
+79126910769
+79126911157
+79126912001
+79126915298
+79126915628
+79126916549
+79126917551
+79126917578
+79126919065
+79126500097
+79126505972
+79126515492
+79126540695
+79126542319
+79126542474
+79126543551
+79126548414
+79126548417
+79126548452
+79120400883
+79120403853
+79120405336
+79120405431
+79120405469
+79120405627
+79120405648
+79120405676
+79120405732
+79120405998
+79826303505
+79826305313
+79826306810
+79826306813
+79826308610
+79826309346
+79826309978
+79826310162
+79826311820
+79826312808
+79126434351
+79126434469
+79126434476
+79126434581
+79126434582
+79126434687
+79126434753
+79126434779
+79126434832
+79126434928
+79826702139
+79826702605
+79826708574
+79826708889
+79826710413
+79826711263
+79826711553
+79826711841
+79826712591
+79826714173
+79122323817
+79122323942
+79122323944
+79122324034
+79122324956
+79122325472
+79122325787
+79122326414
+79122326513
+79122327063
+79122621691
+79122645793
+79122645839
+79122645876
+79122645893
+79122645984
+79122646018
+79122646122
+79122646184
+79122646196
+79827513582
+79827516011
+79827517938
+79827519691
+79827519709
+79827520259
+79827520358
+79827520410
+79827521610
+79827521753
+79120400883
+79120403853
+79120405336
+79120405431
+79120405469
+79120405627
+79120405648
+79120405676
+79120405732
+79120405998
+79827513582
+79827516011
+79827517938
+79827519691
+79827519709
+79827520259
+79827520358
+79827520410
+79827521610
+79827521753
+79827513582
+79827516011
+79827517938
+79827519691
+79827519709
+79827520259
+79827520358
+79827520410
+79827521610
+79827521753
+79193700289
+79193700492
+79193700572
+79193700587
+79193701104
+79193702273
+79193703968
+79193703976
+79193704012
+79193704020
+79122323817
+79122323942
+79122323944
+79122324034
+79122324956
+79122325472
+79122325787
+79122326414
+79122326513
+79122327063
+79122017424
+79122019898
+79122019942
+79122020590
+79122021426
+79122023418
+79122024977
+79122025461
+79122025675
+79122025985
+79122418084
+79122429810
+79122444689
+79122460769
+79122463313
+79122466558
+79122466796
+79122466837
+79122467102
+79122467349
+79826303505
+79826305313
+79826306810
+79826306813
+79826308610
+79826309346
+79826309978
+79826310162
+79826311820
+79826312808
+79126851092
+79126851259
+79126851359
+79126851399
+79126851621
+79126851643
+79126851683
+79126851853
+79126851856
+79126851859
+79826702139
+79826702605
+79826708574
+79826708889
+79826710413
+79826711263
+79826711553
+79826711841
+79826712591
+79826714173
+79826800654
+79826800665
+79826800667
+79826800670
+79826800671
+79826800672
+79826800673
+79826800674
+79826800675
+79826800676
+79126902493
+79126910769
+79126911157
+79126912001
+79126915298
+79126915628
+79126916549
+79126917551
+79126917578
+79126919065
+79122202453
+79122203064
+79122205998
+79122208760
+79122210875
+79122220835
+79122224253
+79122225939
+79122226402
+79122226514
+79126500097
+79126505972
+79126515492
+79126540695
+79126542319
+79126542474
+79126543551
+79126548414
+79126548417
+79126548452
+79827105382
+79827108603
+79827109236
+79827110265
+79827112479
+79827112537
+79827113002
+79827113327
+79827113328
+79827113367
+79826400268
+79826400609
+79826400639
+79826400709
+79826400726
+79826400778
+79826400850
+79826400890
+79826400991
+79826400995
+79193602376
+79193602656
+79193602980
+79193609313
+79193612628
+79193613652
+79193614558
+79193616360
+79193617105
+79193617204
+79122501234
+79122506237
+79122508358
+79122509578
+79122512243
+79122512267
+79122513277
+79122514187
+79122515716
+79122515806
+79126902493
+79126910769
+79126911157
+79126912001
+79126915298
+79126915628
+79126916549
+79126917551
+79126917578
+79126919065
+79826900016
+79826900657
+79826905122
+79826905124
+79826905156
+79826905157
+79826905163
+79826905180
+79826905209
+79826905213
+79122700638
+79122700679
+79122700733
+79122700763
+79122700822
+79122700951
+79122700964
+79122702201
+79122702653
+79122705008
+79826201939
+79826201965
+79826202147
+79826202742
+79826203513
+79826203921
+79826206708
+79826207352
+79826208715
+79826208716
+79826104624
+79826104668
+79826104718
+79826105638
+79826105925
+79826109802
+79826111022
+79826111291
+79826111296
+79826111653
+79826702139
+79826702605
+79826708574
+79826708889
+79826710413
+79826711263
+79826711553
+79826711841
+79826712591
+79826714173
+79126600521
+79126609743
+79126611273
+79126611279
+79126612945
+79126616588
+79126617421
+79126623134
+79126623147
+79126623421
+79826800654
+79826800665
+79826800667
+79826800670
+79826800671
+79826800672
+79826800673
+79826800674
+79826800675
+79826800676
+79126902493
+79126910769
+79126911157
+79126912001
+79126915298
+79126915628
+79126916549
+79126917551
+79126917578
+79126919065
+79827105382
+79827108603
+79827109236
+79827110265
+79827112479
+79827112537
+79827113002
+79827113327
+79827113328
+79827113367
+79120515783
+79120516468
+79120529664
+79122501234
+79122506237
+79122508358
+79122509578
+79122512243
+79122512267
+79122513277
+79826702139
+79826702605
+79826708574
+79826708889
+79826710413
+79826711263
+79826711553
+79826711841
+79826712591
+79826714173
+79120515783
+79120516468
+79120529664
+79826303505
+79826305313
+79826306810
+79826306813
+79826308610
+79826309346
+79826309978
+79826201939
+79826201965
+79826202147
+79826202742
+79826203513
+79826203921
+79826206708
+79826207352
+79826208715
+79826208716
+79122108264
+79122108943
+79122110349
+79122111472
+79122111805
+79122111937
+79122112865
+79122114261
+79122115296
+79122117798
+79126851092
+79126851259
+79126851359
+79126851399
+79126851621
+79126851643
+79126851683
+79126851853
+79126851856
+79126851859
+79122805703
+79122806519
+79122806947
+79122808592
+79122809207
+79122810742
+79122811149
+79122811160
+79122811164
+79122811225
+79126700157
+79126702935
+79126704309
+79126705149
+79126707628
+79126709839
+79126712357
+79126712546
+79126713015
+79126713588
+79120305465
+79120320278
+79120364662
+79120379680
+79120379987
+79120382534
+79120383139
+79120383187
+79120383253
+79120383948
+79826619159
+79826619230
+79826619688
+79826619746
+79826619773
+79826619774
+79826619779
+79826619787
+79826619790
+79826619802
+79126500097
+79126505972
+79126515492
+79126540695
+79126542319
+79126542474
+79126543551
+79126548414
+79126548417
+79126548452
+79126902493
+79126910769
+79126911157
+79126912001
+79126915298
+79126915628
+79126916549
+79126917551
+79126917578
+79126919065
+79126851092
+79126851259
+79126851359
+79126851399
+79126851621
+79126851643
+79126851683
+79126851853
+79126851856
+79126851859
+79120400883
+79120403853
+79120405336
+79120405431
+79120405469
+79120405627
+79120405648
+79120405676
+79120405732
+79120405998
+79826900016
+79826900657
+79826905122
+79826905124
+79826905156
+79826905157
+79826905163
+79826905180
+79826905209
+79826905213
+79122017424
+79122019898
+79122019942
+79122020590
+79122021426
+79122023418
+79122024977
+79122025461
+79122025675
+79122025985
+79122418084
+79122429810
+79122444689
+79122460769
+79122463313
+79122466558
+79122466796
+79122466837
+79122467102
+79122467349
+79120515783
+79120516468
+79120529664
+79827602545
+79827604324
+79827604964
+79827605185
+79827605188
+79827605280
+79827606097
+79126100353
+79126100891
+79126107553
+79126107932
+79126115987
+79126117013
+79126119972
+79126122448
+79126124019
+79126125670
+79122323817
+79122323942
+79122323944
+79122324034
+79122324956
+79122325472
+79122325787
+79122326414
+79122326513
+79122327063
+79826104624
+79826104668
+79826104718
+79826105638
+79826105925
+79826109802
+79826111022
+79826111291
+79826111296
+79826111653
+79827513582
+79827516011
+79827517938
+79827519691
+79827519709
+79827520259
+79827520358
+79827520410
+79827521610
+79827521753
+79126305145
+79126305180
+79126305197
+79126308407
+79126310609
+79126311185
+79126318720
+79126320107
+79126323638
+79126323640
+79126902493
+79126910769
+79126911157
+79126912001
+79126915298
+79126915628
+79126916549
+79126917551
+79126917578
+79126919065
+79827333740
+79827334057
+79827334088
+79827334519
+79827334711
+79827335172
+79827335243
+79827335657
+79827335957
+79827335978
+79827431029
+79827444801
+79827444807
+79827444813
+79827444826
+79827444834
+79827444850
+79827444853
+79827444866
+79827444914
+79193700289
+79193700492
+79193700572
+79193700587
+79193701104
+79193702273
+79193703968
+79193703976
+79193704012
+79193704020
+79126500097
+79126505972
+79126515492
+79126540695
+79126542319
+79126542474
+79126543551
+79126548414
+79126548417
+79126548452
+79827431029
+79827444801
+79827444807
+79827444813
+79827444826
+79827444834
+79827444850
+79827444853
+79827444866
+79827444914
+79122900599
+79122901383
+79122902037
+79122902534
+79122902588
+79122906075
+79122906921
+79122908313
+79122908724
+79122909598
+79826619159
+79826619230
+79826619688
+79826619746
+79826619773
+79826619774
+79826619779
+79826619787
+79826619790
+79826619802
+79826201939
+79826201965
+79826202147
+79826202742
+79826203513
+79826203921
+79826206708
+79826207352
+79826208715
+79826208716
+79122501234
+79122506237
+79122508358
+79122509578
+79122512243
+79122512267
+79122513277
+79122514187
+79122515716
+79122515806
+79122202453
+79122203064
+79122205998
+79122208760
+79122210875
+79122220835
+79122224253
+79122225939
+79122226402
+79122226514
+79826201939
+79826201965
+79826202147
+79826202742
+79826203513
+79826203921
+79826206708
+79826207352
+79826208715
+79826208716
+79827007286
+79827016964
+79827019431
+79827019806
+79827019824
+79827020688
+79827021253
+79827021401
+79827021411
+79827022335
+79826104624
+79826104668
+79826104718
+79826105638
+79826105925
+79826109802
+79826111022
+79826111291
+79826111296
+79826111653
+79193900530
+79193903793
+79193903829
+79193903833
+79193903839
+79193903859
+79193903902
+79193903924
+79193903951
+79193903960
+79126434351
+79126434469
+79126434476
+79126434581
+79126434582
+79126434687
+79126434753
+79126434779
+79126434832
+79126434928
+79826619159
+79826619230
+79826619688
+79826619746
+79826619773
+79826619774
+79826619779
+79826619787
+79826619790
+79826619802
+79122108264
+79122108943
+79122110349
+79122111472
+79122111805
+79122111937
+79122112865
+79122114261
+79122115296
+79122117798
+79827200501
+79827200745
+79827201149
+79827202937
+79827202960
+79827204285
+79827211378
+79827211855
+79827212423
+79827213235
+79126851092
+79126851259
+79126851359
+79126851399
+79126851621
+79126851643
+79126851683
+79126851853
+79126851856
+79126851859
+79126100353
+79126100891
+79126107553
+79126107932
+79126115987
+79126117013
+79126119972
+79126122448
+79126124019
+79126125670
+79826400268
+79826400609
+79826400639
+79826400709
+79826400726
+79826400778
+79826400850
+79826400890
+79826400991
+79826400995
+79826619159
+79826619230
+79826619688
+79826619746
+79826619773
+79826619774
+79826619779
+79826619787
+79826619790
+79826619802
+79122418084
+79122429810
+79122444689
+79122460769
+79122463313
+79122466558
+79122466796
+79122466837
+79122467102
+79122467349
+79122900599
+79122901383
+79122902037
+79122902534
+79122902588
+79122906075
+79122906921
+79122908313
+79122908724
+79122909598
+79826619159
+79826619230
+79826619688
+79826619746
+79826619773
+79826619774
+79826619779
+79826619787
+79826619790
+79826619802
+79122900599
+79122901383
+79122902037
+79122902534
+79122902588
+79122906075
+79122906921
+79122908313
+79122908724
+79122909598
+79126851092
+79126851259
+79126851359
+79126851399
+79126851621
+79126851643
+79126851683
+79126851853
+79126851856
+79126851859
+79126851092
+79126851259
+79126851359
+79126851399
+79126851621
+79126851643
+79126851683
+79126851853
+79126851856
+79126851859
+79122805703
+79122806519
+79122806947
+79122808592
+79122809207
+79122810742
+79122811149
+79122811160
+79122811164
+79122811225
+79122805703
+79122806519
+79122806947
+79122808592
+79122809207
+79122810742
+79122811149
+79122811160
+79122811164
+79122811225
+79122501234
+79122506237
+79122508358
+79122509578
+79122512243
+79122512267
+79122513277
+79122514187
+79122515716
+79122515806
+79827431029
+79827444801
+79827444807
+79827444813
+79827444826
+79827444834
+79827444850
+79827444853
+79827444866
+79827444914
+79826900016
+79826900657
+79826905122
+79826905124
+79826905156
+79826905157
+79826905163
+79826905180
+79826905209
+79826905213
+79827007286
+79827016964
+79827019431
+79827019806
+79827019824
+79827020688
+79827021253
+79827021401
+79827021411
+79827022335
+79122323817
+79122323942
+79122323944
+79122324034
+79122324956
+79122325472
+79122325787
+79122326414
+79122326513
+79122327063
+79122900599
+79122901383
+79122902037
+79122902534
+79122902588
+79122906075
+79122906921
+79122908313
+79122908724
+79122909598
+79122323817
+79122323942
+79122323944
+79122324034
+79122324956
+79122325472
+79122325787
+79122326414
+79122326513
+79122327063
+79826103591
+79826104624
+79826104668
+79826104718
+79826105638
+79826105925
+79826109802
+79826111022
+79826111291
+79826111296
+79827200501
+79827200745
+79827201149
+79827202937
+79827202960
+79827204285
+79827211378
+79827211855
+79827212423
+79827213235
+79126600521
+79126609743
+79126611273
+79126611279
+79126612945
+79126616588
+79126617421
+79126623134
+79126623147
+79126623421
+79827602545
+79827604324
+79827604964
+79827605185
+79827605188
+79827605280
+79827606097
+79827606849
+79827608585
+79827609148
+79826103591
+79826104624
+79826104668
+79826104718
+79826105638
+79826105925
+79826109802
+79826111022
+79826111291
+79826111296
+79827200501
+79827200745
+79827201149
+79827202937
+79827202960
+79827204285
+79827211378
+79827211855
+79827212423
+79827213235
+79827333740
+79827334057
+79827334088
+79827334519
+79827334711
+79827335172
+79827335243
+79827335657
+79827335957
+79827335978
+79126700157
+79126702935
+79126704309
+79126705149
+79126707628
+79126709839
+79126712357
+79126712546
+79126713015
+79126713588
+79193602376
+79193602656
+79193602980
+79193609313
+79193612628
+79193613652
+79193614558
+79193616360
+79193617105
+79193617204
+79826400268
+79826400609
+79826400639
+79826400709
+79826400726
+79826400778
+79826400850
+79826400890
+79826400991
+79826400995
+79126851092
+79126851259
+79126851359
+79126851399
+79126851621
+79126851643
+79126851683
+79126851853
+79126851856
+79126851859
+79122501234
+79122506237
+79122508358
+79122509578
+79122512243
+79122512267
+79122513277
+79122514187
+79122515716
+79122515806
+79126851092
+79126851259
+79126851359
+79126851399
+79126851621
+79126851643
+79126851683
+79126851853
+79126851856
+79126851859
+79826303505
+79826305313
+79826306810
+79826306813
+79826308610
+79826309346
+79826309978
+79826310162
+79826311820
+79826312808
+79122418084
+79122429810
+79122444689
+79122460769
+79122463313
+79122466558
+79122466796
+79122466837
+79122467102
+79122467349
+79126700157
+79126702935
+79126704309
+79126705149
+79126707628
+79126709839
+79126712357
+79126712546
+79126713015
+79126713588
+79126902493
+79126910769
+79126911157
+79126912001
+79126915298
+79126915628
+79126916549
+79126917551
+79126917578
+79126919065
+79827333740
+79827334057
+79827334088
+79827334519
+79827334711
+79827335172
+79827335243
+79827335657
+79827335957
+79827335978
+79120515783
+79120516468
+79120529664
+79826503171
+79826503217
+79826503237
+79826503258
+79826503277
+79826503316
+79826503325
+79122621691
+79122645793
+79122645839
+79122645876
+79122645893
+79122645984
+79122646018
+79122646122
+79122646184
+79122646196
+79193602376
+79193602656
+79193602980
+79193609313
+79193612628
+79193613652
+79193614558
+79193616360
+79193617105
+79193617204
+79122418084
+79122429810
+79122444689
+79122460769
+79122463313
+79122466558
+79122466796
+79122466837
+79122467102
+79122467349
+79826303505
+79826305313
+79826306810
+79826306813
+79826308610
+79826309346
+79826309978
+79826310162
+79826311820
+79826312808
+79126700157
+79126702935
+79126704309
+79126705149
+79126707628
+79126709839
+79126712357
+79126712546
+79126713015
+79126713588
+79126851092
+79126851259
+79126851359
+79126851399
+79126851621
+79126851643
+79126851683
+79126851853
+79126851856
+79126851859
+79826900016
+79826900657
+79826905122
+79826905124
+79826905156
+79826905157
+79826905163
+79826905180
+79826905209
+79826905213
+79122805703
+79122806519
+79122806947
+79122808592
+79122809207
+79122810742
+79122811149
+79122811160
+79122811164
+79122811225
+79193700289
+79193700492
+79193700572
+79193700587
+79193701104
+79193702273
+79193703968
+79193703976
+79193704012
+79193704020
+79126600521
+79126609743
+79126611273
+79126611279
+79126612945
+79126616588
+79126617421
+79126623134
+79126623147
+79126623421
+79120515783
+79120516468
+79120529664
+79827105382
+79827108603
+79827109236
+79827110265
+79827112479
+79827112537
+79827113002
+79827513582
+79827516011
+79827517938
+79827519691
+79827519709
+79827520259
+79827520358
+79827520410
+79827521610
+79827521753
+79193602376
+79193602656
+79193602980
+79193609313
+79193612628
+79193613652
+79193614558
+79193616360
+79193617105
+79193617204
+79827200501
+79827200745
+79827201149
+79827202937
+79827202960
+79827204285
+79827211378
+79827211855
+79827212423
+79827213235
+79122621691
+79122645793
+79122645839
+79122645876
+79122645893
+79122645984
+79122646018
+79122646122
+79122646184
+79122646196
+79126305145
+79126305180
+79126305197
+79126308407
+79126310609
+79126311185
+79126318720
+79126320107
+79126323638
+79126323640
+79827200501
+79827200745
+79827201149
+79827202937
+79827202960
+79827204285
+79827211378
+79827211855
+79827212423
+79827213235
+79826303505
+79826305313
+79826306810
+79826306813
+79826308610
+79826309346
+79826309978
+79826310162
+79826311820
+79826312808
+79826005540
+79826009552
+79826010897
+79826011028
+79826011753
+79826012136
+79826012162
+79826012517
+79826012961
+79826012974
+79826005540
+79826009552
+79826010897
+79826011028
+79826011753
+79826012136
+79826012162
+79826012517
+79826012961
+79826012974
+79827602545
+79827604324
+79827604964
+79827605185
+79827605188
+79827605280
+79827606097
+79827606849
+79827608585
+79827609148
+79122323817
+79122323942
+79122323944
+79122324034
+79122324956
+79122325472
+79122325787
+79122326414
+79122326513
+79122327063
+79120400883
+79120403853
+79120405336
+79120405431
+79120405469
+79120405627
+79120405648
+79120405676
+79120405732
+79120405998
+79126305145
+79126305180
+79126305197
+79126308407
+79126310609
+79126311185
+79126318720
+79126320107
+79126323638
+79126323640
+79122805703
+79122806519
+79122806947
+79122808592
+79122809207
+79122810742
+79122811149
+79122811160
+79122811164
+79122811225
+79826702139
+79826702605
+79826708574
+79826708889
+79826710413
+79826711263
+79826711553
+79826711841
+79826712591
+79826714173
+79126500097
+79126505972
+79126515492
+79126540695
+79126542319
+79126542474
+79126543551
+79126548414
+79126548417
+79126548452
+79126500097
+79126505972
+79126515492
+79126540695
+79126542319
+79126542474
+79126543551
+79126548414
+79126548417
+79126548452
+79122805703
+79122806519
+79122806947
+79122808592
+79122809207
+79122810742
+79122811149
+79122811160
+79122811164
+79122811225
+79126100353
+79126100891
+79126107553
+79126107932
+79126115987
+79126117013
+79126119972
+79126122448
+79126124019
+79126125670
+79126003258
+79126009476
+79126017356
+79126017880
+79126018036
+79126018155
+79126018388
+79126018980
+79126020783
+79126022664
+79122017424
+79122019898
+79122019942
+79122020590
+79122021426
+79122023418
+79122024977
+79122025461
+79122025675
+79122025985
+79827602545
+79827604324
+79827604964
+79827605185
+79827605188
+79827605280
+79827606097
+79827606849
+79827608585
+79827609148
+79827200501
+79827200745
+79827201149
+79827202937
+79827202960
+79827204285
+79827211378
+79827211855
+79827212423
+79827213235
+79120400883
+79120403853
+79120405336
+79120405431
+79120405469
+79120405627
+79120405648
+79120405676
+79120405732
+79120405998
+79826702139
+79826702605
+79826708574
+79826708889
+79826710413
+79826711263
+79826711553
+79826711841
+79826712591
+79826714173
+79126202381
+79126202392
+79126224387
+79126246856
+79126253120
+79126253196
+79126253197
+79126253224
+79126253228
+79126253238
+79122621691
+79122645793
+79122645839
+79122645876
+79122645893
+79122645984
+79122646018
+79122646122
+79122646184
+79122646196
+79827105382
+79827108603
+79827109236
+79827110265
+79827112479
+79827112537
+79827113002
+79827113327
+79827113328
+79827113367
+79126305145
+79126305180
+79126305197
+79126308407
+79126310609
+79126311185
+79126318720
+79126320107
+79126323638
+79126323640
+79122108264
+79122108943
+79122110349
+79122111472
+79122111805
+79122111937
+79122112865
+79122114261
+79122115296
+79122117798
+79126600521
+79126609743
+79126611273
+79126611279
+79126612945
+79126616588
+79126617421
+79126623134
+79126623147
+79126623421
+79826702139
+79826702605
+79826708574
+79826708889
+79826710413
+79826711263
+79826711553
+79826711841
+79826712591
+79826714173
+79126600521
+79126609743
+79126611273
+79126611279
+79126612945
+79126616588
+79126617421
+79126623134
+79126623147
+79126623421
+79827513582
+79827516011
+79827517938
+79827519691
+79827519709
+79827520259
+79827520358
+79827520410
+79827521610
+79827521753
+79826702139
+79826702605
+79826708574
+79826708889
+79826710413
+79826711263
+79826711553
+79826711841
+79826712591
+79826714173
+79827513582
+79827516011
+79827517938
+79827519691
+79827519709
+79827520259
+79827520358
+79827520410
+79827521610
+79827521753
+79826005540
+79826009552
+79826010897
+79826011028
+79826011753
+79826012136
+79826012162
+79826012517
+79826012961
+79826012974
+79826103591
+79826104624
+79826104668
+79826104718
+79826105638
+79826105925
+79826109802
+79826111022
+79826111291
+79826111296
+79122700638
+79122700679
+79122700733
+79122700763
+79122700822
+79122700951
+79122700964
+79122702201
+79122702653
+79122705008
+79126305145
+79126305180
+79126305197
+79126308407
+79126310609
+79126311185
+79126318720
+79126320107
+79126323638
+79126323640
+79826800654
+79826800665
+79826800667
+79826800670
+79826800671
+79826800672
+79826800673
+79826800674
+79826800675
+79826800676
+79122017424
+79122019898
+79122019942
+79122020590
+79122021426
+79122023418
+79122024977
+79122025461
+79122025675
+79122025985
+79826201939
+79826201965
+79826202147
+79826202742
+79826203513
+79826203921
+79826206708
+79826207352
+79826208715
+79826208716
+79826201939
+79826201965
+79826202147
+79826202742
+79826203513
+79826203921
+79826206708
+79826207352
+79826208715
+79826208716
+79126305145
+79126305180
+79126305197
+79126308407
+79126310609
+79126311185
+79126318720
+79126320107
+79126323638
+79126323640
+79122108264
+79122108943
+79122110349
+79122111472
+79122111805
+79122111937
+79122112865
+79122114261
+79122115296
+79122117798
+79122108264
+79122108943
+79122110349
+79122111472
+79122111805
+79122111937
+79122112865
+79122114261
+79122115296
+79122117798
+79122621691
+79122645793
+79122645839
+79122645876
+79122645893
+79122645984
+79122646018
+79122646122
+79122646184
+79122646196
+79827105382
+79827108603
+79827109236
+79827110265
+79827112479
+79827112537
+79827113002
+79827113327
+79827113328
+79827113367
+79120515783
+79120516468
+79120529664
+79120400883
+79120403853
+79120405336
+79120405431
+79120405469
+79120405627
+79120405648
+79827431029
+79827444801
+79827444807
+79827444813
+79827444826
+79827444834
+79827444850
+79827444853
+79827444866
+79827444914
+79193900530
+79193903793
+79193903829
+79193903833
+79193903839
+79193903859
+79193903902
+79193903924
+79193903951
+79193903960
+79120515783
+79120516468
+79120529664
+79193810143
+79193827968
+79193849583
+79193849727
+79193849729
+79193849816
+79193849874
+79827007286
+79827016964
+79827019431
+79827019806
+79827019824
+79827020688
+79827021253
+79827021401
+79827021411
+79827022335
+79827200501
+79827200745
+79827201149
+79827202937
+79827202960
+79827204285
+79827211378
+79827211855
+79827212423
+79827213235
+79826103591
+79826104624
+79826104668
+79826104718
+79826105638
+79826105925
+79826109802
+79826111022
+79826111291
+79826111296
+79826103591
+79826104624
+79826104668
+79826104718
+79826105638
+79826105925
+79826109802
+79826111022
+79826111291
+79826111296
+79126500097
+79126505972
+79126515492
+79126540695
+79126542319
+79126542474
+79126543551
+79126548414
+79126548417
+79126548452
+79826400268
+79826400575
+79826400609
+79826400639
+79826400709
+79826400726
+79826400778
+79826400850
+79826400890
+79826400991
+79126902493
+79126910769
+79126911157
+79126912001
+79126915298
+79126915628
+79126916549
+79126917551
+79126917578
+79126919065
+79122900599
+79122901383
+79122902037
+79122902534
+79122902588
+79122906075
+79122906921
+79122908313
+79122908724
+79122909598
+79126434351
+79126434469
+79126434476
+79126434581
+79126434582
+79126434687
+79126434753
+79126434779
+79126434832
+79126434928
+79193602376
+79193602656
+79193602980
+79193609313
+79193612628
+79193613652
+79193614558
+79193616360
+79193617105
+79193617204
+79126100353
+79126100891
+79126107553
+79126107932
+79126115987
+79126117013
+79126119972
+79126122448
+79126124019
+79126125670
+79120305465
+79120320278
+79120364662
+79120379680
+79120379987
+79120382534
+79120383139
+79120383187
+79120383253
+79120383948
+79126202381
+79126202392
+79126224387
+79126246856
+79126253120
+79126253196
+79126253197
+79126253224
+79126253228
+79126253238
+79122017424
+79122019898
+79122019942
+79122020590
+79122021426
+79122023418
+79122024977
+79122025461
+79122025675
+79122025985
+79126902493
+79126910769
+79126911157
+79126912001
+79126915298
+79126915628
+79126916549
+79126917551
+79126917578
+79126919065
+79827105382
+79827108603
+79827109236
+79827110265
+79827112479
+79827112537
+79827113002
+79827113327
+79827113328
+79827113367
+79126003258
+79126009476
+79126017356
+79126017880
+79126018036
+79126018155
+79126018388
+79126018980
+79126020783
+79126022664
+79827431029
+79827444801
+79827444807
+79827444813
+79827444826
+79827444834
+79827444850
+79827444853
+79827444866
+79827444914
+79826900016
+79826900657
+79826905122
+79826905124
+79826905156
+79826905157
+79826905163
+79826905180
+79826905209
+79826905213
+79826619159
+79826619230
+79826619688
+79826619746
+79826619773
+79826619774
+79826619779
+79826619787
+79826619790
+79826619802
+79826303505
+79826305313
+79826306810
+79826306813
+79826308610
+79826309346
+79826309978
+79826310162
+79826311820
+79826312808
+79826702139
+79826702605
+79826708574
+79826708889
+79826710413
+79826711263
+79826711553
+79826711841
+79826712591
+79826714173
+79126600521
+79126609743
+79126611273
+79126611279
+79126612945
+79126616588
+79126617421
+79126623134
+79126623147
+79126623421
+79126100353
+79126100891
+79126107553
+79126107932
+79126115987
+79126117013
+79126119972
+79126122448
+79126124019
+79126125670
+79126851092
+79126851259
+79126851359
+79126851399
+79126851621
+79126851643
+79126851683
+79126851853
+79126851856
+79126851859
+79826103591
+79826104624
+79826104668
+79826104718
+79826105638
+79826105925
+79826109802
+79826111022
+79826111291
+79826111296
+79826303505
+79826305313
+79826306810
+79826306813
+79826308610
+79826309346
+79826309978
+79826310162
+79826311820
+79826312808
+79826503171
+79826503217
+79826503237
+79826503258
+79826503277
+79826503316
+79826503325
+79826503327
+79826503328
+79826503352
+79193602376
+79193602656
+79193602980
+79193609313
+79193612628
+79193613652
+79193614558
+79193616360
+79193617105
+79193617204
+79826303505
+79826305313
+79826306810
+79826306813
+79826308610
+79826309346
+79826309978
+79826310162
+79826311820
+79826312808
+79122202453
+79122203064
+79122205998
+79122208760
+79122210875
+79122220835
+79122224253
+79122225939
+79122226402
+79122226514
+79826503171
+79826503217
+79826503237
+79826503258
+79826503277
+79826503316
+79826503325
+79826503327
+79826503328
+79826503352
+79826619159
+79826619230
+79826619688
+79826619746
+79826619773
+79826619774
+79826619779
+79826619787
+79826619790
+79826619802
+79126851092
+79126851259
+79126851359
+79126851399
+79126851621
+79126851643
+79126851683
+79126851853
+79126851856
+79126851859
+79126100353
+79126100891
+79126107553
+79126107932
+79126115987
+79126117013
+79126119972
+79126122448
+79126124019
+79126125670
+79120515783
+79120516468
+79120529664
+79126305145
+79126305180
+79126305197
+79126308407
+79126310609
+79126311185
+79126318720
+79126100353
+79126100891
+79126107553
+79126107932
+79126115987
+79126117013
+79126119972
+79126122448
+79126124019
+79126125670
+79193700289
+79193700492
+79193700572
+79193700587
+79193701104
+79193702273
+79193703968
+79193703976
+79193704012
+79193704020
+79826201939
+79826201965
+79826202147
+79826202742
+79826203513
+79826203921
+79826206708
+79826207352
+79826208715
+79826208716
+79126500097
+79126505972
+79126515492
+79126540695
+79126542319
+79126542474
+79126543551
+79126548414
+79126548417
+79126548452
+79827602545
+79827604324
+79827604964
+79827605185
+79827605188
+79827605280
+79827606097
+79827606849
+79827608585
+79827609148
+79126305145
+79126305180
+79126305197
+79126308407
+79126310609
+79126311185
+79126318720
+79126320107
+79126323638
+79126323640
+79122700638
+79122700679
+79122700733
+79122700763
+79122700822
+79122700951
+79122700964
+79122702201
+79122702653
+79122705008
+79122323817
+79122323942
+79122323944
+79122324034
+79122324956
+79122325472
+79122325787
+79122326414
+79122326513
+79122327063
+79826103591
+79826104624
+79826104668
+79826104718
+79826105638
+79826105925
+79826109802
+79826111022
+79826111291
+79826111296
+79827431029
+79827444801
+79827444807
+79827444813
+79827444826
+79827444834
+79827444850
+79827444853
+79827444866
+79827444914
+79126100353
+79126100891
+79126107553
+79126107932
+79126115987
+79126117013
+79126119972
+79126122448
+79126124019
+79126125670
+79122202453
+79122203064
+79122205998
+79122208760
+79122210875
+79122220835
+79122224253
+79122225939
+79122226402
+79122226514
+79827105382
+79827108603
+79827109236
+79827110265
+79827112479
+79827112537
+79827113002
+79827113327
+79827113328
+79827113367
+79122108264
+79122108943
+79122110349
+79122111472
+79122111805
+79122111937
+79122112865
+79122114261
+79122115296
+79122117798
+79122108264
+79122108943
+79122110349
+79122111472
+79122111805
+79122111937
+79122112865
+79122114261
+79122115296
+79122117798
+79126202381
+79126202392
+79126224387
+79126246856
+79126253120
+79126253196
+79126253197
+79126253224
+79126253228
+79126253238
+79193900530
+79193903793
+79193903829
+79193903833
+79193903839
+79193903859
+79193903902
+79193903924
+79193903951
+79193903960
+79193700289
+79193700492
+79193700572
+79193700587
+79193701104
+79193702273
+79193703968
+79193703976
+79193704012
+79193704020
+79193602376
+79193602656
+79193602980
+79193609313
+79193612628
+79193613652
+79193614558
+79193616360
+79193617105
+79193617204
+79826619159
+79826619230
+79826619688
+79826619746
+79826619773
+79826619774
+79826619779
+79826619787
+79826619790
+79826619802
+79120400883
+79120403853
+79120405336
+79120405431
+79120405469
+79120405627
+79120405648
+79120405676
+79120405732
+79120405998
+79826900016
+79826900657
+79826905122
+79826905124
+79826905156
+79826905157
+79826905163
+79826905180
+79826905209
+79826905213
+79826702139
+79826702605
+79826708574
+79826708889
+79826710413
+79826711263
+79826711553
+79826711841
+79826712591
+79826714173
+79826702139
+79826702605
+79826708574
+79826708889
+79826710413
+79826711263
+79826711553
+79826711841
+79826712591
+79826714173
+79826800654
+79826800665
+79826800667
+79826800670
+79826800671
+79826800672
+79826800673
+79826800674
+79826800675
+79826800676
+79826702139
+79826702605
+79826708574
+79826708889
+79826710413
+79826711263
+79826711553
+79826711841
+79826712591
+79826714173
+79122501234
+79122506237
+79122508358
+79122509578
+79122512243
+79122512267
+79122513277
+79122514187
+79122515716
+79122515806
+79122017424
+79122019898
+79122019942
+79122020590
+79122021426
+79122023418
+79122024977
+79122025461
+79122025675
+79122025985
+79827431029
+79827444801
+79827444807
+79827444813
+79827444826
+79827444834
+79827444850
+79827444853
+79827444866
+79827444914
+79126851092
+79126851259
+79126851359
+79126851399
+79126851621
+79126851643
+79126851683
+79126851853
+79126851856
+79126851859
+79826619159
+79826619230
+79826619688
+79826619746
+79826619773
+79826619774
+79826619779
+79826619787
+79826619790
+79826619802
+79193810143
+79193827968
+79193849583
+79193849727
+79193849729
+79193849816
+79193849874
+79193849906
+79193849909
+79193849913
+79827105382
+79827108603
+79827109236
+79827110265
+79827112479
+79827112537
+79827113002
+79827113327
+79827113328
+79827113367
+79126202381
+79126202392
+79126224387
+79126246856
+79126253120
+79126253196
+79126253197
+79126253224
+79126253228
+79126253238
+79122017424
+79122019898
+79122019942
+79122020590
+79122021426
+79122023418
+79122024977
+79122025461
+79122025675
+79122025985
+79193700289
+79193700492
+79193700572
+79193700587
+79193701104
+79193702273
+79193703968
+79193703976
+79193704012
+79193704020
+79126902493
+79126910769
+79126911157
+79126912001
+79126915298
+79126915628
+79126916549
+79126917551
+79126917578
+79126919065
+79126003258
+79126009476
+79126017356
+79126017880
+79126018036
+79126018155
+79126018388
+79126018980
+79126020783
+79126022664
+79826800654
+79826800665
+79826800667
+79826800670
+79826800671
+79826800672
+79826800673
+79826800674
+79826800675
+79826800676
+79827431029
+79827444801
+79827444807
+79827444813
+79827444826
+79827444834
+79827444850
+79827444853
+79827444866
+79827444914
+79826800654
+79826800665
+79826800667
+79826800670
+79826800671
+79826800672
+79826800673
+79826800674
+79826800675
+79826800676
+79827431029
+79827444801
+79827444807
+79827444813
+79827444826
+79827444834
+79827444850
+79827444853
+79827444866
+79827444914
+79122900599
+79122901383
+79122902037
+79122902534
+79122902588
+79122906075
+79122906921
+79122908313
+79122908724
+79122909598
+79122202453
+79122203064
+79122205998
+79122208760
+79122210875
+79122220835
+79122224253
+79122225939
+79122226402
+79122226514
+79122621691
+79122645793
+79122645839
+79122645876
+79122645893
+79122645984
+79122646018
+79122646122
+79122646184
+79122646196
+79826303505
+79826305313
+79826306810
+79826306813
+79826308610
+79826309346
+79826309978
+79826310162
+79826311820
+79826312808
+79122323817
+79122323942
+79122323944
+79122324034
+79122324956
+79122325472
+79122325787
+79122326414
+79122326513
+79122327063
+79193602376
+79193602656
+79193602980
+79193609313
+79193612628
+79193613652
+79193614558
+79193616360
+79193617105
+79193617204
+79827602545
+79827604324
+79827604964
+79827605185
+79827605188
+79827605280
+79827606097
+79827606849
+79827608585
+79827609148
+79122418084
+79122429810
+79122444689
+79122460769
+79122463313
+79122466558
+79122466796
+79122466837
+79122467102
+79122467349
+79122108264
+79122108943
+79122110349
+79122111472
+79122111805
+79122111937
+79122112865
+79122114261
+79122115296
+79122117798
+79826103591
+79826104624
+79826104668
+79826104718
+79826105638
+79826105925
+79826109802
+79826111022
+79826111291
+79826111296
+79826400268
+79826400575
+79826400609
+79826400639
+79826400709
+79826400726
+79826400778
+79826400850
+79826400890
+79826400991
+79826503171
+79826503217
+79826503237
+79826503258
+79826503277
+79826503316
+79826503325
+79826503327
+79826503328
+79826503352
+79126305145
+79126305180
+79126305197
+79126308407
+79126310609
+79126311185
+79126318720
+79126320107
+79126323638
+79126323640
+79826503171
+79826503217
+79826503237
+79826503258
+79826503277
+79826503316
+79826503325
+79826503327
+79826503328
+79826503352
+79826619159
+79826619230
+79826619688
+79826619746
+79826619773
+79826619774
+79826619779
+79826619787
+79826619790
+79826619802
+79826201939
+79826201965
+79826202147
+79826202742
+79826203513
+79826203921
+79826206708
+79826207352
+79826208715
+79826208716
+79126434351
+79126434469
+79126434476
+79126434581
+79126434582
+79126434687
+79126434753
+79126434779
+79126434832
+79126434928
+79126100353
+79126100891
+79126107553
+79126107932
+79126115987
+79126117013
+79126119972
+79126122448
+79126124019
+79126125670
+79193810143
+79193827968
+79193849583
+79193849727
+79193849729
+79193849816
+79193849874
+79193849906
+79193849909
+79193849913
+79827513582
+79827516011
+79827517938
+79827519691
+79827519709
+79827520259
+79827520358
+79827520410
+79827521610
+79827521753
+79122805703
+79122806519
+79122806947
+79122808592
+79122809207
+79122810742
+79122811149
+79122811160
+79122811164
+79122811225
+79826005540
+79826009552
+79826010897
+79826011028
+79826011753
+79826012136
+79826012162
+79826012517
+79826012961
+79826012974
+79122501234
+79122506237
+79122508358
+79122509578
+79122512243
+79122512267
+79122513277
+79122514187
+79122515716
+79122515806
+79122805703
+79122806519
+79122806947
+79122808592
+79122809207
+79122810742
+79122811149
+79122811160
+79122811164
+79122811225
+79826900016
+79826900657
+79826905122
+79826905124
+79826905156
+79826905157
+79826905163
+79826905180
+79826905209
+79826905213
+79827602545
+79827604324
+79827604964
+79827605185
+79827605188
+79827605280
+79827606097
+79827606849
+79827608585
+79827609148
+79122621691
+79122645793
+79122645839
+79122645876
+79122645893
+79122645984
+79122646018
+79122646122
+79122646184
+79122646196
+79827333740
+79827334057
+79827334088
+79827334519
+79827334711
+79827335172
+79827335243
+79827335657
+79827335957
+79827335978
+79122323817
+79122323942
+79122323944
+79122324034
+79122324956
+79122325472
+79122325787
+79122326414
+79122326513
+79122327063
+79826800654
+79826800665
+79826800667
+79826800670
+79826800671
+79826800672
+79826800673
+79826800674
+79826800675
+79826800676
+79120400883
+79120403853
+79120405336
+79120405431
+79120405469
+79120405627
+79120405648
+79120405676
+79120405732
+79120405998
+79193900530
+79193903793
+79193903829
+79193903833
+79193903839
+79193903859
+79193903902
+79193903924
+79193903951
+79193903960
+79826503171
+79826503217
+79826503237
+79826503258
+79826503277
+79826503316
+79826503325
+79826503327
+79826503328
+79826503352
+79827007286
+79827016964
+79827019431
+79827019806
+79827019824
+79827020688
+79827021253
+79827021401
+79827021411
+79827022335
+79126202381
+79126202392
+79126224387
+79126246856
+79126253120
+79126253196
+79126253197
+79126253224
+79126253228
+79126253238
+79122202453
+79122203064
+79122205998
+79122208760
+79122210875
+79122220835
+79122224253
+79122225939
+79122226402
+79122226514
+79826400268
+79826400575
+79826400609
+79826400639
+79826400709
+79826400726
+79826400778
+79826400850
+79826400890
+79826400991
+79126305145
+79126305180
+79126305197
+79126308407
+79126310609
+79126311185
+79126318720
+79126320107
+79126323638
+79126323640
+79826702139
+79826702605
+79826708574
+79826708889
+79826710413
+79826711263
+79826711553
+79826711841
+79826712591
+79826714173
+79126100353
+79126100891
+79126107553
+79126107932
+79126115987
+79126117013
+79126119972
+79126122448
+79126124019
+79126125670
+79122202453
+79122203064
+79122205998
+79122208760
+79122210875
+79122220835
+79122224253
+79122225939
+79122226402
+79122226514
+79826619159
+79826619230
+79826619688
+79826619746
+79826619773
+79826619774
+79826619779
+79826619787
+79826619790
+79826619802
+79126100353
+79126100891
+79126107553
+79126107932
+79126115987
+79126117013
+79126119972
+79126122448
+79126124019
+79126125670
+79193700289
+79193700492
+79193700572
+79193700587
+79193701104
+79193702273
+79193703968
+79193703976
+79193704012
+79193704020
+79826800654
+79826800665
+79826800667
+79826800670
+79826800671
+79826800672
+79826800673
+79826800674
+79826800675
+79826800676
+79126851092
+79126851259
+79126851359
+79126851399
+79126851621
+79126851643
+79126851683
+79126851853
+79126851856
+79126851859
+79126003258
+79126009476
+79126017356
+79126017880
+79126018036
+79126018155
+79126018388
+79126018980
+79126020783
+79126022664
+79122418084
+79122429810
+79122444689
+79122460769
+79122463313
+79122466558
+79122466796
+79122466837
+79122467102
+79122467349
+79826201939
+79826201965
+79826202147
+79826202742
+79826203513
+79826203921
+79826206708
+79826207352
+79826208715
+79826208716
+79126902493
+79126910769
+79126911157
+79126912001
+79126915298
+79126915628
+79126916549
+79126917551
+79126917578
+79126919065
+79122323817
+79122323942
+79122323944
+79122324034
+79122324956
+79122325472
+79122325787
+79122326414
+79122326513
+79122327063
+79120305465
+79120320278
+79120364662
+79120379680
+79120379987
+79120382534
+79120383139
+79120383187
+79120383253
+79120383948
+79193900530
+79193903793
+79193903829
+79193903833
+79193903839
+79193903859
+79193903902
+79193903924
+79193903951
+79193903960
+79826103591
+79826104624
+79826104668
+79826104718
+79826105638
+79826105925
+79826109802
+79826111022
+79826111291
+79826111296
+79126902493
+79126910769
+79126911157
+79126912001
+79126915298
+79126915628
+79126916549
+79126917551
+79126917578
+79126919065
+79827431029
+79827444801
+79827444807
+79827444813
+79827444826
+79827444834
+79827444850
+79827444853
+79827444866
+79827444914
+79120305465
+79120320278
+79120364662
+79120379680
+79120379987
+79120382534
+79120383139
+79120383187
+79120383253
+79120383948
+79126305145
+79126305180
+79126305197
+79126308407
+79126310609
+79126311185
+79126318720
+79126320107
+79126323638
+79126323640
+79122900599
+79122901383
+79122902037
+79122902534
+79122902588
+79122906075
+79122906921
+79122908313
+79122908724
+79122909598
+79122017424
+79122019898
+79122019942
+79122020590
+79122021426
+79122023418
+79122024977
+79122025461
+79122025675
+79122025985
+79122418084
+79122429810
+79122444689
+79122460769
+79122463313
+79122466558
+79122466796
+79122466837
+79122467102
+79122467349
+79122501234
+79122506237
+79122508358
+79122509578
+79122512243
+79122512267
+79122513277
+79122514187
+79122515716
+79122515806
+79827513582
+79827516011
+79827517938
+79827519691
+79827519709
+79827520259
+79827520358
+79827520410
+79827521610
+79827521753
+79827333740
+79827334057
+79827334088
+79827334519
+79827334711
+79827335172
+79827335243
+79827335657
+79827335957
+79827335978
+79126305145
+79126305180
+79126305197
+79126308407
+79126310609
+79126311185
+79126318720
+79126320107
+79126323638
+79126323640
+79122900599
+79122901383
+79122902037
+79122902534
+79122902588
+79122906075
+79122906921
+79122908313
+79122908724
+79122909598
+79120516468
+79120529664
+79122017424
+79122019898
+79122019942
+79122020590
+79122021426
+79122023418
+79122024977
+79122025461
+79193810143
+79193827968
+79193849583
+79193849727
+79193849729
+79193849816
+79193849874
+79193849906
+79193849909
+79193849913
+79826103591
+79826104624
+79826104668
+79826104718
+79826105638
+79826105925
+79826109802
+79826111022
+79826111291
+79826111296
+79126100353
+79126100891
+79126107553
+79126107932
+79126115987
+79126117013
+79126119972
+79126122448
+79126124019
+79126125670
+79122501234
+79122506237
+79122508358
+79122509578
+79122512243
+79122512267
+79122513277
+79122514187
+79122515716
+79122515806
+79827200501
+79827200745
+79827201149
+79827202937
+79827202960
+79827204285
+79827211378
+79827211855
+79827212423
+79827213235
+79122621691
+79122645793
+79122645839
+79122645876
+79122645893
+79122645984
+79122646018
+79122646122
+79122646184
+79122646196
+79826005540
+79826009552
+79826010897
+79826011028
+79826011753
+79826012136
+79826012162
+79826012517
+79826012961
+79826012974
+79122501234
+79122506237
+79122508358
+79122509578
+79122512243
+79122512267
+79122513277
+79122514187
+79122515716
+79122515806
+79126700157
+79126702935
+79126704309
+79126705149
+79126707628
+79126709839
+79126712357
+79126712546
+79126713015
+79126713588
+79193700289
+79193700492
+79193700572
+79193700587
+79193701104
+79193702273
+79193703968
+79193703976
+79193704012
+79193704020
+79122108264
+79122108943
+79122110349
+79122111472
+79122111805
+79122111937
+79122112865
+79122114261
+79122115296
+79122117798
+79827431029
+79827444801
+79827444807
+79827444813
+79827444826
+79827444834
+79827444850
+79827444853
+79827444866
+79827444914
+79122108264
+79122108943
+79122110349
+79122111472
+79122111805
+79122111937
+79122112865
+79122114261
+79122115296
+79122117798
+79826005540
+79826009552
+79826010897
+79826011028
+79826011753
+79826012136
+79826012162
+79826012517
+79826012961
+79826012974
+79827513582
+79827516011
+79827517938
+79827519691
+79827519709
+79827520259
+79827520358
+79827520410
+79827521610
+79827521753
+79126500097
+79126505972
+79126515492
+79126540695
+79126542319
+79126542474
+79126543551
+79126548414
+79126548417
+79126548452
+79120400883
+79120403853
+79120405336
+79120405431
+79120405469
+79120405627
+79120405648
+79120405676
+79120405732
+79120405998
+79826702139
+79826702605
+79826708574
+79826708889
+79826710413
+79826711263
+79826711553
+79826711841
+79826712591
+79826714173
+79122621691
+79122645793
+79122645839
+79122645876
+79122645893
+79122645984
+79122646018
+79122646122
+79122646184
+79122646196
+79826503171
+79826503217
+79826503237
+79826503258
+79826503277
+79826503316
+79826503325
+79826503327
+79826503328
+79826503352
+79827200501
+79827200745
+79827201149
+79827202937
+79827202960
+79827204285
+79827211378
+79827211855
+79827212423
+79827213235
+79122621691
+79122645793
+79122645839
+79122645876
+79122645893
+79122645984
+79122646018
+79122646122
+79122646184
+79122646196
+79193810143
+79193827968
+79193849583
+79193849727
+79193849729
+79193849816
+79193849874
+79193849906
+79193849909
+79193849913
+79826303505
+79826305313
+79826306810
+79826306813
+79826308610
+79826309346
+79826309978
+79826310162
+79826311820
+79826312808
+79122202453
+79122203064
+79122205998
+79122208760
+79122210875
+79122220835
+79122224253
+79122225939
+79122226402
+79122226514
+79826800654
+79826800665
+79826800667
+79826800670
+79826800671
+79826800672
+79826800673
+79826800674
+79826800675
+79826800676
+79122108264
+79122108943
+79122110349
+79122111472
+79122111805
+79122111937
+79122112865
+79122114261
+79122115296
+79122117798
+79126851092
+79126851259
+79126851359
+79126851399
+79126851621
+79126851643
+79126851683
+79126851853
+79126851856
+79126851859
+79126305145
+79126305180
+79126305197
+79126308407
+79126310609
+79126311185
+79126318720
+79126320107
+79126323638
+79126323640
+79826503171
+79826503217
+79826503237
+79826503258
+79826503277
+79826503316
+79826503325
+79826503327
+79826503328
+79826503352
+79827200501
+79827200745
+79827201149
+79827202937
+79827202960
+79827204285
+79827211378
+79827211855
+79827212423
+79827213235
+79826503171
+79826503217
+79826503237
+79826503258
+79826503277
+79826503316
+79826503325
+79826503327
+79826503328
+79826503352
+79826201939
+79826201965
+79826202147
+79826202742
+79826203513
+79826203921
+79826206708
+79826207352
+79826208715
+79826208716
+79122621691
+79122645793
+79122645839
+79122645876
+79122645893
+79122645984
+79122646018
+79122646122
+79122646184
+79122646196
+79826303505
+79826305313
+79826306810
+79826306813
+79826308610
+79826309346
+79826309978
+79826310162
+79826311820
+79826312808
+79826005540
+79826009552
+79826010897
+79826011028
+79826011753
+79826012136
+79826012162
+79826012517
+79826012961
+79826012974
+79126434351
+79126434469
+79126434476
+79126434581
+79126434582
+79126434687
+79126434753
+79126434779
+79126434832
+79126434928
+79826900016
+79826900657
+79826905122
+79826905124
+79826905156
+79826905157
+79826905163
+79826905180
+79826905209
+79826905213
+79126851092
+79126851259
+79126851359
+79126851399
+79126851621
+79126851643
+79126851683
+79126851853
+79126851856
+79126851859
+79120305465
+79120320278
+79120364662
+79120379680
+79120379987
+79120382534
+79120383139
+79120383187
+79120383253
+79120383948
+79826400268
+79826400575
+79826400609
+79826400639
+79826400709
+79826400726
+79826400778
+79826400850
+79826400890
+79826400991
+79122900599
+79122901383
+79122902037
+79122902534
+79122902588
+79122906075
+79122906921
+79122908313
+79122908724
+79122909598
+79827105382
+79827108603
+79827109236
+79827110265
+79827112479
+79827112537
+79827113002
+79827113327
+79827113328
+79827113367
+79120305465
+79120320278
+79120364662
+79120379680
+79120379987
+79120382534
+79120383139
+79120383187
+79120383253
+79120383948
+79122202453
+79122203064
+79122205998
+79122208760
+79122210875
+79122220835
+79122224253
+79122225939
+79122226402
+79122226514
+79126434351
+79126434469
+79126434476
+79126434581
+79126434582
+79126434687
+79126434753
+79126434779
+79126434832
+79126434928
+79826400268
+79826400575
+79826400609
+79826400639
+79826400709
+79826400726
+79826400778
+79826400850
+79826400890
+79826400991
+79827602545
+79827604324
+79827604964
+79827605185
+79827605188
+79827605280
+79827606097
+79827606849
+79827608585
+79827609148
+79126434351
+79126434469
+79126434476
+79126434581
+79126434582
+79126434687
+79126434753
+79126434779
+79126434832
+79126434928
+79126434351
+79126434469
+79126434476
+79126434581
+79126434582
+79126434687
+79126434753
+79126434779
+79126434832
+79126434928
+79193602376
+79193602656
+79193602980
+79193609313
+79193612628
+79193613652
+79193614558
+79193616360
+79193617105
+79193617204
+79827513582
+79827516011
+79827517938
+79827519691
+79827519709
+79827520259
+79827520358
+79827520410
+79827521610
+79827521753
+79826201939
+79826201965
+79826202147
+79826202742
+79826203513
+79826203921
+79826206708
+79826207352
+79826208715
+79826208716
+79826619159
+79826619230
+79826619688
+79826619746
+79826619773
+79826619774
+79826619779
+79826619787
+79826619790
+79826619802
+79193810143
+79193827968
+79193849583
+79193849727
+79193849729
+79193849816
+79193849874
+79193849906
+79193849909
+79193849913
+79122323817
+79122323942
+79122323944
+79122324034
+79122324956
+79122325472
+79122325787
+79122326414
+79122326513
+79122327063
+79126851092
+79126851259
+79126851359
+79126851399
+79126851621
+79126851643
+79126851683
+79126851853
+79126851856
+79126851859
+79826201939
+79826201965
+79826202147
+79826202742
+79826203513
+79826203921
+79826206708
+79826207352
+79826208715
+79826208716
+79120400883
+79120403853
+79120405336
+79120405431
+79120405469
+79120405627
+79120405648
+79120405676
+79120405732
+79120405998
+79193810143
+79193827968
+79193849583
+79193849727
+79193849729
+79193849816
+79193849874
+79193849906
+79193849909
+79193849913
+79122323817
+79122323942
+79122323944
+79122324034
+79122324956
+79122325472
+79122325787
+79122326414
+79122326513
+79122327063
+79827333740
+79827334057
+79827334088
+79827334519
+79827334711
+79827335172
+79827335243
+79827335657
+79827335957
+79827335978
+79827333740
+79827334057
+79827334088
+79827334519
+79827334711
+79827335172
+79827335243
+79827335657
+79827335957
+79827335978
+79122805703
+79122806519
+79122806947
+79122808592
+79122809207
+79122810742
+79122811149
+79122811160
+79122811164
+79122811225
+79827513582
+79827516011
+79827517938
+79827519691
+79827519709
+79827520259
+79827520358
+79827520410
+79827521610
+79827521753
+79826800654
+79826800665
+79826800667
+79826800670
+79826800671
+79826800672
+79826800673
+79826800674
+79826800675
+79826800676
+79826503171
+79826503217
+79826503237
+79826503258
+79826503277
+79826503316
+79826503325
+79826503327
+79826503328
+79826503352
+79826503171
+79826503217
+79826503237
+79826503258
+79826503277
+79826503316
+79826503325
+79826503327
+79826503328
+79826503352
+79827105382
+79827108603
+79827109236
+79827110265
+79827112479
+79827112537
+79827113002
+79827113327
+79827113328
+79827113367
+79827333740
+79827334057
+79827334088
+79827334519
+79827334711
+79827335172
+79827335243
+79827335657
+79827335957
+79827335978
+79193900530
+79193903793
+79193903829
+79193903833
+79193903839
+79193903859
+79193903902
+79193903924
+79193903951
+79193903960
+79826900016
+79826900657
+79826905122
+79826905124
+79826905156
+79826905157
+79826905163
+79826905180
+79826905209
+79826905213
+79122017424
+79122019898
+79122019942
+79122020590
+79122021426
+79122023418
+79122024977
+79122025461
+79122025675
+79122025985
+79826800654
+79826800665
+79826800667
+79826800670
+79826800671
+79826800672
+79826800673
+79826800674
+79826800675
+79826800676
+79826005540
+79826009552
+79826010897
+79826011028
+79826011753
+79826012136
+79826012162
+79826012517
+79826012961
+79826012974
+79120516468
+79120529664
+79826201939
+79826201965
+79826202147
+79826202742
+79826203513
+79826203921
+79826206708
+79826207352
+79126305145
+79126305180
+79126305197
+79126308407
+79126310609
+79126311185
+79126318720
+79126320107
+79126323638
+79126323640
+79826303505
+79826305313
+79826306810
+79826306813
+79826308610
+79826309346
+79826309978
+79826310162
+79826311820
+79826312808
+79126902493
+79126910769
+79126911157
+79126912001
+79126915298
+79126915628
+79126916549
+79126917551
+79126917578
+79126919065
+79826619159
+79826619230
+79826619688
+79826619746
+79826619773
+79826619774
+79826619779
+79826619787
+79826619790
+79826619802
+79826900016
+79826900657
+79826905122
+79826905124
+79826905156
+79826905157
+79826905163
+79826905180
+79826905209
+79826905213
+79826400268
+79826400575
+79826400609
+79826400639
+79826400709
+79826400726
+79826400778
+79826400850
+79826400890
+79826400991
+79827431029
+79827444801
+79827444807
+79827444813
+79827444826
+79827444834
+79827444850
+79827444853
+79827444866
+79827444914
+79122202453
+79122203064
+79122205998
+79122208760
+79122210875
+79122220835
+79122224253
+79122225939
+79122226402
+79122226514
+79193900530
+79193903793
+79193903829
+79193903833
+79193903839
+79193903859
+79193903902
+79193903924
+79193903951
+79193903960
+79120305465
+79120320278
+79120364662
+79120379680
+79120379987
+79120382534
+79120383139
+79120383187
+79120383253
+79120383948
+79122900599
+79122901383
+79122902037
+79122902534
+79122902588
+79122906075
+79122906921
+79122908313
+79122908724
+79122909598
+79122805703
+79122806519
+79122806947
+79122808592
+79122809207
+79122810742
+79122811149
+79122811160
+79122811164
+79122811225
+79120516468
+79120529664
+79122017424
+79122019898
+79122019942
+79122020590
+79122021426
+79122023418
+79122024977
+79122025461
+79122501234
+79122506237
+79122508358
+79122509578
+79122512243
+79122512267
+79122513277
+79122514187
+79122515716
+79122515806
+79122501234
+79122506237
+79122508358
+79122509578
+79122512243
+79122512267
+79122513277
+79122514187
+79122515716
+79122515806
+79827431029
+79827444801
+79827444807
+79827444813
+79827444826
+79827444834
+79827444850
+79827444853
+79827444866
+79827444914
+79826800654
+79826800665
+79826800667
+79826800670
+79826800671
+79826800672
+79826800673
+79826800674
+79826800675
+79826800676
+79827105382
+79827108603
+79827109236
+79827110265
+79827112479
+79827112537
+79827113002
+79827113327
+79827113328
+79827113367
+79827431029
+79827444801
+79827444807
+79827444813
+79827444826
+79827444834
+79827444850
+79827444853
+79827444866
+79827444914
+79122418084
+79122429810
+79122444689
+79122460769
+79122463313
+79122466558
+79122466796
+79122466837
+79122467102
+79122467349
+79827200501
+79827200745
+79827201149
+79827202937
+79827202960
+79827204285
+79827211378
+79827211855
+79827212423
+79827213235
+79826800654
+79826800665
+79826800667
+79826800670
+79826800671
+79826800672
+79826800673
+79826800674
+79826800675
+79826800676
+79122323817
+79122323942
+79122323944
+79122324034
+79122324956
+79122325472
+79122325787
+79122326414
+79122326513
+79122327063
+79126851092
+79126851259
+79126851359
+79126851399
+79126851621
+79126851643
+79126851683
+79126851853
+79126851856
+79126851859
+79826900016
+79826900657
+79826905122
+79826905124
+79826905156
+79826905157
+79826905163
+79826905180
+79826905209
+79826905213
+79122900599
+79122901383
+79122902037
+79122902534
+79122902588
+79122906075
+79122906921
+79122908313
+79122908724
+79122909598
+79126003258
+79126009476
+79126017356
+79126017880
+79126018036
+79126018155
+79126018388
+79126018980
+79126020783
+79126022664
+79122202453
+79122203064
+79122205998
+79122208760
+79122210875
+79122220835
+79122224253
+79122225939
+79122226402
+79122226514
+79126003258
+79126009476
+79126017356
+79126017880
+79126018036
+79126018155
+79126018388
+79126018980
+79126020783
+79126022664
+79827431029
+79827444801
+79827444807
+79827444813
+79827444826
+79827444834
+79827444850
+79827444853
+79827444866
+79827444914
+79122202453
+79122203064
+79122205998
+79122208760
+79122210875
+79122220835
+79122224253
+79122225939
+79122226402
+79122226514
+79193602376
+79193602656
+79193602980
+79193609313
+79193612628
+79193613652
+79193614558
+79193616360
+79193617105
+79193617204
+79827200501
+79827200745
+79827201149
+79827202937
+79827202960
+79827204285
+79827211378
+79827211855
+79827212423
+79827213235
+79126851092
+79126851259
+79126851359
+79126851399
+79126851621
+79126851643
+79126851683
+79126851853
+79126851856
+79126851859
+79122323817
+79122323942
+79122323944
+79122324034
+79122324956
+79122325472
+79122325787
+79122326414
+79122326513
+79122327063
+79827602545
+79827604324
+79827604964
+79827605185
+79827605188
+79827605280
+79827606097
+79827606849
+79827608585
+79827609148
+79126202381
+79126202392
+79126224387
+79126246856
+79126253120
+79126253196
+79126253197
+79126253224
+79126253228
+79126253238
+79826503171
+79826503217
+79826503237
+79826503258
+79826503277
+79826503316
+79826503325
+79826503327
+79826503328
+79826503352
+79126700157
+79126702935
+79126704309
+79126705149
+79126707628
+79126709839
+79126712357
+79126712546
+79126713015
+79126713588
+79126700157
+79126702935
+79126704309
+79126705149
+79126707628
+79126709839
+79126712357
+79126712546
+79126713015
+79126713588
+79126100353
+79126100891
+79126107553
+79126107932
+79126115987
+79126117013
+79126119972
+79126122448
+79126124019
+79126125670
+79126600521
+79126609743
+79126611273
+79126611279
+79126612945
+79126616588
+79126617421
+79126623134
+79126623147
+79126623421
+79126434351
+79126434469
+79126434476
+79126434581
+79126434582
+79126434687
+79126434753
+79126434779
+79126434832
+79126434928
+79122017424
+79122019898
+79122019942
+79122020590
+79122021426
+79122023418
+79122024977
+79122025461
+79122025675
+79122025985
+79826900016
+79826900657
+79826905122
+79826905124
+79826905156
+79826905157
+79826905163
+79826905180
+79826905209
+79826905213
+79826503171
+79826503217
+79826503237
+79826503258
+79826503277
+79826503316
+79826503325
+79826503327
+79826503328
+79826503352
+79826103591
+79826104624
+79826104668
+79826104718
+79826105638
+79826105925
+79826109802
+79826111022
+79826111291
+79826111296
+79122017424
+79122019898
+79122019942
+79122020590
+79122021426
+79122023418
+79122024977
+79122025461
+79122025675
+79122025985
+79122805703
+79122806519
+79122806947
+79122808592
+79122809207
+79122810742
+79122811149
+79122811160
+79122811164
+79122811225
+79126202381
+79126202392
+79126224387
+79126246856
+79126253120
+79126253196
+79126253197
+79126253224
+79126253228
+79126253238
+79122700638
+79122700679
+79122700733
+79122700763
+79122700822
+79122700951
+79122700964
+79122702201
+79122702653
+79122705008
+79826702139
+79826702605
+79826708574
+79826708889
+79826710413
+79826711263
+79826711553
+79826711841
+79826712591
+79826714173
+79126434351
+79126434469
+79126434476
+79126434581
+79126434582
+79126434687
+79126434753
+79126434779
+79126434832
+79126434928
+79126100353
+79126100891
+79126107553
+79126107932
+79126115987
+79126117013
+79126119972
+79126122448
+79126124019
+79126125670
+79122621691
+79122645793
+79122645839
+79122645876
+79122645893
+79122645984
+79122646018
+79122646122
+79122646184
+79122646196
+79193700289
+79193700492
+79193700572
+79193700587
+79193701104
+79193702273
+79193703968
+79193703976
+79193704012
+79193704020
+79827431029
+79827444801
+79827444807
+79827444813
+79827444826
+79827444834
+79827444850
+79827444853
+79827444866
+79827444914
+79122900599
+79122901383
+79122902037
+79122902534
+79122902588
+79122906075
+79122906921
+79122908313
+79122908724
+79122909598
+79827333740
+79827334057
+79827334088
+79827334519
+79827334711
+79827335172
+79827335243
+79827335657
+79827335957
+79827335978
+79122418084
+79122429810
+79122444689
+79122460769
+79122463313
+79122466558
+79122466796
+79122466837
+79122467102
+79122467349
+79120400883
+79120403853
+79120405336
+79120405431
+79120405469
+79120405627
+79120405648
+79120405676
+79120405732
+79120405998
+79193900530
+79193903793
+79193903829
+79193903833
+79193903839
+79193903859
+79193903902
+79193903924
+79193903951
+79193903960
+79826303505
+79826305313
+79826306810
+79826306813
+79826308610
+79826309346
+79826309978
+79826310162
+79826311820
+79826312808
+79826503171
+79826503217
+79826503237
+79826503258
+79826503277
+79826503316
+79826503325
+79826503327
+79826503328
+79826503352
+79122501234
+79122506237
+79122508358
+79122509578
+79122512243
+79122512267
+79122513277
+79122514187
+79122515716
+79122515806
+79126305145
+79126305180
+79126305197
+79126308407
+79126310609
+79126311185
+79126318720
+79126320107
+79126323638
+79126323640
+79120516468
+79120529664
+79122418084
+79122429810
+79122444689
+79122460769
+79122463313
+79122466558
+79122466796
+79122466837
+79126700157
+79126702935
+79126704309
+79126705149
+79126707628
+79126709839
+79126712357
+79126712546
+79126713015
+79126713588
+79826800654
+79826800665
+79826800667
+79826800670
+79826800671
+79826800672
+79826800673
+79826800674
+79826800675
+79826800676
+79122202453
+79122203064
+79122205998
+79122208760
+79122210875
+79122220835
+79122224253
+79122225939
+79122226402
+79122226514
+79126434351
+79126434469
+79126434476
+79126434581
+79126434582
+79126434687
+79126434753
+79126434779
+79126434832
+79126434928
+79120516468
+79120529664
+79126902493
+79126910769
+79126911157
+79126912001
+79126915298
+79126915628
+79126916549
+79126917551
+79826103591
+79826104624
+79826104668
+79826104718
+79826105638
+79826105925
+79826109802
+79826111022
+79826111291
+79826111296
+79826702139
+79826702605
+79826708574
+79826708889
+79826710413
+79826711263
+79826711553
+79826711841
+79826712591
+79826714173
+79193700289
+79193700492
+79193700572
+79193700587
+79193701104
+79193702273
+79193703968
+79193703976
+79193704012
+79193704020
+79826005540
+79826009552
+79826010897
+79826011028
+79826011753
+79826012136
+79826012162
+79826012517
+79826012961
+79826012974
+79827513582
+79827516011
+79827517938
+79827519691
+79827519709
+79827520259
+79827520358
+79827520410
+79827521610
+79827521753
+79826103591
+79826104624
+79826104668
+79826104718
+79826105638
+79826105925
+79826109802
+79826111022
+79826111291
+79826111296
+79122108264
+79122108943
+79122110349
+79122111472
+79122111805
+79122111937
+79122112865
+79122114261
+79122115296
+79122117798
+79126600521
+79126609743
+79126611273
+79126611279
+79126612945
+79126616588
+79126617421
+79126623134
+79126623147
+79126623421
+79826800654
+79826800665
+79826800667
+79826800670
+79826800671
+79826800672
+79826800673
+79826800674
+79826800675
+79826800676
+79126305145
+79126305180
+79126305197
+79126308407
+79126310609
+79126311185
+79126318720
+79126320107
+79126323638
+79126323640
+79122700638
+79122700679
+79122700733
+79122700763
+79122700822
+79122700951
+79122700964
+79122702201
+79122702653
+79122705008
+79122202453
+79122203064
+79122205998
+79122208760
+79122210875
+79122220835
+79122224253
+79122225939
+79122226402
+79122226514
+79126003258
+79126009476
+79126017356
+79126017880
+79126018036
+79126018155
+79126018388
+79126018980
+79126020783
+79126022664
+79827431029
+79827444801
+79827444807
+79827444813
+79827444826
+79827444834
+79827444850
+79827444853
+79827444866
+79827444914
+79193810143
+79193827968
+79193849583
+79193849727
+79193849729
+79193849816
+79193849874
+79193849906
+79193849909
+79193849913
+79826303505
+79826305313
+79826306810
+79826306813
+79826308610
+79826309346
+79826309978
+79826310162
+79826311820
+79826312808
+79122805703
+79122806519
+79122806947
+79122808592
+79122809207
+79122810742
+79122811149
+79122811160
+79122811164
+79122811225
+79120400883
+79120403853
+79120405336
+79120405431
+79120405469
+79120405627
+79120405648
+79120405676
+79120405732
+79120405998
+79826619159
+79826619230
+79826619688
+79826619746
+79826619773
+79826619774
+79826619779
+79826619787
+79826619790
+79826619802
+79122202453
+79122203064
+79122205998
+79122208760
+79122210875
+79122220835
+79122224253
+79122225939
+79122226402
+79122226514
+79826201939
+79826201965
+79826202147
+79826202742
+79826203513
+79826203921
+79826206708
+79826207352
+79826208715
+79826208716
+79122700638
+79122700679
+79122700733
+79122700763
+79122700822
+79122700951
+79122700964
+79122702201
+79122702653
+79122705008
+79126003258
+79126009476
+79126017356
+79126017880
+79126018036
+79126018155
+79126018388
+79126018980
+79126020783
+79126022664
+79827602545
+79827604324
+79827604964
+79827605185
+79827605188
+79827605280
+79827606097
+79827606849
+79827608585
+79827609148
+79826800654
+79826800665
+79826800667
+79826800670
+79826800671
+79826800672
+79826800673
+79826800674
+79826800675
+79826800676
+79122700638
+79122700679
+79122700733
+79122700763
+79122700822
+79122700951
+79122700964
+79122702201
+79122702653
+79122705008
+79126500097
+79126505972
+79126515492
+79126540695
+79126542319
+79126542474
+79126543551
+79126548414
+79126548417
+79126548452
+79826103591
+79826104624
+79826104668
+79826104718
+79826105638
+79826105925
+79826109802
+79826111022
+79826111291
+79826111296
+79826900016
+79826900657
+79826905122
+79826905124
+79826905156
+79826905157
+79826905163
+79826905180
+79826905209
+79826905213
+79122621691
+79122645793
+79122645839
+79122645876
+79122645893
+79122645984
+79122646018
+79122646122
+79122646184
+79122646196
+79126700157
+79126702935
+79126704309
+79126705149
+79126707628
+79126709839
+79126712357
+79126712546
+79126713015
+79126713588
+79126305145
+79126305180
+79126305197
+79126308407
+79126310609
+79126311185
+79126318720
+79126320107
+79126323638
+79126323640
+79826503171
+79826503217
+79826503237
+79826503258
+79826503277
+79826503316
+79826503325
+79826503327
+79826503328
+79826503352
+79126500097
+79126505972
+79126515492
+79126540695
+79126542319
+79126542474
+79126543551
+79126548414
+79126548417
+79126548452
+79122202453
+79122203064
+79122205998
+79122208760
+79122210875
+79122220835
+79122224253
+79122225939
+79122226402
+79122226514
+79193810143
+79193827968
+79193849583
+79193849727
+79193849729
+79193849816
+79193849874
+79193849906
+79193849909
+79193849913
+79826800654
+79826800665
+79826800667
+79826800670
+79826800671
+79826800672
+79826800673
+79826800674
+79826800675
+79826800676
+79193602376
+79193602656
+79193602980
+79193609313
+79193612628
+79193613652
+79193614558
+79193616360
+79193617105
+79193617204
+79126500097
+79126505972
+79126515492
+79126540695
+79126542319
+79126542474
+79126543551
+79126548414
+79126548417
+79126548452
+79827007286
+79827016964
+79827019431
+79827019806
+79827019824
+79827020688
+79827021253
+79827021401
+79827021411
+79827022335
+79126434351
+79126434469
+79126434476
+79126434581
+79126434582
+79126434687
+79126434753
+79126434779
+79126434832
+79126434928
+79122805703
+79122806519
+79122806947
+79122808592
+79122809207
+79122810742
+79122811149
+79122811160
+79122811164
+79122811225
+79827513582
+79827516011
+79827517938
+79827519691
+79827519709
+79827520259
+79827520358
+79827520410
+79827521610
+79827521753
+79827333740
+79827334057
+79827334088
+79827334519
+79827334711
+79827335172
+79827335243
+79827335657
+79827335957
+79827335978
+79826900016
+79826900657
+79826905122
+79826905124
+79826905156
+79826905157
+79826905163
+79826905180
+79826905209
+79826905213
+79826005540
+79826009552
+79826010897
+79826011028
+79826011753
+79826012136
+79826012162
+79826012517
+79826012961
+79826012974
+79122202453
+79122203064
+79122205998
+79122208760
+79122210875
+79122220835
+79122224253
+79122225939
+79122226402
+79122226514
+79826103591
+79826104624
+79826104668
+79826104718
+79826105638
+79826105925
+79826109802
+79826111022
+79826111291
+79826111296
+79126305145
+79126305180
+79126305197
+79126308407
+79126310609
+79126311185
+79126318720
+79126320107
+79126323638
+79126323640
+79827200501
+79827200745
+79827201149
+79827202937
+79827202960
+79827204285
+79827211378
+79827211855
+79827212423
+79827213235
+79193810143
+79193827968
+79193849583
+79193849727
+79193849729
+79193849816
+79193849874
+79193849906
+79193849909
+79193849913
+79120516468
+79120529664
+79193700289
+79193700492
+79193700572
+79193700587
+79193701104
+79193702273
+79193703968
+79193703976
+79122501234
+79122506237
+79122508358
+79122509578
+79122512243
+79122512267
+79122513277
+79122514187
+79122515716
+79122515806
+79126500097
+79126505972
+79126515492
+79126540695
+79126542319
+79126542474
+79126543551
+79126548414
+79126548417
+79126548452
+79826201939
+79826201965
+79826202147
+79826202742
+79826203513
+79826203921
+79826206708
+79826207352
+79826208715
+79826208716
+79120305465
+79120320278
+79120364662
+79120379680
+79120379987
+79120382534
+79120383139
+79120383187
+79120383253
+79120383948
+79122501234
+79122506237
+79122508358
+79122509578
+79122512243
+79122512267
+79122513277
+79122514187
+79122515716
+79122515806
+79126202381
+79126202392
+79126224387
+79126246856
+79126253120
+79126253196
+79126253197
+79126253224
+79126253228
+79126253238
+79126202381
+79126202392
+79126224387
+79126246856
+79126253120
+79126253196
+79126253197
+79126253224
+79126253228
+79126253238
+79122108264
+79122108943
+79122110349
+79122111472
+79122111805
+79122111937
+79122112865
+79122114261
+79122115296
+79122117798
+79122900599
+79122901383
+79122902037
+79122902534
+79122902588
+79122906075
+79122906921
+79122908313
+79122908724
+79122909598
+79126003258
+79126009476
+79126017356
+79126017880
+79126018036
+79126018155
+79126018388
+79126018980
+79126020783
+79126022664
+79126003258
+79126009476
+79126017356
+79126017880
+79126018036
+79126018155
+79126018388
+79126018980
+79126020783
+79126022664
+79826400268
+79826400575
+79826400609
+79826400639
+79826400709
+79826400726
+79826400778
+79826400850
+79826400890
+79826400991
+79126902493
+79126910769
+79126911157
+79126912001
+79126915298
+79126915628
+79126916549
+79126917551
+79126917578
+79126919065
