+79834402457
+79834402497
+79834402508
+79834402517
+79834402522
+79834402558
+79834402594
+79834402596
+79834402599
+79834402603
+79834100989
+79834101178
+79834101342
+79834101347
+79834101502
+79834101526
+79834101658
+79834101706
+79834101801
+79834101846
+79148800235
+79148804276
+79148804474
+79148804806
+79148805144
+79148805176
+79148805184
+79148805203
+79148805217
+79148805235
+79148701723
+79148702047
+79148702082
+79148702095
+79148702106
+79148702140
+79148702155
+79148702168
+79148702226
+79148702375
+79149302650
+79149303127
+79149303255
+79149303349
+79149303354
+79149303658
+79149304093
+79149304306
+79149304414
+79149304424
+79140043319
+79140043348
+79140043349
+79140043357
+79140043363
+79140043364
+79140043372
+79140043415
+79140043445
+79140043466
+79834402457
+79834402497
+79834402508
+79834402517
+79834402522
+79834402558
+79834402594
+79834402596
+79834402599
+79834402603
+79834100989
+79834101178
+79834101342
+79834101347
+79834101502
+79834101526
+79834101658
+79834101706
+79834101801
+79834101846
+79842701413
+79842702534
+79842702843
+79842703294
+79842703357
+79842703793
+79842704156
+79842704921
+79842705347
+79842705793
+79148701723
+79148702047
+79148702082
+79148702095
+79148702106
+79148702140
+79148702155
+79148702168
+79148702226
+79148702375
+79149106342
+79149106356
+79149106358
+79149106401
+79149106419
+79149106429
+79149106446
+79149106475
+79149106500
+79149106515
+79140101430
+79140101566
+79140101569
+79140101571
+79140101572
+79140101576
+79140101587
+79140101591
+79140101592
+79140101596
+79832400548
+79832400563
+79832400742
+79832400773
+79832400853
+79832400854
+79832400867
+79832400916
+79832400934
+79832400956
+79834002287
+79834002648
+79834003269
+79834003296
+79834003297
+79834003359
+79834003368
+79834003371
+79834003372
+79834003373
+79149204362
+79149204370
+79149204380
+79149204382
+79149204407
+79149204408
+79149204414
+79149204416
+79149204430
+79149204435
+79148901539
+79148901827
+79148901928
+79148901963
+79148902098
+79148902483
+79148902738
+79148902763
+79148903028
+79148903062
+79842701413
+79842702534
+79842702843
+79842703294
+79842703357
+79842703793
+79842704156
+79842704921
+79842705347
+79842705793
+79149204362
+79149204370
+79149204380
+79149204382
+79149204407
+79149204408
+79149204414
+79149204416
+79149204430
+79149204435
+79149302650
+79149303127
+79149303255
+79149303349
+79149303354
+79149303658
+79149304093
+79149304306
+79149304414
+79149304424
+79149507171
+79149507196
+79149507222
+79149507236
+79149507277
+79149507284
+79149507293
+79149507299
+79149507318
+79149507335
+79140101430
+79140101566
+79140101569
+79140101571
+79140101572
+79140101576
+79140101587
+79140101591
+79140101592
+79140101596
+79834002287
+79834002648
+79834003269
+79834003296
+79834003297
+79834003359
+79834003368
+79834003371
+79834003372
+79834003373
+79832400548
+79832400563
+79832400742
+79832400773
+79832400853
+79832400854
+79832400867
+79832400916
+79832400934
+79832400956
+79149003352
+79149003354
+79149003356
+79149003361
+79149003362
+79149003367
+79149003371
+79149003372
+79149003376
+79149003381
+79834602483
+79834602537
+79834602550
+79834602554
+79834602565
+79834602573
+79834602585
+79834602589
+79834602603
+79834602608
+79834402457
+79834402497
+79834402508
+79834402517
+79834402522
+79834402558
+79834402594
+79834402596
+79834402599
+79834402603
+79834100989
+79834101178
+79834101342
+79834101347
+79834101502
+79834101526
+79834101658
+79834101706
+79834101801
+79834101846
+79834602483
+79834602537
+79834602550
+79834602554
+79834602565
+79834602573
+79834602585
+79834602589
+79834602603
+79834602608
+79149003352
+79149003354
+79149003356
+79149003361
+79149003362
+79149003367
+79149003371
+79149003372
+79149003376
+79149003381
+79149204362
+79149204370
+79149204380
+79149204382
+79149204407
+79149204408
+79149204414
+79149204416
+79149204430
+79149204435
+79148901539
+79148901827
+79148901928
+79148901963
+79148902098
+79148902483
+79148902738
+79148902763
+79148903028
+79148903062
+79149106342
+79149106356
+79149106358
+79149106401
+79149106419
+79149106429
+79149106446
+79149106475
+79149106500
+79149106515
+79842701413
+79842702534
+79842702843
+79842703294
+79842703357
+79842703793
+79842704156
+79842704921
+79842705347
+79842705793
+79148701723
+79148702047
+79148702082
+79148702095
+79148702106
+79148702140
+79148702155
+79148702168
+79148702226
+79148702375
+79832400548
+79832400563
+79832400742
+79832400773
+79832400853
+79832400854
+79832400867
+79832400916
+79832400934
+79832400956
+79148701723
+79148702047
+79148702082
+79148702095
+79148702106
+79148702140
+79148702155
+79148702168
+79148702226
+79148702375
+79140043319
+79140043348
+79140043349
+79140043357
+79140043363
+79140043364
+79140043372
+79140043415
+79140043445
+79140043466
+79149507171
+79149507196
+79149507222
+79149507236
+79149507277
+79149507284
+79149507293
+79149507299
+79149507318
+79149507335
+79148701723
+79148702047
+79148702082
+79148702095
+79148702106
+79148702140
+79148702155
+79148702168
+79148702226
+79148702375
+79140043319
+79140043348
+79140043349
+79140043357
+79140043363
+79140043364
+79140043372
+79140043415
+79140043445
+79140043466
+79832400548
+79832400563
+79832400742
+79832400773
+79832400853
+79832400854
+79832400867
+79832400916
+79832400934
+79832400956
+79149402547
+79149402598
+79149402634
+79149402645
+79149402650
+79149402658
+79149402671
+79149402724
+79149402729
+79149402758
+79149507171
+79149507196
+79149507222
+79149507236
+79149507277
+79149507284
+79149507293
+79149507299
+79149507318
+79149507335
+79834602483
+79834602537
+79834602550
+79834602554
+79834602565
+79834602573
+79834602585
+79834602589
+79834602603
+79834602608
+79149204362
+79149204370
+79149204380
+79149204382
+79149204407
+79149204408
+79149204414
+79149204416
+79149204430
+79149204435
+79149204362
+79149204370
+79149204380
+79149204382
+79149204407
+79149204408
+79149204414
+79149204416
+79149204430
+79149204435
+79834602483
+79834602537
+79834602550
+79834602554
+79834602565
+79834602573
+79834602585
+79834602589
+79834602603
+79834602608
+79834402457
+79834402497
+79834402508
+79834402517
+79834402522
+79834402558
+79834402594
+79834402596
+79834402599
+79834402603
+79149302650
+79149303127
+79149303255
+79149303349
+79149303354
+79149303658
+79149304093
+79149304306
+79149304414
+79149304424
+79149106342
+79149106356
+79149106358
+79149106401
+79149106419
+79149106429
+79149106446
+79149106475
+79149106500
+79149106515
+79148800235
+79148804276
+79148804474
+79148804806
+79148805144
+79148805176
+79148805184
+79148805203
+79148805217
+79148805235
+79836904214
+79836904237
+79836904238
+79836904257
+79836904277
+79836904304
+79836904453
+79836904519
+79836904526
+79836904560
+79834402457
+79834402497
+79834402508
+79834402517
+79834402522
+79834402558
+79834402594
+79834402596
+79834402599
+79834402603
+79836904214
+79836904237
+79836904238
+79836904257
+79836904277
+79836904304
+79836904453
+79836904519
+79836904526
+79836904560
+79140043319
+79140043348
+79140043349
+79140043357
+79140043363
+79140043364
+79140043372
+79140043415
+79140043445
+79140043466
+79149003352
+79149003354
+79149003356
+79149003361
+79149003362
+79149003367
+79149003371
+79149003372
+79149003376
+79149003381
+79148701723
+79148702047
+79148702082
+79148702095
+79148702106
+79148702140
+79148702155
+79148702168
+79148702226
+79148702375
+79834402457
+79834402497
+79834402508
+79834402517
+79834402522
+79834402558
+79834402594
+79834402596
+79834402599
+79834402603
+79834100989
+79834101178
+79834101342
+79834101347
+79834101502
+79834101526
+79834101658
+79834101706
+79834101801
+79834101846
+79149302650
+79149303127
+79149303255
+79149303349
+79149303354
+79149303658
+79149304093
+79149304306
+79149304414
+79149304424
+79834602483
+79834602537
+79834602550
+79834602554
+79834602565
+79834602573
+79834602585
+79834602589
+79834602603
+79834602608
+79148800235
+79148804276
+79148804474
+79148804806
+79148805144
+79148805176
+79148805184
+79148805203
+79148805217
+79148805235
+79149003352
+79149003354
+79149003356
+79149003361
+79149003362
+79149003367
+79149003371
+79149003372
+79149003376
+79149003381
+79149106342
+79149106356
+79149106358
+79149106401
+79149106419
+79149106429
+79149106446
+79149106475
+79149106500
+79149106515
+79148701723
+79148702047
+79148702082
+79148702095
+79148702106
+79148702140
+79148702155
+79148702168
+79148702226
+79148702375
+79149003352
+79149003354
+79149003356
+79149003361
+79149003362
+79149003367
+79149003371
+79149003372
+79149003376
+79149003381
+79149003352
+79149003354
+79149003356
+79149003361
+79149003362
+79149003367
+79149003371
+79149003372
+79149003376
+79149003381
+79149204362
+79149204370
+79149204380
+79149204382
+79149204407
+79149204408
+79149204414
+79149204416
+79149204430
+79149204435
+79834602483
+79834602537
+79834602550
+79834602554
+79834602565
+79834602573
+79834602585
+79834602589
+79834602603
+79834602608
+79834602483
+79834602537
+79834602550
+79834602554
+79834602565
+79834602573
+79834602585
+79834602589
+79834602603
+79834602608
+79148701723
+79148702047
+79148702082
+79148702095
+79148702106
+79148702140
+79148702155
+79148702168
+79148702226
+79148702375
+79836904214
+79836904237
+79836904238
+79836904257
+79836904277
+79836904304
+79836904453
+79836904519
+79836904526
+79836904560
+79140043319
+79140043348
+79140043349
+79140043357
+79140043363
+79140043364
+79140043372
+79140043415
+79140043445
+79140043466
+79148901539
+79148901827
+79148901928
+79148901963
+79148902098
+79148902483
+79148902738
+79148902763
+79148903028
+79148903062
+79148901539
+79148901827
+79148901928
+79148901963
+79148902098
+79148902483
+79148902738
+79148902763
+79148903028
+79148903062
+79842701413
+79842702534
+79842702843
+79842703294
+79842703357
+79842703793
+79842704156
+79842704921
+79842705347
+79842705793
+79148800235
+79148804276
+79148804474
+79148804806
+79148805144
+79148805176
+79148805184
+79148805203
+79148805217
+79148805235
+79148701723
+79148702047
+79148702082
+79148702095
+79148702106
+79148702140
+79148702155
+79148702168
+79148702226
+79148702375
+79148901539
+79148901827
+79148901928
+79148901963
+79148902098
+79148902483
+79148902738
+79148902763
+79148903028
+79148903062
+79842701413
+79842702534
+79842702843
+79842703294
+79842703357
+79842703793
+79842704156
+79842704921
+79842705347
+79842705793
+79842701413
+79842702534
+79842702843
+79842703294
+79842703357
+79842703793
+79842704156
+79842704921
+79842705347
+79842705793
+79836904214
+79836904237
+79836904238
+79836904257
+79836904277
+79836904304
+79836904453
+79836904519
+79836904526
+79836904560
+79836904214
+79836904237
+79836904238
+79836904257
+79836904277
+79836904304
+79836904453
+79836904519
+79836904526
+79836904560
+79834402457
+79834402497
+79834402508
+79834402517
+79834402522
+79834402558
+79834402594
+79834402596
+79834402599
+79834402603
+79834602483
+79834602537
+79834602550
+79834602554
+79834602565
+79834602573
+79834602585
+79834602589
+79834602603
+79834602608
+79149106342
+79149106356
+79149106358
+79149106401
+79149106419
+79149106429
+79149106446
+79149106475
+79149106500
+79149106515
+79149402547
+79149402598
+79149402634
+79149402645
+79149402650
+79149402658
+79149402671
+79149402724
+79149402729
+79149402758
+79149204362
+79149204370
+79149204380
+79149204382
+79149204407
+79149204408
+79149204414
+79149204416
+79149204430
+79149204435
+79148800235
+79148804276
+79148804474
+79148804806
+79148805144
+79148805176
+79148805184
+79148805203
+79148805217
+79148805235
+79834402457
+79834402497
+79834402508
+79834402517
+79834402522
+79834402558
+79834402594
+79834402596
+79834402599
+79834402603
+79149003352
+79149003354
+79149003356
+79149003361
+79149003362
+79149003367
+79149003371
+79149003372
+79149003376
+79149003381
+79149003352
+79149003354
+79149003356
+79149003361
+79149003362
+79149003367
+79149003371
+79149003372
+79149003376
+79149003381
+79149204362
+79149204370
+79149204380
+79149204382
+79149204407
+79149204408
+79149204414
+79149204416
+79149204430
+79149204435
+79834402457
+79834402497
+79834402508
+79834402517
+79834402522
+79834402558
+79834402594
+79834402596
+79834402599
+79834402603
+79149507171
+79149507196
+79149507222
+79149507236
+79149507277
+79149507284
+79149507293
+79149507299
+79149507318
+79149507335
+79148800235
+79148804276
+79148804474
+79148804806
+79148805144
+79148805176
+79148805184
+79148805203
+79148805217
+79148805235
+79842701413
+79842702534
+79842702843
+79842703294
+79842703357
+79842703793
+79842704156
+79842704921
+79842705347
+79842705793
+79148901539
+79148901827
+79148901928
+79148901963
+79148902098
+79148902483
+79148902738
+79148902763
+79148903028
+79148903062
+79149204362
+79149204370
+79149204380
+79149204382
+79149204407
+79149204408
+79149204414
+79149204416
+79149204430
+79149204435
+79149507171
+79149507196
+79149507222
+79149507236
+79149507277
+79149507284
+79149507293
+79149507299
+79149507318
+79149507335
+79148701723
+79148702047
+79148702082
+79148702095
+79148702106
+79148702140
+79148702155
+79148702168
+79148702226
+79148702375
+79149106342
+79149106356
+79149106358
+79149106401
+79149106419
+79149106429
+79149106446
+79149106475
+79149106500
+79149106515
+79834402457
+79834402497
+79834402508
+79834402517
+79834402522
+79834402558
+79834402594
+79834402596
+79834402599
+79834402603
+79834602483
+79834602537
+79834602550
+79834602554
+79834602565
+79834602573
+79834602585
+79834602589
+79834602603
+79834602608
+79140043319
+79140043348
+79140043349
+79140043357
+79140043363
+79140043364
+79140043372
+79140043415
+79140043445
+79140043466
+79149507171
+79149507196
+79149507222
+79149507236
+79149507277
+79149507284
+79149507293
+79149507299
+79149507318
+79149507335
+79149204362
+79149204370
+79149204380
+79149204382
+79149204407
+79149204408
+79149204414
+79149204416
+79149204430
+79149204435
+79834002287
+79834002648
+79834003269
+79834003296
+79834003297
+79834003359
+79834003368
+79834003371
+79834003372
+79834003373
+79834602483
+79834602537
+79834602550
+79834602554
+79834602565
+79834602573
+79834602585
+79834602589
+79834602603
+79834602608
+79834100989
+79834101178
+79834101342
+79834101347
+79834101502
+79834101526
+79834101658
+79834101706
+79834101801
+79834101846
+79148901539
+79148901827
+79148901928
+79148901963
+79148902098
+79148902483
+79148902738
+79148902763
+79148903028
+79148903062
+79149204362
+79149204370
+79149204380
+79149204382
+79149204407
+79149204408
+79149204414
+79149204416
+79149204430
+79149204435
+79149003352
+79149003354
+79149003356
+79149003361
+79149003362
+79149003367
+79149003371
+79149003372
+79149003376
+79149003381
+79836904214
+79836904237
+79836904238
+79836904257
+79836904277
+79836904304
+79836904453
+79836904519
+79836904526
+79836904560
+79834002287
+79834002648
+79834003269
+79834003296
+79834003297
+79834003359
+79834003368
+79834003371
+79834003372
+79834003373
+79834002287
+79834002648
+79834003269
+79834003296
+79834003297
+79834003359
+79834003368
+79834003371
+79834003372
+79834003373
+79834002287
+79834002648
+79834003269
+79834003296
+79834003297
+79834003359
+79834003368
+79834003371
+79834003372
+79834003373
+79834602483
+79834602537
+79834602550
+79834602554
+79834602565
+79834602573
+79834602585
+79834602589
+79834602603
+79834602608
+79834002287
+79834002648
+79834003269
+79834003296
+79834003297
+79834003359
+79834003368
+79834003371
+79834003372
+79834003373
+79842701413
+79842702534
+79842702843
+79842703294
+79842703357
+79842703793
+79842704156
+79842704921
+79842705347
+79842705793
+79148701723
+79148702047
+79148702082
+79148702095
+79148702106
+79148702140
+79148702155
+79148702168
+79148702226
+79148702375
+79842701413
+79842702534
+79842702843
+79842703294
+79842703357
+79842703793
+79842704156
+79842704921
+79842705347
+79842705793
+79149507171
+79149507196
+79149507222
+79149507236
+79149507277
+79149507284
+79149507293
+79149507299
+79149507318
+79149507335
+79834402457
+79834402497
+79834402508
+79834402517
+79834402522
+79834402558
+79834402594
+79834402596
+79834402599
+79834402603
+79149302650
+79149303127
+79149303255
+79149303349
+79149303354
+79149303658
+79149304093
+79149304306
+79149304414
+79149304424
+79140043319
+79140043348
+79140043349
+79140043357
+79140043363
+79140043364
+79140043372
+79140043415
+79140043445
+79140043466
+79834002287
+79834002648
+79834003269
+79834003296
+79834003297
+79834003359
+79834003368
+79834003371
+79834003372
+79834003373
+79140043319
+79140043348
+79140043349
+79140043357
+79140043363
+79140043364
+79140043372
+79140043415
+79140043445
+79140043466
+79834100989
+79834101178
+79834101342
+79834101347
+79834101502
+79834101526
+79834101658
+79834101706
+79834101801
+79834101846
+79834402457
+79834402497
+79834402508
+79834402517
+79834402522
+79834402558
+79834402594
+79834402596
+79834402599
+79834402603
+79834602483
+79834602537
+79834602550
+79834602554
+79834602565
+79834602573
+79834602585
+79834602589
+79834602603
+79834602608
+79149106342
+79149106356
+79149106358
+79149106401
+79149106419
+79149106429
+79149106446
+79149106475
+79149106500
+79149106515
+79140101430
+79140101566
+79140101569
+79140101571
+79140101572
+79140101576
+79140101587
+79140101591
+79140101592
+79140101596
+79149204362
+79149204370
+79149204380
+79149204382
+79149204407
+79149204408
+79149204414
+79149204416
+79149204430
+79149204435
+79148701723
+79148702047
+79148702082
+79148702095
+79148702106
+79148702140
+79148702155
+79148702168
+79148702226
+79148702375
+79149003352
+79149003354
+79149003356
+79149003361
+79149003362
+79149003367
+79149003371
+79149003372
+79149003376
+79149003381
+79148701723
+79148702047
+79148702082
+79148702095
+79148702106
+79148702140
+79148702155
+79148702168
+79148702226
+79148702375
+79140043319
+79140043348
+79140043349
+79140043357
+79140043363
+79140043364
+79140043372
+79140043415
+79140043445
+79140043466
+79832400548
+79832400563
+79832400742
+79832400773
+79832400853
+79832400854
+79832400867
+79832400916
+79832400934
+79832400956
+79148800235
+79148804276
+79148804474
+79148804806
+79148805144
+79148805176
+79148805184
+79148805203
+79148805217
+79148805235
+79149402547
+79149402598
+79149402634
+79149402645
+79149402650
+79149402658
+79149402671
+79149402724
+79149402729
+79149402758
+79834002287
+79834002648
+79834003269
+79834003296
+79834003297
+79834003359
+79834003368
+79834003371
+79834003372
+79834003373
+79834402457
+79834402497
+79834402508
+79834402517
+79834402522
+79834402558
+79834402594
+79834402596
+79834402599
+79834402603
+79149003352
+79149003354
+79149003356
+79149003361
+79149003362
+79149003367
+79149003371
+79149003372
+79149003376
+79149003381
+79148901539
+79148901827
+79148901928
+79148901963
+79148902098
+79148902483
+79148902738
+79148902763
+79148903028
+79148903062
+79149106342
+79149106356
+79149106358
+79149106401
+79149106419
+79149106429
+79149106446
+79149106475
+79149106500
+79149106515
+79834602483
+79834602537
+79834602550
+79834602554
+79834602565
+79834602573
+79834602585
+79834602589
+79834602603
+79834602608
+79149003352
+79149003354
+79149003356
+79149003361
+79149003362
+79149003367
+79149003371
+79149003372
+79149003376
+79149003381
+79149302650
+79149303127
+79149303255
+79149303349
+79149303354
+79149303658
+79149304093
+79149304306
+79149304414
+79149304424
+79834002287
+79834002648
+79834003269
+79834003296
+79834003297
+79834003359
+79834003368
+79834003371
+79834003372
+79834003373
+79140101430
+79140101566
+79140101569
+79140101571
+79140101572
+79140101576
+79140101587
+79140101591
+79140101592
+79140101596
+79148800235
+79148804276
+79148804474
+79148804806
+79148805144
+79148805176
+79148805184
+79148805203
+79148805217
+79148805235
+79832400548
+79832400563
+79832400742
+79832400773
+79832400853
+79832400854
+79832400867
+79832400916
+79832400934
+79832400956
+79832400548
+79832400563
+79832400742
+79832400773
+79832400853
+79832400854
+79832400867
+79832400916
+79832400934
+79832400956
+79834602483
+79834602537
+79834602550
+79834602554
+79834602565
+79834602573
+79834602585
+79834602589
+79834602603
+79834602608
+79834602483
+79834602537
+79834602550
+79834602554
+79834602565
+79834602573
+79834602585
+79834602589
+79834602603
+79834602608
+79836904214
+79836904237
+79836904238
+79836904257
+79836904277
+79836904304
+79836904453
+79836904519
+79836904526
+79836904560
+79836904214
+79836904237
+79836904238
+79836904257
+79836904277
+79836904304
+79836904453
+79836904519
+79836904526
+79836904560
+79149204362
+79149204370
+79149204380
+79149204382
+79149204407
+79149204408
+79149204414
+79149204416
+79149204430
+79149204435
+79149302650
+79149303127
+79149303255
+79149303349
+79149303354
+79149303658
+79149304093
+79149304306
+79149304414
+79149304424
+79832400548
+79832400563
+79832400742
+79832400773
+79832400853
+79832400854
+79832400867
+79832400916
+79832400934
+79832400956
+79832400548
+79832400563
+79832400742
+79832400773
+79832400853
+79832400854
+79832400867
+79832400916
+79832400934
+79832400956
+79832400548
+79832400563
+79832400742
+79832400773
+79832400853
+79832400854
+79832400867
+79832400916
+79832400934
+79832400956
+79149402547
+79149402598
+79149402634
+79149402645
+79149402650
+79149402658
+79149402671
+79149402724
+79149402729
+79149402758
+79834402457
+79834402497
+79834402508
+79834402517
+79834402522
+79834402558
+79834402594
+79834402596
+79834402599
+79834402603
+79832400548
+79832400563
+79832400742
+79832400773
+79832400853
+79832400854
+79832400867
+79832400916
+79832400934
+79832400956
+79149204362
+79149204370
+79149204380
+79149204382
+79149204407
+79149204408
+79149204414
+79149204416
+79149204430
+79149204435
+79140101430
+79140101566
+79140101569
+79140101571
+79140101572
+79140101576
+79140101587
+79140101591
+79140101592
+79140101596
+79149302650
+79149303127
+79149303255
+79149303349
+79149303354
+79149303658
+79149304093
+79149304306
+79149304414
+79149304424
+79140043319
+79140043348
+79140043349
+79140043357
+79140043363
+79140043364
+79140043372
+79140043415
+79140043445
+79140043466
+79149003352
+79149003354
+79149003356
+79149003361
+79149003362
+79149003367
+79149003371
+79149003372
+79149003376
+79149003381
+79149003352
+79149003354
+79149003356
+79149003361
+79149003362
+79149003367
+79149003371
+79149003372
+79149003376
+79149003381
+79140101430
+79140101566
+79140101569
+79140101571
+79140101572
+79140101576
+79140101587
+79140101591
+79140101592
+79140101596
+79148901539
+79148901827
+79148901928
+79148901963
+79148902098
+79148902483
+79148902738
+79148902763
+79148903028
+79148903062
+79140101430
+79140101566
+79140101569
+79140101571
+79140101572
+79140101576
+79140101587
+79140101591
+79140101592
+79140101596
+79834100989
+79834101178
+79834101342
+79834101347
+79834101502
+79834101526
+79834101658
+79834101706
+79834101801
+79834101846
+79834402457
+79834402497
+79834402508
+79834402517
+79834402522
+79834402558
+79834402594
+79834402596
+79834402599
+79834402603
+79834602483
+79834602537
+79834602550
+79834602554
+79834602565
+79834602573
+79834602585
+79834602589
+79834602603
+79834602608
+79149402547
+79149402598
+79149402634
+79149402645
+79149402650
+79149402658
+79149402671
+79149402724
+79149402729
+79149402758
+79149003352
+79149003354
+79149003356
+79149003361
+79149003362
+79149003367
+79149003371
+79149003372
+79149003376
+79149003381
+79834402457
+79834402497
+79834402508
+79834402517
+79834402522
+79834402558
+79834402594
+79834402596
+79834402599
+79834402603
+79148901539
+79148901827
+79148901928
+79148901963
+79148902098
+79148902483
+79148902738
+79148902763
+79148903028
+79148903062
+79834002287
+79834002648
+79834003269
+79834003296
+79834003297
+79834003359
+79834003368
+79834003371
+79834003372
+79834003373
+79148701723
+79148702047
+79148702082
+79148702095
+79148702106
+79148702140
+79148702155
+79148702168
+79148702226
+79148702375
+79149204362
+79149204370
+79149204380
+79149204382
+79149204407
+79149204408
+79149204414
+79149204416
+79149204430
+79149204435
+79148901539
+79148901827
+79148901928
+79148901963
+79148902098
+79148902483
+79148902738
+79148902763
+79148903028
+79148903062
+79834402457
+79834402497
+79834402508
+79834402517
+79834402522
+79834402558
+79834402594
+79834402596
+79834402599
+79834402603
+79149302650
+79149303127
+79149303255
+79149303349
+79149303354
+79149303658
+79149304093
+79149304306
+79149304414
+79149304424
+79149402547
+79149402598
+79149402634
+79149402645
+79149402650
+79149402658
+79149402671
+79149402724
+79149402729
+79149402758
+79149003352
+79149003354
+79149003356
+79149003361
+79149003362
+79149003367
+79149003371
+79149003372
+79149003376
+79149003381
+79149003352
+79149003354
+79149003356
+79149003361
+79149003362
+79149003367
+79149003371
+79149003372
+79149003376
+79149003381
+79148800235
+79148804276
+79148804474
+79148804806
+79148805144
+79148805176
+79148805184
+79148805203
+79148805217
+79148805235
+79148901539
+79148901827
+79148901928
+79148901963
+79148902098
+79148902483
+79148902738
+79148902763
+79148903028
+79148903062
+79148800235
+79148804276
+79148804474
+79148804806
+79148805144
+79148805176
+79148805184
+79148805203
+79148805217
+79148805235
+79836904214
+79836904237
+79836904238
+79836904257
+79836904277
+79836904304
+79836904453
+79836904519
+79836904526
+79836904560
+79832400548
+79832400563
+79832400742
+79832400773
+79832400853
+79832400854
+79832400867
+79832400916
+79832400934
+79832400956
+79148901539
+79148901827
+79148901928
+79148901963
+79148902098
+79148902483
+79148902738
+79148902763
+79148903028
+79148903062
+79834602483
+79834602537
+79834602550
+79834602554
+79834602565
+79834602573
+79834602585
+79834602589
+79834602603
+79834602608
+79140101430
+79140101566
+79140101569
+79140101571
+79140101572
+79140101576
+79140101587
+79140101591
+79140101592
+79140101596
+79834100989
+79834101178
+79834101342
+79834101347
+79834101502
+79834101526
+79834101658
+79834101706
+79834101801
+79834101846
+79140101430
+79140101566
+79140101569
+79140101571
+79140101572
+79140101576
+79140101587
+79140101591
+79140101592
+79140101596
+79149507171
+79149507196
+79149507222
+79149507236
+79149507277
+79149507284
+79149507293
+79149507299
+79149507318
+79149507335
+79834100989
+79834101178
+79834101342
+79834101347
+79834101502
+79834101526
+79834101658
+79834101706
+79834101801
+79834101846
+79149204362
+79149204370
+79149204380
+79149204382
+79149204407
+79149204408
+79149204414
+79149204416
+79149204430
+79149204435
+79834602483
+79834602537
+79834602550
+79834602554
+79834602565
+79834602573
+79834602585
+79834602589
+79834602603
+79834602608
+79149003352
+79149003354
+79149003356
+79149003361
+79149003362
+79149003367
+79149003371
+79149003372
+79149003376
+79149003381
+79149302650
+79149303127
+79149303255
+79149303349
+79149303354
+79149303658
+79149304093
+79149304306
+79149304414
+79149304424
+79148800235
+79148804276
+79148804474
+79148804806
+79148805176
+79148805184
+79148805203
+79148805217
+79148805235
+79148805259
+79834402457
+79834402497
+79834402508
+79834402517
+79834402522
+79834402558
+79834402594
+79834402596
+79834402599
+79834402603
+79148800235
+79148804276
+79148804474
+79148804806
+79148805176
+79148805184
+79148805203
+79148805217
+79148805235
+79148805259
+79148701723
+79148702047
+79148702082
+79148702095
+79148702106
+79148702140
+79148702155
+79148702168
+79148702226
+79148702375
+79834002287
+79834002648
+79834003269
+79834003296
+79834003297
+79834003359
+79834003368
+79834003371
+79834003372
+79834003373
+79149204362
+79149204370
+79149204380
+79149204382
+79149204407
+79149204408
+79149204414
+79149204416
+79149204430
+79149204435
+79149507171
+79149507196
+79149507222
+79149507236
+79149507277
+79149507284
+79149507293
+79149507299
+79149507318
+79149507335
+79140043319
+79140043348
+79140043349
+79140043357
+79140043363
+79140043364
+79140043372
+79140043415
+79140043445
+79140043466
+79149507171
+79149507196
+79149507222
+79149507236
+79149507277
+79149507284
+79149507293
+79149507299
+79149507318
+79149507335
+79140101430
+79140101566
+79140101569
+79140101571
+79140101572
+79140101576
+79140101587
+79140101591
+79140101592
+79140101596
+79834100989
+79834101178
+79834101342
+79834101347
+79834101502
+79834101526
+79834101658
+79834101706
+79834101801
+79834101846
+79836904214
+79836904237
+79836904238
+79836904257
+79836904277
+79836904304
+79836904453
+79836904519
+79836904526
+79836904560
+79148901539
+79148901827
+79148901928
+79148901963
+79148902098
+79148902483
+79148902738
+79148902763
+79148903028
+79148903062
+79836904214
+79836904237
+79836904238
+79836904257
+79836904277
+79836904304
+79836904453
+79836904519
+79836904526
+79836904560
+79140043319
+79140043348
+79140043349
+79140043357
+79140043363
+79140043364
+79140043372
+79140043415
+79140043445
+79140043466
+79834602483
+79834602537
+79834602550
+79834602554
+79834602565
+79834602573
+79834602585
+79834602589
+79834602603
+79834602608
+79836904214
+79836904237
+79836904238
+79836904257
+79836904277
+79836904304
+79836904453
+79836904519
+79836904526
+79836904560
+79148701723
+79148702047
+79148702082
+79148702095
+79148702106
+79148702140
+79148702155
+79148702168
+79148702226
+79148702375
+79149003352
+79149003354
+79149003356
+79149003361
+79149003362
+79149003367
+79149003371
+79149003372
+79149003376
+79149003381
+79140101430
+79140101566
+79140101569
+79140101571
+79140101572
+79140101576
+79140101587
+79140101591
+79140101592
+79140101596
+79148701723
+79148702047
+79148702082
+79148702095
+79148702106
+79148702140
+79148702155
+79148702168
+79148702226
+79148702375
+79148800235
+79148804276
+79148804474
+79148804806
+79148805176
+79148805184
+79148805203
+79148805217
+79148805235
+79148805259
+79148901539
+79148901827
+79148901928
+79148901963
+79148902098
+79148902483
+79148902738
+79148902763
+79148903028
+79148903062
+79834402457
+79834402497
+79834402508
+79834402517
+79834402522
+79834402558
+79834402594
+79834402596
+79834402599
+79834402603
+79148901539
+79148901827
+79148901928
+79148901963
+79148902098
+79148902483
+79148902738
+79148902763
+79148903028
+79148903062
+79834100989
+79834101178
+79834101342
+79834101347
+79834101502
+79834101526
+79834101658
+79834101706
+79834101801
+79834101846
+79834402457
+79834402497
+79834402508
+79834402517
+79834402522
+79834402558
+79834402594
+79834402596
+79834402599
+79834402603
+79832400548
+79832400563
+79832400742
+79832400773
+79832400853
+79832400854
+79832400867
+79832400916
+79832400934
+79832400956
+79148901539
+79148901827
+79148901928
+79148901963
+79148902098
+79148902483
+79148902738
+79148902763
+79148903028
+79148903062
+79149106342
+79149106356
+79149106358
+79149106401
+79149106419
+79149106429
+79149106446
+79149106475
+79149106500
+79149106515
+79836904214
+79836904237
+79836904238
+79836904257
+79836904277
+79836904304
+79836904453
+79836904519
+79836904526
+79836904560
+79834100989
+79834101178
+79834101342
+79834101347
+79834101502
+79834101526
+79834101658
+79834101706
+79834101801
+79834101846
+79148901539
+79148901827
+79148901928
+79148901963
+79148902098
+79148902483
+79148902738
+79148902763
+79148903028
+79148903062
+79834602483
+79834602537
+79834602550
+79834602554
+79834602565
+79834602573
+79834602585
+79834602589
+79834602603
+79834602608
+79149106342
+79149106356
+79149106358
+79149106401
+79149106419
+79149106429
+79149106446
+79149106475
+79149106500
+79149106515
+79834602483
+79834602537
+79834602550
+79834602554
+79834602565
+79834602573
+79834602585
+79834602589
+79834602603
+79834602608
+79149402547
+79149402598
+79149402634
+79149402645
+79149402650
+79149402658
+79149402671
+79149402724
+79149402729
+79149402758
+79149106342
+79149106356
+79149106358
+79149106401
+79149106419
+79149106429
+79149106446
+79149106475
+79149106500
+79149106515
+79834602483
+79834602537
+79834602550
+79834602554
+79834602565
+79834602573
+79834602585
+79834602589
+79834602603
+79834602608
+79149204362
+79149204370
+79149204380
+79149204382
+79149204407
+79149204408
+79149204414
+79149204416
+79149204430
+79149204435
+79148901539
+79148901827
+79148901928
+79148901963
+79148902098
+79148902483
+79148902738
+79148902763
+79148903028
+79148903062
+79148901539
+79148901827
+79148901928
+79148901963
+79148902098
+79148902483
+79148902738
+79148902763
+79148903028
+79148903062
+79149204362
+79149204370
+79149204380
+79149204382
+79149204407
+79149204408
+79149204414
+79149204416
+79149204430
+79149204435
+79140101430
+79140101566
+79140101569
+79140101571
+79140101572
+79140101576
+79140101587
+79140101591
+79140101592
+79140101596
+79149402547
+79149402598
+79149402634
+79149402645
+79149402650
+79149402658
+79149402671
+79149402724
+79149402729
+79149402758
+79149003352
+79149003354
+79149003356
+79149003361
+79149003362
+79149003367
+79149003371
+79149003372
+79149003376
+79149003381
+79149402547
+79149402598
+79149402634
+79149402645
+79149402650
+79149402658
+79149402671
+79149402724
+79149402729
+79149402758
+79148800235
+79148804276
+79148804474
+79148804806
+79148805176
+79148805184
+79148805203
+79148805217
+79148805235
+79148805259
+79834402457
+79834402497
+79834402508
+79834402517
+79834402522
+79834402558
+79834402594
+79834402596
+79834402599
+79834402603
+79832400548
+79832400563
+79832400742
+79832400773
+79832400853
+79832400854
+79832400867
+79832400916
+79832400934
+79832400956
+79836904214
+79836904237
+79836904238
+79836904257
+79836904277
+79836904304
+79836904453
+79836904519
+79836904526
+79836904560
+79149302650
+79149303127
+79149303255
+79149303349
+79149303354
+79149303658
+79149304093
+79149304306
+79149304414
+79149304424
+79842701413
+79842702534
+79842702843
+79842703294
+79842703357
+79842703793
+79842704156
+79842704921
+79842705347
+79842705793
+79149402547
+79149402598
+79149402634
+79149402645
+79149402650
+79149402658
+79149402671
+79149402724
+79149402729
+79149402758
+79834100989
+79834101178
+79834101342
+79834101347
+79834101502
+79834101526
+79834101658
+79834101706
+79834101801
+79834101846
+79148901539
+79148901827
+79148901928
+79148901963
+79148902098
+79148902483
+79148902738
+79148902763
+79148903028
+79148903062
+79834402457
+79834402497
+79834402508
+79834402517
+79834402522
+79834402558
+79834402594
+79834402596
+79834402599
+79834402603
+79842701413
+79842702534
+79842702843
+79842703294
+79842703357
+79842703793
+79842704156
+79842704921
+79842705347
+79842705793
+79148701723
+79148702047
+79148702082
+79148702095
+79148702106
+79148702140
+79148702155
+79148702168
+79148702226
+79148702375
+79834100989
+79834101178
+79834101342
+79834101347
+79834101502
+79834101526
+79834101658
+79834101706
+79834101801
+79834101846
+79834100989
+79834101178
+79834101342
+79834101347
+79834101502
+79834101526
+79834101658
+79834101706
+79834101801
+79834101846
+79834402457
+79834402497
+79834402508
+79834402517
+79834402522
+79834402558
+79834402594
+79834402596
+79834402599
+79834402603
+79834002287
+79834002648
+79834003269
+79834003296
+79834003297
+79834003359
+79834003368
+79834003371
+79834003372
+79834003373
+79834002287
+79834002648
+79834003269
+79834003296
+79834003297
+79834003359
+79834003368
+79834003371
+79834003372
+79834003373
+79148901539
+79148901827
+79148901928
+79148901963
+79148902098
+79148902483
+79148902738
+79148902763
+79148903028
+79148903062
+79149402547
+79149402598
+79149402634
+79149402645
+79149402650
+79149402658
+79149402671
+79149402724
+79149402729
+79149402758
+79834402457
+79834402497
+79834402508
+79834402517
+79834402522
+79834402558
+79834402594
+79834402596
+79834402599
+79834402603
+79148800235
+79148804276
+79148804474
+79148804806
+79148805176
+79148805184
+79148805203
+79148805217
+79148805235
+79148805259
+79148701723
+79148702047
+79148702082
+79148702095
+79148702106
+79148702140
+79148702155
+79148702168
+79148702226
+79148702375
+79140043319
+79140043348
+79140043349
+79140043357
+79140043363
+79140043364
+79140043372
+79140043415
+79140043445
+79140043466
+79148800235
+79148804276
+79148804474
+79148804806
+79148805176
+79148805184
+79148805203
+79148805217
+79148805235
+79148805259
+79149402547
+79149402598
+79149402634
+79149402645
+79149402650
+79149402658
+79149402671
+79149402724
+79149402729
+79149402758
+79834100989
+79834101178
+79834101342
+79834101347
+79834101502
+79834101526
+79834101658
+79834101706
+79834101801
+79834101846
+79140101430
+79140101566
+79140101569
+79140101571
+79140101572
+79140101576
+79140101587
+79140101591
+79140101592
+79140101596
+79148901539
+79148901827
+79148901928
+79148901963
+79148902098
+79148902483
+79148902738
+79148902763
+79148903028
+79148903062
+79834100989
+79834101178
+79834101342
+79834101347
+79834101502
+79834101526
+79834101658
+79834101706
+79834101801
+79834101846
+79140101430
+79140101566
+79140101569
+79140101571
+79140101572
+79140101576
+79140101587
+79140101591
+79140101592
+79140101596
+79149507171
+79149507196
+79149507222
+79149507236
+79149507277
+79149507284
+79149507293
+79149507299
+79149507318
+79149507335
+79832400548
+79832400563
+79832400742
+79832400773
+79832400853
+79832400854
+79832400867
+79832400916
+79832400934
+79832400956
+79149204362
+79149204370
+79149204380
+79149204382
+79149204407
+79149204408
+79149204414
+79149204416
+79149204430
+79149204435
+79834002287
+79834002648
+79834003269
+79834003296
+79834003297
+79834003359
+79834003368
+79834003371
+79834003372
+79834003373
+79149003352
+79149003354
+79149003356
+79149003361
+79149003362
+79149003367
+79149003371
+79149003372
+79149003376
+79149003381
+79149106342
+79149106356
+79149106358
+79149106401
+79149106419
+79149106429
+79149106446
+79149106475
+79149106500
+79149106515
+79832400548
+79832400563
+79832400742
+79832400773
+79832400853
+79832400854
+79832400867
+79832400916
+79832400934
+79832400956
+79149507171
+79149507196
+79149507222
+79149507236
+79149507277
+79149507284
+79149507293
+79149507299
+79149507318
+79149507335
+79834002287
+79834002648
+79834003269
+79834003296
+79834003297
+79834003359
+79834003368
+79834003371
+79834003372
+79834003373
+79149302650
+79149303127
+79149303255
+79149303349
+79149303354
+79149303658
+79149304093
+79149304306
+79149304414
+79149304424
+79836904214
+79836904237
+79836904238
+79836904257
+79836904277
+79836904304
+79836904453
+79836904519
+79836904526
+79836904560
+79149106342
+79149106356
+79149106358
+79149106401
+79149106419
+79149106429
+79149106446
+79149106475
+79149106500
+79149106515
+79148901539
+79148901827
+79148901928
+79148901963
+79148902098
+79148902483
+79148902738
+79148902763
+79148903028
+79148903062
+79834602483
+79834602537
+79834602550
+79834602554
+79834602565
+79834602573
+79834602585
+79834602589
+79834602603
+79834602608
+79834100989
+79834101178
+79834101342
+79834101347
+79834101502
+79834101526
+79834101658
+79834101706
+79834101801
+79834101846
+79149204362
+79149204370
+79149204380
+79149204382
+79149204407
+79149204408
+79149204414
+79149204416
+79149204430
+79149204435
+79148701723
+79148702047
+79148702082
+79148702095
+79148702106
+79148702140
+79148702155
+79148702168
+79148702226
+79148702375
+79140101430
+79140101566
+79140101569
+79140101571
+79140101572
+79140101576
+79140101587
+79140101591
+79140101592
+79140101596
+79149106342
+79149106356
+79149106358
+79149106401
+79149106419
+79149106429
+79149106446
+79149106475
+79149106500
+79149106515
+79149003352
+79149003354
+79149003356
+79149003361
+79149003362
+79149003367
+79149003371
+79149003372
+79149003376
+79149003381
+79149507171
+79149507196
+79149507222
+79149507236
+79149507277
+79149507284
+79149507293
+79149507299
+79149507318
+79149507335
+79148701723
+79148702047
+79148702082
+79148702095
+79148702106
+79148702140
+79148702155
+79148702168
+79148702226
+79148702375
+79149106342
+79149106356
+79149106358
+79149106401
+79149106419
+79149106429
+79149106446
+79149106475
+79149106500
+79149106515
+79149204362
+79149204370
+79149204380
+79149204382
+79149204407
+79149204408
+79149204414
+79149204416
+79149204430
+79149204435
+79149204362
+79149204370
+79149204380
+79149204382
+79149204407
+79149204408
+79149204414
+79149204416
+79149204430
+79149204435
+79834402497
+79834402508
+79834402517
+79834402522
+79834402558
+79834402594
+79834402596
+79834402599
+79834402603
+79834402604
+79834602483
+79834602537
+79834602550
+79834602554
+79834602565
+79834602573
+79834602585
+79834602589
+79834602603
+79834602608
+79149003352
+79149003354
+79149003356
+79149003361
+79149003362
+79149003367
+79149003371
+79149003372
+79149003376
+79149003381
+79149106342
+79149106356
+79149106358
+79149106401
+79149106419
+79149106429
+79149106446
+79149106475
+79149106500
+79149106515
+79834402497
+79834402508
+79834402517
+79834402522
+79834402558
+79834402594
+79834402596
+79834402599
+79834402603
+79834402604
+79149302650
+79149303127
+79149303255
+79149303349
+79149303354
+79149303658
+79149304093
+79149304306
+79149304414
+79149304424
+79149402547
+79149402598
+79149402634
+79149402645
+79149402650
+79149402658
+79149402671
+79149402724
+79149402729
+79149402758
+79148800235
+79148804276
+79148804474
+79148804806
+79148805176
+79148805184
+79148805203
+79148805217
+79148805235
+79148805259
+79834602483
+79834602537
+79834602550
+79834602554
+79834602565
+79834602573
+79834602585
+79834602589
+79834602603
+79834602608
+79836904214
+79836904237
+79836904238
+79836904257
+79836904277
+79836904304
+79836904453
+79836904519
+79836904526
+79836904560
+79149003352
+79149003354
+79149003356
+79149003361
+79149003362
+79149003367
+79149003371
+79149003372
+79149003376
+79149003381
+79836904214
+79836904237
+79836904238
+79836904257
+79836904277
+79836904304
+79836904453
+79836904519
+79836904526
+79836904560
+79140043319
+79140043348
+79140043349
+79140043357
+79140043363
+79140043364
+79140043372
+79140043415
+79140043445
+79140043466
+79140043319
+79140043348
+79140043349
+79140043357
+79140043363
+79140043364
+79140043372
+79140043415
+79140043445
+79140043466
+79149003352
+79149003354
+79149003356
+79149003361
+79149003362
+79149003367
+79149003371
+79149003372
+79149003376
+79149003381
+79842701413
+79842702534
+79842702843
+79842703294
+79842703357
+79842703793
+79842704156
+79842704921
+79842705347
+79842705793
+79834002287
+79834002648
+79834003269
+79834003296
+79834003297
+79834003359
+79834003368
+79834003371
+79834003372
+79834003373
+79842701413
+79842702534
+79842702843
+79842703294
+79842703357
+79842703793
+79842704156
+79842704921
+79842705347
+79842705793
+79834402497
+79834402508
+79834402517
+79834402522
+79834402558
+79834402594
+79834402596
+79834402599
+79834402603
+79834402604
+79140043319
+79140043348
+79140043349
+79140043357
+79140043363
+79140043364
+79140043372
+79140043415
+79140043445
+79140043466
+79834100989
+79834101178
+79834101342
+79834101347
+79834101502
+79834101526
+79834101658
+79834101706
+79834101801
+79834101846
+79842701413
+79842702534
+79842702843
+79842703294
+79842703357
+79842703793
+79842704156
+79842704921
+79842705347
+79842705793
+79834100989
+79834101178
+79834101342
+79834101347
+79834101502
+79834101526
+79834101658
+79834101706
+79834101801
+79834101846
+79836904214
+79836904237
+79836904238
+79836904257
+79836904277
+79836904304
+79836904453
+79836904519
+79836904526
+79836904560
+79149302650
+79149303127
+79149303255
+79149303349
+79149303354
+79149303658
+79149304093
+79149304306
+79149304414
+79149304424
+79832400548
+79832400563
+79832400742
+79832400773
+79832400853
+79832400854
+79832400867
+79832400916
+79832400934
+79832400956
+79149402547
+79149402598
+79149402634
+79149402645
+79149402650
+79149402658
+79149402671
+79149402724
+79149402729
+79149402758
+79149402547
+79149402598
+79149402634
+79149402645
+79149402650
+79149402658
+79149402671
+79149402724
+79149402729
+79149402758
+79842701413
+79842702534
+79842702843
+79842703294
+79842703357
+79842703793
+79842704156
+79842704921
+79842705347
+79842705793
+79834602483
+79834602537
+79834602550
+79834602554
+79834602565
+79834602573
+79834602585
+79834602589
+79834602603
+79834602608
+79842701413
+79842702534
+79842702843
+79842703294
+79842703357
+79842703793
+79842704156
+79842704921
+79842705347
+79842705793
+79834602483
+79834602537
+79834602550
+79834602554
+79834602565
+79834602573
+79834602585
+79834602589
+79834602603
+79834602608
+79149106342
+79149106356
+79149106358
+79149106401
+79149106419
+79149106429
+79149106446
+79149106475
+79149106500
+79149106515
+79149106342
+79149106356
+79149106358
+79149106401
+79149106419
+79149106429
+79149106446
+79149106475
+79149106500
+79149106515
+79149302650
+79149303127
+79149303255
+79149303349
+79149303354
+79149303658
+79149304093
+79149304306
+79149304414
+79149304424
+79149106342
+79149106356
+79149106358
+79149106401
+79149106419
+79149106429
+79149106446
+79149106475
+79149106500
+79149106515
+79148701723
+79148702047
+79148702082
+79148702095
+79148702106
+79148702140
+79148702155
+79148702168
+79148702226
+79148702375
+79149507171
+79149507196
+79149507222
+79149507236
+79149507277
+79149507284
+79149507293
+79149507299
+79149507318
+79149507335
+79834402497
+79834402508
+79834402517
+79834402522
+79834402558
+79834402594
+79834402596
+79834402599
+79834402603
+79834402604
+79148800235
+79148804276
+79148804474
+79148804806
+79148805176
+79148805184
+79148805203
+79148805217
+79148805235
+79148805259
+79834402497
+79834402508
+79834402517
+79834402522
+79834402558
+79834402594
+79834402596
+79834402599
+79834402603
+79834402604
+79836904214
+79836904237
+79836904238
+79836904257
+79836904277
+79836904304
+79836904453
+79836904519
+79836904526
+79836904560
+79149204362
+79149204370
+79149204380
+79149204382
+79149204407
+79149204408
+79149204414
+79149204416
+79149204430
+79149204435
+79148800235
+79148804276
+79148804474
+79148804806
+79148805176
+79148805184
+79148805203
+79148805217
+79148805235
+79148805259
+79834402497
+79834402508
+79834402517
+79834402522
+79834402558
+79834402594
+79834402596
+79834402599
+79834402603
+79834402604
+79140101430
+79140101566
+79140101569
+79140101571
+79140101572
+79140101576
+79140101587
+79140101591
+79140101592
+79140101596
+79148901539
+79148901827
+79148901928
+79148901963
+79148902098
+79148902483
+79148902738
+79148902763
+79148903028
+79148903062
+79834100989
+79834101178
+79834101342
+79834101347
+79834101502
+79834101526
+79834101658
+79834101706
+79834101801
+79834101846
+79148800235
+79148804276
+79148804474
+79148804806
+79148805176
+79148805184
+79148805203
+79148805217
+79148805235
+79148805259
+79836904214
+79836904237
+79836904238
+79836904257
+79836904277
+79836904304
+79836904453
+79836904519
+79836904526
+79836904560
+79148901539
+79148901827
+79148901928
+79148901963
+79148902098
+79148902483
+79148902738
+79148902763
+79148903028
+79148903062
+79148901539
+79148901827
+79148901928
+79148901963
+79148902098
+79148902483
+79148902738
+79148902763
+79148903028
+79148903062
+79149507171
+79149507196
+79149507222
+79149507236
+79149507277
+79149507284
+79149507293
+79149507299
+79149507318
+79149507335
+79148901539
+79148901827
+79148901928
+79148901963
+79148902098
+79148902483
+79148902738
+79148902763
+79148903028
+79148903062
+79832400548
+79832400563
+79832400742
+79832400773
+79832400853
+79832400854
+79832400867
+79832400916
+79832400934
+79832400956
+79148701723
+79148702047
+79148702082
+79148702095
+79148702106
+79148702140
+79148702155
+79148702168
+79148702226
+79148702375
+79149003354
+79149003356
+79149003361
+79149003362
+79149003367
+79149003371
+79149003372
+79149003376
+79149003381
+79149003471
+79834002287
+79834002648
+79834003269
+79834003296
+79834003297
+79834003359
+79834003368
+79834003371
+79834003372
+79834003373
+79140043319
+79140043348
+79140043349
+79140043357
+79140043363
+79140043364
+79140043372
+79140043415
+79140043445
+79140043466
+79834402497
+79834402508
+79834402517
+79834402522
+79834402558
+79834402594
+79834402596
+79834402599
+79834402603
+79834402604
+79149402547
+79149402598
+79149402634
+79149402645
+79149402650
+79149402658
+79149402671
+79149402724
+79149402729
+79149402758
+79140101430
+79140101566
+79140101569
+79140101571
+79140101572
+79140101576
+79140101587
+79140101591
+79140101592
+79140101596
+79148901539
+79148901827
+79148901928
+79148901963
+79148902098
+79148902483
+79148902738
+79148902763
+79148903028
+79148903062
+79148800235
+79148804276
+79148804474
+79148804806
+79148805176
+79148805184
+79148805203
+79148805217
+79148805235
+79148805259
+79149003354
+79149003356
+79149003361
+79149003362
+79149003367
+79149003371
+79149003372
+79149003376
+79149003381
+79149003471
+79140043319
+79140043348
+79140043349
+79140043357
+79140043363
+79140043364
+79140043372
+79140043415
+79140043445
+79140043466
+79148701723
+79148702047
+79148702082
+79148702095
+79148702106
+79148702140
+79148702155
+79148702168
+79148702226
+79148702375
+79834002287
+79834002648
+79834003269
+79834003296
+79834003297
+79834003359
+79834003368
+79834003371
+79834003372
+79834003373
+79140043319
+79140043348
+79140043349
+79140043357
+79140043363
+79140043364
+79140043372
+79140043415
+79140043445
+79140043466
+79149302650
+79149303127
+79149303255
+79149303349
+79149303354
+79149303658
+79149304093
+79149304306
+79149304414
+79149304424
+79140101430
+79140101566
+79140101569
+79140101571
+79140101572
+79140101576
+79140101587
+79140101591
+79140101592
+79140101596
+79832400548
+79832400563
+79832400742
+79832400773
+79832400853
+79832400854
+79832400867
+79832400916
+79832400934
+79832400956
+79149302650
+79149303127
+79149303255
+79149303349
+79149303354
+79149303658
+79149304093
+79149304306
+79149304414
+79149304424
+79149402547
+79149402598
+79149402634
+79149402645
+79149402650
+79149402658
+79149402671
+79149402724
+79149402729
+79149402758
+79149302650
+79149303127
+79149303255
+79149303349
+79149303354
+79149303658
+79149304093
+79149304306
+79149304414
+79149304424
+79834602483
+79834602537
+79834602550
+79834602554
+79834602565
+79834602573
+79834602585
+79834602589
+79834602603
+79834602608
+79834602483
+79834602537
+79834602550
+79834602554
+79834602565
+79834602573
+79834602585
+79834602589
+79834602603
+79834602608
+79148800235
+79148804276
+79148804474
+79148804806
+79148805176
+79148805184
+79148805203
+79148805217
+79148805235
+79148805259
+79149302650
+79149303127
+79149303255
+79149303349
+79149303354
+79149303658
+79149304093
+79149304306
+79149304414
+79149304424
+79148901539
+79148901827
+79148901928
+79148901963
+79148902098
+79148902483
+79148902738
+79148902763
+79148903028
+79148903062
+79834602483
+79834602537
+79834602550
+79834602554
+79834602565
+79834602573
+79834602585
+79834602589
+79834602603
+79834602608
+79149302650
+79149303127
+79149303255
+79149303349
+79149303354
+79149303658
+79149304093
+79149304306
+79149304414
+79149304424
+79149204362
+79149204370
+79149204380
+79149204382
+79149204407
+79149204408
+79149204414
+79149204416
+79149204430
+79149204435
+79149402547
+79149402598
+79149402634
+79149402645
+79149402650
+79149402658
+79149402671
+79149402724
+79149402729
+79149402758
+79148701723
+79148702047
+79148702082
+79148702095
+79148702106
+79148702140
+79148702155
+79148702168
+79148702226
+79148702375
+79834402497
+79834402508
+79834402517
+79834402522
+79834402558
+79834402594
+79834402596
+79834402599
+79834402603
+79834402604
+79149204362
+79149204370
+79149204380
+79149204382
+79149204407
+79149204408
+79149204414
+79149204416
+79149204430
+79149204435
+79148800235
+79148804276
+79148804474
+79148804806
+79148805176
+79148805184
+79148805203
+79148805217
+79148805235
+79148805259
+79834402497
+79834402508
+79834402517
+79834402522
+79834402558
+79834402594
+79834402596
+79834402599
+79834402603
+79834402604
+79834002287
+79834002648
+79834003269
+79834003296
+79834003297
+79834003359
+79834003368
+79834003371
+79834003372
+79834003373
+79834002287
+79834002648
+79834003269
+79834003296
+79834003297
+79834003359
+79834003368
+79834003371
+79834003372
+79834003373
+79834100989
+79834101178
+79834101342
+79834101347
+79834101502
+79834101526
+79834101658
+79834101706
+79834101801
+79834101846
+79842701413
+79842702534
+79842702843
+79842703294
+79842703357
+79842703793
+79842704156
+79842704921
+79842705347
+79842705793
+79149003354
+79149003356
+79149003361
+79149003362
+79149003367
+79149003371
+79149003372
+79149003376
+79149003381
+79149003471
+79148701723
+79148702047
+79148702082
+79148702095
+79148702106
+79148702140
+79148702155
+79148702168
+79148702226
+79148702375
+79834002287
+79834002648
+79834003269
+79834003296
+79834003297
+79834003359
+79834003368
+79834003371
+79834003372
+79834003373
+79149204362
+79149204370
+79149204380
+79149204382
+79149204407
+79149204408
+79149204414
+79149204416
+79149204430
+79149204435
+79149204362
+79149204370
+79149204380
+79149204382
+79149204407
+79149204408
+79149204414
+79149204416
+79149204430
+79149204435
+79140101430
+79140101566
+79140101569
+79140101571
+79140101572
+79140101576
+79140101587
+79140101591
+79140101592
+79140101596
+79149204362
+79149204370
+79149204380
+79149204382
+79149204407
+79149204408
+79149204414
+79149204416
+79149204430
+79149204435
+79149106342
+79149106356
+79149106358
+79149106401
+79149106419
+79149106429
+79149106446
+79149106475
+79149106500
+79149106515
+79149204362
+79149204370
+79149204380
+79149204382
+79149204407
+79149204408
+79149204414
+79149204416
+79149204430
+79149204435
+79842701413
+79842702534
+79842702843
+79842703294
+79842703357
+79842703793
+79842704156
+79842704921
+79842705347
+79842705793
+79148800235
+79148804276
+79148804474
+79148804806
+79148805176
+79148805184
+79148805203
+79148805217
+79148805235
+79148805259
+79836904214
+79836904237
+79836904238
+79836904257
+79836904277
+79836904304
+79836904453
+79836904519
+79836904526
+79836904560
+79140101430
+79140101566
+79140101569
+79140101571
+79140101572
+79140101576
+79140101587
+79140101591
+79140101592
+79140101596
+79834402497
+79834402508
+79834402517
+79834402522
+79834402558
+79834402594
+79834402596
+79834402599
+79834402603
+79834402604
+79149302650
+79149303127
+79149303255
+79149303349
+79149303354
+79149303658
+79149304093
+79149304306
+79149304414
+79149304424
+79148901539
+79148901827
+79148901928
+79148901963
+79148902098
+79148902483
+79148902738
+79148902763
+79148903028
+79148903062
+79149003354
+79149003356
+79149003361
+79149003362
+79149003367
+79149003371
+79149003372
+79149003376
+79149003381
+79149003471
+79834402497
+79834402508
+79834402517
+79834402522
+79834402558
+79834402594
+79834402596
+79834402599
+79834402603
+79834402604
+79832400548
+79832400563
+79832400742
+79832400773
+79832400853
+79832400854
+79832400867
+79832400916
+79832400934
+79832400956
+79149507171
+79149507196
+79149507222
+79149507236
+79149507277
+79149507284
+79149507293
+79149507299
+79149507318
+79149507335
+79140101430
+79140101566
+79140101569
+79140101571
+79140101572
+79140101576
+79140101587
+79140101591
+79140101592
+79140101596
+79836904214
+79836904237
+79836904238
+79836904257
+79836904277
+79836904304
+79836904453
+79836904519
+79836904526
+79836904560
+79834002287
+79834002648
+79834003269
+79834003296
+79834003297
+79834003359
+79834003368
+79834003371
+79834003372
+79834003373
+79832400548
+79832400563
+79832400742
+79832400773
+79832400853
+79832400854
+79832400867
+79832400916
+79832400934
+79832400956
+79832400548
+79832400563
+79832400742
+79832400773
+79832400853
+79832400854
+79832400867
+79832400916
+79832400934
+79832400956
+79149003354
+79149003356
+79149003361
+79149003362
+79149003367
+79149003371
+79149003372
+79149003376
+79149003381
+79149003471
+79834602483
+79834602537
+79834602550
+79834602554
+79834602565
+79834602573
+79834602585
+79834602589
+79834602603
+79834602608
+79834602483
+79834602537
+79834602550
+79834602554
+79834602565
+79834602573
+79834602585
+79834602589
+79834602603
+79834602608
+79149003354
+79149003356
+79149003361
+79149003362
+79149003367
+79149003371
+79149003372
+79149003376
+79149003381
+79149003471
+79148701723
+79148702047
+79148702082
+79148702095
+79148702106
+79148702140
+79148702155
+79148702168
+79148702226
+79148702375
+79832400548
+79832400563
+79832400742
+79832400773
+79832400853
+79832400854
+79832400867
+79832400916
+79832400934
+79832400956
+79149402547
+79149402598
+79149402634
+79149402645
+79149402650
+79149402658
+79149402671
+79149402724
+79149402729
+79149402758
+79148701723
+79148702047
+79148702082
+79148702095
+79148702106
+79148702140
+79148702155
+79148702168
+79148702226
+79148702375
+79149402547
+79149402598
+79149402634
+79149402645
+79149402650
+79149402658
+79149402671
+79149402724
+79149402729
+79149402758
+79140043240
+79140043319
+79140043348
+79140043349
+79140043357
+79140043363
+79140043364
+79140043372
+79140043415
+79140043445
+79834402497
+79834402508
+79834402517
+79834402522
+79834402558
+79834402594
+79834402596
+79834402599
+79834402603
+79834402604
+79149402547
+79149402598
+79149402634
+79149402645
+79149402650
+79149402658
+79149402671
+79149402724
+79149402729
+79149402758
+79832400548
+79832400563
+79832400742
+79832400773
+79832400853
+79832400854
+79832400867
+79832400916
+79832400934
+79832400956
+79148701723
+79148702047
+79148702082
+79148702095
+79148702106
+79148702140
+79148702155
+79148702168
+79148702226
+79148702375
+79832400548
+79832400563
+79832400742
+79832400773
+79832400853
+79832400854
+79832400867
+79832400916
+79832400934
+79832400956
+79149003354
+79149003356
+79149003361
+79149003362
+79149003367
+79149003371
+79149003372
+79149003376
+79149003381
+79149003471
+79148701723
+79148702047
+79148702082
+79148702095
+79148702106
+79148702140
+79148702155
+79148702168
+79148702226
+79148702375
+79140043240
+79140043319
+79140043348
+79140043349
+79140043357
+79140043363
+79140043364
+79140043372
+79140043415
+79140043445
+79140101430
+79140101566
+79140101569
+79140101571
+79140101572
+79140101576
+79140101587
+79140101591
+79140101592
+79140101596
+79148701723
+79148702047
+79148702082
+79148702095
+79148702106
+79148702140
+79148702155
+79148702168
+79148702226
+79148702375
+79834100989
+79834101178
+79834101342
+79834101347
+79834101502
+79834101526
+79834101658
+79834101706
+79834101801
+79834101846
+79834100989
+79834101178
+79834101342
+79834101347
+79834101502
+79834101526
+79834101658
+79834101706
+79834101801
+79834101846
+79149507171
+79149507196
+79149507222
+79149507236
+79149507277
+79149507284
+79149507293
+79149507299
+79149507318
+79149507335
+79149302650
+79149303127
+79149303255
+79149303349
+79149303354
+79149303658
+79149304093
+79149304306
+79149304414
+79149304424
+79836904214
+79836904237
+79836904238
+79836904257
+79836904277
+79836904304
+79836904453
+79836904519
+79836904526
+79836904560
+79149302650
+79149303127
+79149303255
+79149303349
+79149303354
+79149303658
+79149304093
+79149304306
+79149304414
+79149304424
+79834602483
+79834602537
+79834602550
+79834602554
+79834602565
+79834602573
+79834602585
+79834602589
+79834602603
+79834602608
+79834100989
+79834101178
+79834101342
+79834101347
+79834101502
+79834101526
+79834101658
+79834101706
+79834101801
+79834101846
+79149507171
+79149507196
+79149507222
+79149507236
+79149507277
+79149507284
+79149507293
+79149507299
+79149507318
+79149507335
