+79022420308
+79022420312
+79022420368
+79022420370
+79022420371
+79022420378
+79022420382
+79022420384
+79022420387
+79022420392
+79023154854
+79023154867
+79023155026
+79023155095
+79023155372
+79023155373
+79023155375
+79023155376
+79023155378
+79023155379
+79158310164
+79158310229
+79158310467
+79158310566
+79158310649
+79158310652
+79158310745
+79158310848
+79158310893
+79158310894
+79100180288
+79100180663
+79100181192
+79106670290
+79106670344
+79106670771
+79106670778
+79106670783
+79106671294
+79106671656
+79806678772
+79806681190
+79806682297
+79806682298
+79806682326
+79806682327
+79806682328
+79806682329
+79806682553
+79806682773
+79106670290
+79106670344
+79106670771
+79106670778
+79106670783
+79106671294
+79106671656
+79106671723
+79106671866
+79106671991
+79158101183
+79158101293
+79158101404
+79158101450
+79158101522
+79158101556
+79158102186
+79158102294
+79158102296
+79158102301
+79508880507
+79508880518
+79508880530
+79508880535
+79508880540
+79508880545
+79508880548
+79508880560
+79508880565
+79508880568
+79109900821
+79109901158
+79109901182
+79109901299
+79109901328
+79109901518
+79109901843
+79109902088
+79109902130
+79109902187
+79085600212
+79085600213
+79085600633
+79085600674
+79085600715
+79085600718
+79085600719
+79085601110
+79085601113
+79085601114
+79106803150
+79106803254
+79106803800
+79106804129
+79106804527
+79106804612
+79106804894
+79106805407
+79106805408
+79106805431
+79508880507
+79508880518
+79508880530
+79508880535
+79508880540
+79508880545
+79508880548
+79508880560
+79508880565
+79508880568
+79158400593
+79158401412
+79158401718
+79158402352
+79158402697
+79158403509
+79158403706
+79158403856
+79158404064
+79158404134
+79100180288
+79100180663
+79100181192
+79106670290
+79106670344
+79106670771
+79106670778
+79106670783
+79106671294
+79106671656
+79106900642
+79106900718
+79106901250
+79106901264
+79106901382
+79106901561
+79106901639
+79106901660
+79106901769
+79106901790
+79508880507
+79508880518
+79508880530
+79508880535
+79508880540
+79508880545
+79508880548
+79508880560
+79508880565
+79508880568
+79158310164
+79158310229
+79158310467
+79158310566
+79158310649
+79158310652
+79158310745
+79158310848
+79158310893
+79158310894
+79806678772
+79806681190
+79806682297
+79806682298
+79806682326
+79806682327
+79806682328
+79806682329
+79806682553
+79806682773
+79109900821
+79109901158
+79109901182
+79109901299
+79109901328
+79109901518
+79109901843
+79109902088
+79109902130
+79109902187
+79508880507
+79508880518
+79508880530
+79508880535
+79508880540
+79508880545
+79508880548
+79508880560
+79508880565
+79508880568
+79806678772
+79806681190
+79806682297
+79806682298
+79806682326
+79806682327
+79806682328
+79806682329
+79806682553
+79806682773
+79106900642
+79106900718
+79106901250
+79106901264
+79106901382
+79106901561
+79106901639
+79106901660
+79106901769
+79106901790
+79023154854
+79023154867
+79023155026
+79023155095
+79023155372
+79023155373
+79023155375
+79023155376
+79023155378
+79023155379
+79085600212
+79085600213
+79085600633
+79085600674
+79085600715
+79085600718
+79085600719
+79085601110
+79085601113
+79085601114
+79158400593
+79158401412
+79158401718
+79158402352
+79158402697
+79158403509
+79158403706
+79158403856
+79158404064
+79158404134
+79806910446
+79806911481
+79806911642
+79806911904
+79806912189
+79806912372
+79806912374
+79806912380
+79806912381
+79806912444
+79106670290
+79106670344
+79106670771
+79106670778
+79106670783
+79106671294
+79106671656
+79106671723
+79106671866
+79106671991
+79806805143
+79806806010
+79806806169
+79806807200
+79806807964
+79806808459
+79806809647
+79806809862
+79806810090
+79806810277
+79023154854
+79023154867
+79023155026
+79023155095
+79023155372
+79023155373
+79023155375
+79023155376
+79023155378
+79023155379
+79158210895
+79158211125
+79158211127
+79158211132
+79158211138
+79158211148
+79158211152
+79158211158
+79158211162
+79158211168
+79085600212
+79085600213
+79085600633
+79085600674
+79085600715
+79085600718
+79085600719
+79085601110
+79085601113
+79085601114
+79022420308
+79022420312
+79022420368
+79022420370
+79022420371
+79022420378
+79022420382
+79022420384
+79022420387
+79022420392
+79100180288
+79100180663
+79100181192
+79109900821
+79109901158
+79109901182
+79109901299
+79109901328
+79109901518
+79109901843
+79106803150
+79106803254
+79106803800
+79106804129
+79106804527
+79106804612
+79106804894
+79106805407
+79106805408
+79106805431
+79158400593
+79158401412
+79158401718
+79158402352
+79158402697
+79158403509
+79158403706
+79158403856
+79158404064
+79158404134
+79158400593
+79158401412
+79158401718
+79158402352
+79158402697
+79158403509
+79158403706
+79158403856
+79158404064
+79158404134
+79806678772
+79806681190
+79806682297
+79806682298
+79806682326
+79806682327
+79806682328
+79806682329
+79806682553
+79806682773
+79106803150
+79106803254
+79106803800
+79106804129
+79106804527
+79106804612
+79106804894
+79106805407
+79106805408
+79106805431
+79109800039
+79109800058
+79109800068
+79109800069
+79109800095
+79109800096
+79109800097
+79109800305
+79109800413
+79109800568
+79806910446
+79806911481
+79806911642
+79806911904
+79806912189
+79806912372
+79806912374
+79806912380
+79806912381
+79806912444
+79158310164
+79158310229
+79158310467
+79158310566
+79158310649
+79158310652
+79158310745
+79158310848
+79158310893
+79158310894
+79109900821
+79109901158
+79109901182
+79109901299
+79109901328
+79109901518
+79109901843
+79109902088
+79109902130
+79109902187
+79106803150
+79106803254
+79106803800
+79106804129
+79106804527
+79106804612
+79106804894
+79106805407
+79106805408
+79106805431
+79158400593
+79158401412
+79158401718
+79158402352
+79158402697
+79158403509
+79158403706
+79158403856
+79158404064
+79158404134
+79158310164
+79158310229
+79158310467
+79158310566
+79158310649
+79158310652
+79158310745
+79158310848
+79158310893
+79158310894
+79100180288
+79100180663
+79100181192
+79109800039
+79109800058
+79109800068
+79109800069
+79109800095
+79109800096
+79109800097
+79158210895
+79158211125
+79158211127
+79158211132
+79158211138
+79158211148
+79158211152
+79158211158
+79158211162
+79158211168
+79158101183
+79158101293
+79158101404
+79158101450
+79158101522
+79158101556
+79158102186
+79158102294
+79158102296
+79158102301
+79158101183
+79158101293
+79158101404
+79158101450
+79158101522
+79158101556
+79158102186
+79158102294
+79158102296
+79158102301
+79023154854
+79023154867
+79023155026
+79023155095
+79023155372
+79023155373
+79023155375
+79023155376
+79023155378
+79023155379
+79158210895
+79158211125
+79158211127
+79158211132
+79158211138
+79158211148
+79158211152
+79158211158
+79158211162
+79158211168
+79508880507
+79508880518
+79508880530
+79508880535
+79508880540
+79508880545
+79508880548
+79508880560
+79508880565
+79508880568
+79085600212
+79085600213
+79085600633
+79085600674
+79085600715
+79085600718
+79085600719
+79085601110
+79085601113
+79085601114
+79106900642
+79106900718
+79106901250
+79106901264
+79106901382
+79106901561
+79106901639
+79106901660
+79106901769
+79106901790
+79806678772
+79806681190
+79806682297
+79806682298
+79806682326
+79806682327
+79806682328
+79806682329
+79806682553
+79806682773
+79807316819
+79807316831
+79807316843
+79807316854
+79807316883
+79807316903
+79807316927
+79807316931
+79807316933
+79807316941
+79022420308
+79022420312
+79022420368
+79022420370
+79022420371
+79022420378
+79022420382
+79022420384
+79022420387
+79022420392
+79806678772
+79806681190
+79806682297
+79806682298
+79806682326
+79806682327
+79806682328
+79806682329
+79806682553
+79806682773
+79085600212
+79085600213
+79085600633
+79085600674
+79085600715
+79085600718
+79085600719
+79085601110
+79085601113
+79085601114
+79100180288
+79100180663
+79100181192
+79158310164
+79158310229
+79158310467
+79158310566
+79158310649
+79158310652
+79158310745
+79023154854
+79023154867
+79023155026
+79023155095
+79023155372
+79023155373
+79023155375
+79023155376
+79023155378
+79023155379
+79158101183
+79158101293
+79158101404
+79158101450
+79158101522
+79158101556
+79158102186
+79158102294
+79158102296
+79158102301
+79158310164
+79158310229
+79158310467
+79158310566
+79158310649
+79158310652
+79158310745
+79158310848
+79158310893
+79158310894
+79806678772
+79806681190
+79806682297
+79806682298
+79806682326
+79806682327
+79806682328
+79806682329
+79806682553
+79806682773
+79806678772
+79806681190
+79806682297
+79806682298
+79806682326
+79806682327
+79806682328
+79806682329
+79806682553
+79806682773
+79158210895
+79158211125
+79158211127
+79158211132
+79158211138
+79158211148
+79158211152
+79158211158
+79158211162
+79158211168
+79158400593
+79158401412
+79158401718
+79158402352
+79158402697
+79158403509
+79158403706
+79158403856
+79158404064
+79158404134
+79508880507
+79508880518
+79508880530
+79508880535
+79508880540
+79508880545
+79508880548
+79508880560
+79508880565
+79508880568
+79807316819
+79807316831
+79807316843
+79807316854
+79807316883
+79807316903
+79807316927
+79807316931
+79807316933
+79807316941
+79158101183
+79158101293
+79158101404
+79158101450
+79158101522
+79158101556
+79158102186
+79158102294
+79158102296
+79158102301
+79158210895
+79158211125
+79158211127
+79158211132
+79158211138
+79158211148
+79158211152
+79158211158
+79158211162
+79158211168
+79100180288
+79100180663
+79100181192
+79106670290
+79106670344
+79106670771
+79106670778
+79106670783
+79106671294
+79106671656
+79106900642
+79106900718
+79106901250
+79106901264
+79106901382
+79106901561
+79106901639
+79106901660
+79106901769
+79106901790
+79807316819
+79807316831
+79807316843
+79807316854
+79807316883
+79807316903
+79807316927
+79807316931
+79807316933
+79807316941
+79106803150
+79106803254
+79106803800
+79106804129
+79106804527
+79106804612
+79106804894
+79106805407
+79106805408
+79106805431
+79109900821
+79109901158
+79109901182
+79109901299
+79109901328
+79109901518
+79109901843
+79109902088
+79109902130
+79109902187
+79158210895
+79158211125
+79158211127
+79158211132
+79158211138
+79158211148
+79158211152
+79158211158
+79158211162
+79158211168
+79100180288
+79100180663
+79100181192
+79158101183
+79158101293
+79158101404
+79158101450
+79158101522
+79158101556
+79158102186
+79023154854
+79023154867
+79023155026
+79023155095
+79023155372
+79023155373
+79023155375
+79023155376
+79023155378
+79023155379
+79106670290
+79106670344
+79106670771
+79106670778
+79106670783
+79106671294
+79106671656
+79106671723
+79106671866
+79106671991
+79106670290
+79106670344
+79106670771
+79106670778
+79106670783
+79106671294
+79106671656
+79106671723
+79106671866
+79106671991
+79100180288
+79100180663
+79100181192
+79806805143
+79806806010
+79806806169
+79806807200
+79806807964
+79806808459
+79806809647
+79158310164
+79158310229
+79158310467
+79158310566
+79158310649
+79158310652
+79158310745
+79158310848
+79158310893
+79158310894
+79109800039
+79109800058
+79109800068
+79109800069
+79109800095
+79109800096
+79109800097
+79109800305
+79109800413
+79109800568
+79806678772
+79806681190
+79806682297
+79806682298
+79806682326
+79806682327
+79806682328
+79806682329
+79806682553
+79806682773
+79106900642
+79106900718
+79106901250
+79106901264
+79106901382
+79106901561
+79106901639
+79106901660
+79106901769
+79106901790
+79100180288
+79100180663
+79100181192
+79806910446
+79806911481
+79806911642
+79806911904
+79806912189
+79806912372
+79806912374
+79806805143
+79806806010
+79806806169
+79806807200
+79806807964
+79806808459
+79806809647
+79806809862
+79806810090
+79806810277
+79106670290
+79106670344
+79106670771
+79106670778
+79106670783
+79106671294
+79106671656
+79106671723
+79106671866
+79106671991
+79158400593
+79158401412
+79158401718
+79158402352
+79158402697
+79158403509
+79158403706
+79158403856
+79158404064
+79158404134
+79109800039
+79109800058
+79109800068
+79109800069
+79109800095
+79109800096
+79109800097
+79109800305
+79109800413
+79109800568
+79106900642
+79106900718
+79106901250
+79106901264
+79106901382
+79106901561
+79106901639
+79106901660
+79106901769
+79106901790
+79022420308
+79022420312
+79022420368
+79022420370
+79022420371
+79022420378
+79022420382
+79022420384
+79022420387
+79022420392
+79106803150
+79106803254
+79106803800
+79106804129
+79106804527
+79106804612
+79106804894
+79106805407
+79106805408
+79106805431
+79806678772
+79806681190
+79806682297
+79806682298
+79806682326
+79806682327
+79806682328
+79806682329
+79806682553
+79806682773
+79806678772
+79806681190
+79806682297
+79806682298
+79806682326
+79806682327
+79806682328
+79806682329
+79806682553
+79806682773
+79106900642
+79106900718
+79106901250
+79106901264
+79106901382
+79106901561
+79106901639
+79106901660
+79106901769
+79106901790
+79158101183
+79158101293
+79158101404
+79158101450
+79158101522
+79158101556
+79158102186
+79158102294
+79158102296
+79158102301
+79806678772
+79806681190
+79806682297
+79806682298
+79806682326
+79806682327
+79806682328
+79806682329
+79806682553
+79806682773
+79158400593
+79158401412
+79158401718
+79158402352
+79158402697
+79158403509
+79158403706
+79158403856
+79158404064
+79158404134
+79085600212
+79085600213
+79085600633
+79085600674
+79085600715
+79085600718
+79085600719
+79085601110
+79085601113
+79085601114
+79158400593
+79158401412
+79158401718
+79158402352
+79158402697
+79158403509
+79158403706
+79158403856
+79158404064
+79158404134
+79106803150
+79106803254
+79106803800
+79106804129
+79106804527
+79106804612
+79106804894
+79106805407
+79106805408
+79106805431
+79109800039
+79109800058
+79109800068
+79109800069
+79109800095
+79109800096
+79109800097
+79109800305
+79109800413
+79109800568
+79023154854
+79023154867
+79023155026
+79023155095
+79023155372
+79023155373
+79023155375
+79023155376
+79023155378
+79023155379
+79806805143
+79806806010
+79806806169
+79806807200
+79806807964
+79806808459
+79806809647
+79806809862
+79806810090
+79806810277
+79100180288
+79100180663
+79100181192
+79109900821
+79109901158
+79109901182
+79109901299
+79109901328
+79109901518
+79109901843
+79807316819
+79807316831
+79807316843
+79807316854
+79807316883
+79807316903
+79807316927
+79807316931
+79807316933
+79807316941
+79109900821
+79109901158
+79109901182
+79109901299
+79109901328
+79109901518
+79109901843
+79109902088
+79109902130
+79109902187
+79100180288
+79100180663
+79100181192
+79158400593
+79158401412
+79158401718
+79158402352
+79158402697
+79158403509
+79158403706
+79508880507
+79508880518
+79508880530
+79508880535
+79508880540
+79508880545
+79508880548
+79508880560
+79508880565
+79508880568
+79806805143
+79806806010
+79806806169
+79806807200
+79806807964
+79806808459
+79806809647
+79806809862
+79806810090
+79806810277
+79109800039
+79109800058
+79109800068
+79109800069
+79109800095
+79109800096
+79109800097
+79109800305
+79109800413
+79109800568
+79158400593
+79158401412
+79158401718
+79158402352
+79158402697
+79158403509
+79158403706
+79158403856
+79158404064
+79158404134
+79806805143
+79806806010
+79806806169
+79806807200
+79806807964
+79806808459
+79806809647
+79806809862
+79806810090
+79806810277
+79106803150
+79106803254
+79106803800
+79106804129
+79106804527
+79106804612
+79106804894
+79106805407
+79106805408
+79106805431
+79158101183
+79158101293
+79158101404
+79158101450
+79158101522
+79158101556
+79158102186
+79158102294
+79158102296
+79158102301
+79158210895
+79158211125
+79158211127
+79158211132
+79158211138
+79158211148
+79158211152
+79158211158
+79158211162
+79158211168
+79109900821
+79109901158
+79109901182
+79109901299
+79109901328
+79109901518
+79109901843
+79109902088
+79109902130
+79109902187
+79806678772
+79806681190
+79806682297
+79806682298
+79806682326
+79806682327
+79806682328
+79806682329
+79806682553
+79806682773
+79806910446
+79806911481
+79806911642
+79806911904
+79806912189
+79806912372
+79806912374
+79806912380
+79806912381
+79806912444
+79158310164
+79158310229
+79158310467
+79158310566
+79158310649
+79158310652
+79158310745
+79158310848
+79158310893
+79158310894
+79106900642
+79106900718
+79106901250
+79106901264
+79106901382
+79106901561
+79106901639
+79106901660
+79106901769
+79106901790
+79806678772
+79806681190
+79806682297
+79806682298
+79806682326
+79806682327
+79806682328
+79806682329
+79806682553
+79806682773
+79109800039
+79109800058
+79109800068
+79109800069
+79109800095
+79109800096
+79109800097
+79109800305
+79109800413
+79109800568
+79806805143
+79806806010
+79806806169
+79806807200
+79806807964
+79806808459
+79806809647
+79806809862
+79806810090
+79806810277
+79106900642
+79106900718
+79106901250
+79106901264
+79106901382
+79106901561
+79106901639
+79106901660
+79106901769
+79106901790
+79806910446
+79806911481
+79806911642
+79806911904
+79806912189
+79806912372
+79806912374
+79806912380
+79806912381
+79806912444
+79106803150
+79106803254
+79106803800
+79106804129
+79106804527
+79106804612
+79106804894
+79106805407
+79106805408
+79106805431
+79806678772
+79806681190
+79806682297
+79806682298
+79806682326
+79806682327
+79806682328
+79806682329
+79806682553
+79806682773
+79106670290
+79106670344
+79106670771
+79106670778
+79106670783
+79106671294
+79106671656
+79106671723
+79106671866
+79106671991
+79022420308
+79022420312
+79022420368
+79022420370
+79022420371
+79022420378
+79022420382
+79022420384
+79022420387
+79022420392
+79106900642
+79106900718
+79106901250
+79106901264
+79106901382
+79106901561
+79106901639
+79106901660
+79106901769
+79106901790
+79085600212
+79085600213
+79085600633
+79085600674
+79085600715
+79085600718
+79085600719
+79085601110
+79085601113
+79085601114
+79806910446
+79806911481
+79806911642
+79806911904
+79806912189
+79806912372
+79806912374
+79806912380
+79806912381
+79806912444
+79022420308
+79022420312
+79022420368
+79022420370
+79022420371
+79022420378
+79022420382
+79022420384
+79022420387
+79022420392
