+79100180288
+79085600674
+79806912189
+79158403706
+79806912444
+79023155095
+79106900642
+79109901158
+79158102301
+79807316927
+79158310229
+79158310649
+79106901561
+79158211125
+79807316941
+79158211168
+79022420371
+79158211158
+79106901790
+79158310566
+79508880535
+79807316831
+79106900718
+79806910446
+79806807200
+79806682329
+79158102296
+79508880548
+79022420382
+79023155379
+79106670771
+79158102294
+79106901660
+79109900821
+79807316883
+79106804612
+79109800069
+79106670344
+79106803150
+79109800096
+79158101293
+79806682328
+79085600718
+79085600213
+79022420308
+79158404064
+79022420368
+79508880560
+79106804894
+79023155376
+79806678772
+79158211152
+79807316819
+79158310652
+79806682773
+79158401718
+79109902130
+79106805431
+79109800068
+79158310848
+79106670778
+79085600715
+79806808459
+79022420384
+79806682326
+79106804527
+79508880540
+79806912374
+79508880545
+79022420387
+79158101556
+79106803800
+79023155373
+79807316854
+79106901382
+79508880507
+79106670290
+79085601110
+79158401412
+79023155378
+79106671723
+79106901250
+79806911481
+79806911904
+79806912380
+79806912372
+79806810277
+79109901182
+79109902088
+79085600633
+79806682553
+79508880518
+79085601113
+79106901639
+79158101450
+79106805408
+79085601114
+79109800305
+79106671294
+79158310893
+79106671991
+79806682297
+79023155372
+79806809862
+79023155375
+79158211132
+79023154867
+79158211138
+79109800058
+79158402352
+79158402697
+79158400593
+79158310745
+79508880565
+79106805407
+79806682298
+79106671866
+79508880568
+79109800095
+79806912381
+79085600212
+79106804129
+79806682327
+79158101183
+79109901843
+79158211162
+79106670783
+79023154854
+79109901328
+79022420378
+79806806169
+79807316843
+79109800097
+79106901264
+79022420392
+79806681190
+79806810090
+79109800413
+79100180663
+79109901299
+79158403509
+79158210895
+79158211148
+79807316931
+79022420312
+79806809647
+79158102186
+79158211127
+79106901769
+79807316903
+79085600719
+79806806010
+79109902187
+79158403856
+79158310164
+79806805143
+79100181192
+79158310467
+79158101522
+79158404134
+79109800039
+79106671656
+79806911642
+79158310894
+79806807964
+79807316933
+79158101404
+79106803254
+79109901518
+79109800568
+79023155026
+79022420370
+79508880530
