+79114504788
+79114504879
+79114505267
+79114505286
+79114505374
+79114505409
+79114505470
+79114505473
+79114505475
+79114505489
+79814504988
+79814506584
+79814506727
+79814507168
+79814508328
+79814520375
+79814520901
+79814521549
+79814522354
+79814522686
+79118502115
+79118511590
+79118511803
+79118512557
+79118514296
+79118514602
+79118515045
+79118515108
+79118515114
+79118515119
+79814710652
+79814710655
+79814710659
+79814710674
+79814710718
+79814710932
+79814710973
+79814710986
+79814710989
+79814711346
+79114912627
+79114913423
+79114913531
+79114913532
+79114913813
+79114913898
+79114914570
+79114914586
+79114915647
+79114915695
+79118502115
+79118511590
+79118511803
+79118512557
+79118514296
+79118514602
+79118515045
+79118515108
+79118515114
+79118515119
+79114504788
+79114504879
+79114505267
+79114505286
+79114505374
+79114505409
+79114505470
+79114505473
+79114505475
+79114505489
+79118604347
+79118604893
+79118605436
+79118609574
+79118609585
+79118611933
+79118611969
+79118612112
+79118612602
+79118612671
+79814604863
+79814605402
+79814607653
+79814607772
+79814608650
+79814608689
+79814610491
+79814611126
+79814611261
+79814611433
+79114702722
+79114705366
+79114708740
+79114709037
+79114710642
+79114710686
+79114711260
+79114711422
+79114713659
+79114713708
+79114602952
+79114604389
+79114606005
+79114607331
+79114610727
+79114611104
+79114611456
+79114612472
+79114612909
+79114613077
+79114504788
+79114504879
+79114505267
+79114505286
+79114505374
+79114505409
+79114505470
+79114505473
+79114505475
+79114505489
+79814604863
+79814605402
+79814607653
+79814607772
+79814608650
+79814608689
+79814610491
+79814611126
+79814611261
+79814611433
+79114815891
+79114816275
+79114817257
+79114817274
+79114817482
+79114817637
+79114817740
+79114817816
+79114818079
+79114818178
+79114504788
+79114504879
+79114505267
+79114505286
+79114505374
+79114505409
+79114505470
+79114505473
+79114505475
+79114505489
+79114815891
+79114816275
+79114817257
+79114817274
+79114817482
+79114817637
+79114817740
+79114817816
+79114818079
+79114818178
+79118604893
+79118605436
+79118609574
+79118609585
+79118611933
+79118611969
+79118612112
+79118612602
+79118612671
+79118613051
+79814710652
+79814710655
+79814710659
+79814710674
+79814710718
+79814710932
+79814710973
+79814710986
+79814710989
+79814711346
+79814710652
+79814710655
+79814710659
+79814710674
+79814710718
+79814710932
+79814710973
+79814710986
+79814710989
+79814711346
+79814710652
+79814710655
+79814710659
+79814710674
+79814710718
+79814710932
+79814710973
+79814710986
+79814710989
+79814711346
+79114602952
+79114604389
+79114606005
+79114607331
+79114610727
+79114611104
+79114611456
+79114612472
+79114612909
+79114613077
+79114912627
+79114913423
+79114913531
+79114913532
+79114913813
+79114913898
+79114914570
+79114914586
+79114915647
+79114915695
+79814710652
+79814710655
+79814710659
+79814710674
+79814710718
+79814710932
+79814710973
+79814710986
+79814710989
+79814711346
+79110746147
+79110746302
+79110746721
+79110746856
+79110746879
+79110746942
+79110746945
+79110746952
+79110746959
+79110746968
+79118604893
+79118605436
+79118609574
+79118609585
+79118611933
+79118611969
+79118612112
+79118612602
+79118612671
+79118613051
+79814604863
+79814605402
+79814607653
+79814607772
+79814608650
+79814608689
+79814610491
+79814611126
+79814611261
+79814611433
+79114912627
+79114913423
+79114913531
+79114913532
+79114913813
+79114913898
+79114914570
+79114914586
+79114915647
+79114915695
+79114912627
+79114913423
+79114913531
+79114913532
+79114913813
+79114913898
+79114914570
+79114914586
+79114915647
+79114915695
+79114504788
+79114504879
+79114505267
+79114505286
+79114505374
+79114505409
+79114505470
+79114505473
+79114505475
+79114505489
+79118604893
+79118605436
+79118609574
+79118609585
+79118611933
+79118611969
+79118612112
+79118612602
+79118612671
+79118613051
+79814710652
+79814710655
+79814710659
+79814710674
+79814710718
+79814710932
+79814710973
+79814710986
+79814710989
+79814711346
+79114504788
+79114504879
+79114505267
+79114505286
+79114505374
+79114505409
+79114505470
+79114505473
+79114505475
+79114505489
+79814504988
+79814506584
+79814506727
+79814507168
+79814508328
+79814520375
+79814520901
+79814521549
+79814522354
+79814522686
+79814710652
+79814710655
+79814710659
+79814710674
+79814710718
+79814710932
+79814710973
+79814710986
+79814710989
+79814711346
+79114912627
+79114913423
+79114913531
+79114913532
+79114913813
+79114913898
+79114914570
+79114914586
+79114915647
+79114915695
+79114815891
+79114816275
+79114817257
+79114817274
+79114817482
+79114817637
+79114817740
+79114817816
+79114818079
+79114818178
+79114912627
+79114913423
+79114913531
+79114913532
+79114913813
+79114913898
+79114914570
+79114914586
+79114915647
+79114915695
+79114815891
+79114816275
+79114817257
+79114817274
+79114817482
+79114817637
+79114817740
+79114817816
+79114818079
+79114818178
+79114702722
+79114705366
+79114708740
+79114709037
+79114710642
+79114710686
+79114711260
+79114711422
+79114713659
+79114713708
+79114602952
+79114604389
+79114606005
+79114607331
+79114610727
+79114611104
+79114611456
+79114612472
+79114612909
+79114613077
+79114504788
+79114504879
+79114505267
+79114505286
+79114505374
+79114505409
+79114505470
+79114505473
+79114505475
+79114505489
+79814604863
+79814605402
+79814607653
+79814607772
+79814608650
+79814608689
+79814610491
+79814611126
+79814611261
+79814611433
+79114702722
+79114705366
+79114708740
+79114709037
+79114710642
+79114710686
+79114711260
+79114711422
+79114713659
+79114713708
+79118502115
+79118511590
+79118511803
+79118512557
+79118514296
+79118514602
+79118515045
+79118515108
+79118515114
+79118515119
+79114602952
+79114604389
+79114606005
+79114607331
+79114610727
+79114611104
+79114611456
+79114612472
+79114612909
+79114613077
+79114702722
+79114705366
+79114708740
+79114709037
+79114710642
+79114710686
+79114711260
+79114711422
+79114713659
+79114713708
+79114602952
+79114604389
+79114606005
+79114607331
+79114610727
+79114611104
+79114611456
+79114612472
+79114612909
+79114613077
+79814710652
+79814710655
+79814710659
+79814710674
+79814710718
+79814710932
+79814710973
+79814710986
+79814710989
+79814711346
+79814504988
+79814506584
+79814506727
+79814507168
+79814508328
+79814520375
+79814520901
+79814521549
+79814522354
+79814522686
+79118605436
+79118609574
+79118609585
+79118611933
+79118611969
+79118612112
+79118612602
+79118612671
+79118613051
+79118613095
+79114504788
+79114504879
+79114505267
+79114505286
+79114505374
+79114505409
+79114505470
+79114505473
+79114505475
+79114505489
+79814710652
+79814710655
+79814710659
+79814710674
+79814710718
+79814710932
+79814710973
+79814710986
+79814710989
+79814711346
+79118605436
+79118609574
+79118609585
+79118611933
+79118611969
+79118612112
+79118612602
+79118612671
+79118613051
+79118613095
+79814504988
+79814506584
+79814506727
+79814507168
+79814508328
+79814520375
+79814520901
+79814521549
+79814522354
+79814522686
+79814504988
+79814506584
+79814506727
+79814507168
+79814508328
+79814520375
+79814520901
+79814521549
+79814522354
+79814522686
+79114815891
+79114816275
+79114817257
+79114817274
+79114817482
+79114817637
+79114817740
+79114817816
+79114818079
+79114818178
+79114912627
+79114913423
+79114913531
+79114913532
+79114913813
+79114913898
+79114914570
+79114914586
+79114915647
+79114915695
+79110745666
+79110747072
+79110747073
+79110747079
+79110747081
+79110747082
+79110747085
+79110747088
+79110747098
+79110747100
+79114702722
+79114705366
+79114708740
+79114709037
+79114710642
+79114710686
+79114711260
+79114711422
+79114713659
+79114713708
+79110745666
+79110747072
+79110747073
+79110747079
+79110747081
+79110747082
+79110747085
+79110747088
+79110747098
+79110747100
+79814504988
+79814506584
+79814506727
+79814507168
+79814508328
+79814520375
+79814520901
+79814521549
+79814522354
+79814522686
+79814504988
+79814506584
+79814506727
+79814507168
+79814508328
+79814520375
+79814520901
+79814521549
+79814522354
+79814522686
+79110745666
+79110747072
+79110747073
+79110747079
+79110747081
+79110747082
+79110747085
+79110747088
+79110747098
+79110747100
+79814504988
+79814506584
+79814506727
+79814507168
+79814508328
+79814520375
+79814520901
+79814521549
+79814522354
+79814522686
+79814604863
+79814605402
+79814607653
+79814607772
+79814608650
+79814608689
+79814610491
+79814611126
+79814611261
+79814611433
+79114504788
+79114504879
+79114505267
+79114505286
+79114505374
+79114505409
+79114505470
+79114505473
+79114505475
+79114505489
+79114815891
+79114816275
+79114817257
+79114817274
+79114817482
+79114817637
+79114817740
+79114817816
+79114818079
+79114818178
+79114815891
+79114816275
+79114817257
+79114817274
+79114817482
+79114817637
+79114817740
+79114817816
+79114818079
+79114818178
+79118502115
+79118511590
+79118511803
+79118512557
+79118514296
+79118514602
+79118515045
+79118515108
+79118515114
+79118515119
+79118605436
+79118609574
+79118609585
+79118611933
+79118611969
+79118612112
+79118612602
+79118612671
+79118613051
+79118613095
+79114912627
+79114913423
+79114913531
+79114913532
+79114913813
+79114913898
+79114914570
+79114914586
+79114915647
+79114915695
+79114815891
+79114816275
+79114817257
+79114817274
+79114817482
+79114817637
+79114817740
+79114817816
+79114818079
+79114818178
+79814604863
+79814605402
+79814607653
+79814607772
+79814608650
+79814608689
+79814610491
+79814611126
+79814611261
+79814611433
+79814504988
+79814506584
+79814506727
+79814507168
+79814508328
+79814520375
+79814520901
+79814521549
+79814522354
+79814522686
+79814504988
+79814506584
+79814506727
+79814507168
+79814508328
+79814520375
+79814520901
+79814521549
+79814522354
+79814522686
+79114815891
+79114816275
+79114817257
+79114817274
+79114817482
+79114817637
+79114817740
+79114817816
+79114818079
+79114818178
+79118502115
+79118511590
+79118511803
+79118512557
+79118514296
+79118514602
+79118515045
+79118515108
+79118515114
+79118515119
+79814710652
+79814710655
+79814710659
+79814710674
+79814710718
+79814710932
+79814710973
+79814710986
+79814710989
+79814711346
+79114702722
+79114705366
+79114708740
+79114709037
+79114710642
+79114710686
+79114711260
+79114711422
+79114713659
+79114713708
+79118604347
+79118605436
+79118609574
+79118609585
+79118611933
+79118611969
+79118612112
+79118612602
+79118612671
+79118613051
+79118502115
+79118511590
+79118511803
+79118512557
+79118514296
+79118514602
+79118515045
+79118515108
+79118515114
+79118515119
+79814504988
+79814506584
+79814506727
+79814507168
+79814508328
+79814520375
+79814520901
+79814521549
+79814522354
+79814522686
+79110745666
+79110746147
+79110746302
+79110746721
+79110746856
+79110746942
+79110746945
+79110746952
+79110746959
+79110746968
+79114504788
+79114504879
+79114505267
+79114505286
+79114505374
+79114505409
+79114505470
+79114505473
+79114505475
+79114505489
+79114912627
+79114913423
+79114913531
+79114913532
+79114913813
+79114913898
+79114914570
+79114914586
+79114915647
+79114915695
