+79805100186
+79805100940
+79805101025
+79805101735
+79805101759
+79805101761
+79805104172
+79805104745
+79805106397
+79805106697
+79105201003
+79105201954
+79105201964
+79105202482
+79105203664
+79105205136
+79105205381
+79105205691
+79105205835
+79105205874
+79807100889
+79807101640
+79807101842
+79807102749
+79807103816
+79807104046
+79807104651
+79807104936
+79807105026
+79807105093
+79107072177
+79107072178
+79107072180
+79107072186
+79107072189
+79107072196
+79107072237
+79107072238
+79107072239
+79107072254
+79108604377
+79108604382
+79108604415
+79108604738
+79108605424
+79108606651
+79108607533
+79108607765
+79108609285
+79108609721
+79158901089
+79158901336
+79158902426
+79158904204
+79158905490
+79158905743
+79158905926
+79158905952
+79158906054
+79158906116
+79105900165
+79105900916
+79105901609
+79105902690
+79105903597
+79105903911
+79105904789
+79105905023
+79105908708
+79105908853
+79105125699
+79105125715
+79105125723
+79105125740
+79105125785
+79105125786
+79105125790
+79105125791
+79105125798
+79105125812
+79109100675
+79109101285
+79109101378
+79109104285
+79109106390
+79109106505
+79109108377
+79109108507
+79109108638
+79109109498
+79105900165
+79105900916
+79105901609
+79105902690
+79105903597
+79105903911
+79105904789
+79105905023
+79105908708
+79105908853
+79158901089
+79158901336
+79158902426
+79158904204
+79158905490
+79158905743
+79158905926
+79158905952
+79158906054
+79158906116
+79190301364
+79190301499
+79190303426
+79190303449
+79190303467
+79190303472
+79190303479
+79190303484
+79190303485
+79190303488
+79105900165
+79105900916
+79105901609
+79105902690
+79105903597
+79105903911
+79105904789
+79105905023
+79105908708
+79105908853
+79807100889
+79807101640
+79807101842
+79807102749
+79807103816
+79807104046
+79807104651
+79807104936
+79807105026
+79807105093
+79109100675
+79109101285
+79109101378
+79109104285
+79109106390
+79109106505
+79109108377
+79109108507
+79109108638
+79109109498
+79158901089
+79158901336
+79158902426
+79158904204
+79158905490
+79158905743
+79158905926
+79158905952
+79158906054
+79158906116
+79190301364
+79190301499
+79190303426
+79190303449
+79190303467
+79190303472
+79190303479
+79190303484
+79190303485
+79190303488
+79158901089
+79158901336
+79158902426
+79158904204
+79158905490
+79158905743
+79158905926
+79158905952
+79158906054
+79158906116
+79109100675
+79109101285
+79109101378
+79109104285
+79109106390
+79109106505
+79109108377
+79109108507
+79109108638
+79109109498
+79805100186
+79805100940
+79805101025
+79805101735
+79805101759
+79805101761
+79805104172
+79805104745
+79805106397
+79805106697
+79105201003
+79105201954
+79105201964
+79105202482
+79105203664
+79105205136
+79105205381
+79105205691
+79105205835
+79105205874
+79805166371
+79805166548
+79805166549
+79805166571
+79805166572
+79805166575
+79805166717
+79805166727
+79805166757
+79805166982
+79807100889
+79807101640
+79807101842
+79807102749
+79807103816
+79807104046
+79807104651
+79807104936
+79807105026
+79807105093
+79190301364
+79190301499
+79190303426
+79190303449
+79190303467
+79190303472
+79190303479
+79190303484
+79190303485
+79190303488
+79108604377
+79108604382
+79108604415
+79108604738
+79108605424
+79108606651
+79108607533
+79108607765
+79108609285
+79108609721
+79109100675
+79109101285
+79109101378
+79109104285
+79109106390
+79109106505
+79109108377
+79109108507
+79109108638
+79109109498
+79190301364
+79190301499
+79190303426
+79190303449
+79190303467
+79190303472
+79190303479
+79190303484
+79190303485
+79190303488
+79105201003
+79105201954
+79105201964
+79105202482
+79105203664
+79105205136
+79105205381
+79105205691
+79105205835
+79105205874
+79108604377
+79108604382
+79108604415
+79108604738
+79108605424
+79108606651
+79108607533
+79108607765
+79108609285
+79108609721
+79105900165
+79105900916
+79105901609
+79105902690
+79105903597
+79105903911
+79105904789
+79105905023
+79105908708
+79105908853
+79107072177
+79107072178
+79107072180
+79107072186
+79107072189
+79107072196
+79107072237
+79107072238
+79107072239
+79107072254
+79105201003
+79105201954
+79105201964
+79105202482
+79105203664
+79105205136
+79105205381
+79105205691
+79105205835
+79105205874
+79807100889
+79807101640
+79807101842
+79807102749
+79807103816
+79807104046
+79807104651
+79807104936
+79807105026
+79807105093
+79105900165
+79105900916
+79105901609
+79105902690
+79105903597
+79105903911
+79105904789
+79105905023
+79105908708
+79105908853
+79105900165
+79105900916
+79105901609
+79105902690
+79105903597
+79105903911
+79105904789
+79105905023
+79105908708
+79105908853
+79807100889
+79807101640
+79807101842
+79807102749
+79807103816
+79807104046
+79807104651
+79807104936
+79807105026
+79807105093
+79807100889
+79807101640
+79807101842
+79807102749
+79807103816
+79807104046
+79807104651
+79807104936
+79807105026
+79807105093
+79108604377
+79108604382
+79108604415
+79108604738
+79108605424
+79108606651
+79108607533
+79108607765
+79108609285
+79108609721
+79158901089
+79158901336
+79158902426
+79158904204
+79158905490
+79158905743
+79158905926
+79158905952
+79158906054
+79158906116
+79105404503
+79105406249
+79105407161
+79105407317
+79105407334
+79105407365
+79105407457
+79105407588
+79105407649
+79105408129
+79105404503
+79105406249
+79105407161
+79105407317
+79105407334
+79105407365
+79105407457
+79105407588
+79105407649
+79105408129
+79805100186
+79805100940
+79805101025
+79805101735
+79805101759
+79805101761
+79805104172
+79805104745
+79805106397
+79805106697
+79109100675
+79109101285
+79109101378
+79109104285
+79109106390
+79109106505
+79109108377
+79109108507
+79109108638
+79109109498
+79105404503
+79105406249
+79105407161
+79105407317
+79105407334
+79105407365
+79105407457
+79105407588
+79105407649
+79105408129
+79105404503
+79105406249
+79105407161
+79105407317
+79105407334
+79105407365
+79105407457
+79105407588
+79105407649
+79105408129
+79105125699
+79105125715
+79105125723
+79105125740
+79105125785
+79105125786
+79105125790
+79105125791
+79105125798
+79105125812
+79108604377
+79108604382
+79108604415
+79108604738
+79108605424
+79108606651
+79108607533
+79108607765
+79108609285
+79108609721
+79105404503
+79105406249
+79105407161
+79105407317
+79105407334
+79105407365
+79105407457
+79105407588
+79105407649
+79105408129
+79105404503
+79105406249
+79105407161
+79105407317
+79105407334
+79105407365
+79105407457
+79105407588
+79105407649
+79105408129
+79805166371
+79805166548
+79805166549
+79805166571
+79805166572
+79805166575
+79805166717
+79805166727
+79805166757
+79805166982
+79106002078
+79106003538
+79106004425
+79106007414
+79106007471
+79106008146
+79106009439
+79106012471
+79106014434
+79106014512
+79107072177
+79107072178
+79107072180
+79107072186
+79107072189
+79107072196
+79107072237
+79107072238
+79107072239
+79107072254
+79109100675
+79109101285
+79109101378
+79109104285
+79109106390
+79109106505
+79109108377
+79109108507
+79109108638
+79109109498
+79105125699
+79105125715
+79105125723
+79105125740
+79105125785
+79105125786
+79105125790
+79105125791
+79105125798
+79105125812
+79805100186
+79805100940
+79805101025
+79805101735
+79805101759
+79805101761
+79805104172
+79805104745
+79805106397
+79805106697
+79807100889
+79807101640
+79807101842
+79807102749
+79807103816
+79807104046
+79807104651
+79807104936
+79807105026
+79807105093
+79807100889
+79807101640
+79807101842
+79807102749
+79807103816
+79807104046
+79807104651
+79807104936
+79807105026
+79807105093
+79106002078
+79106003538
+79106004425
+79106007414
+79106007471
+79106008146
+79106009439
+79106012471
+79106014434
+79106014512
+79158901089
+79158901336
+79158902426
+79158904204
+79158905490
+79158905743
+79158905926
+79158905952
+79158906054
+79158906116
+79109100675
+79109101285
+79109101378
+79109104285
+79109106390
+79109106505
+79109108377
+79109108507
+79109108638
+79109109498
+79805166371
+79805166548
+79805166549
+79805166571
+79805166572
+79805166575
+79805166717
+79805166727
+79805166757
+79805166982
+79105201003
+79105201954
+79105201964
+79105202482
+79105203664
+79105205136
+79105205381
+79105205691
+79105205835
+79105205874
+79105404503
+79105406249
+79105407161
+79105407317
+79105407334
+79105407365
+79105407457
+79105407588
+79105407649
+79105408129
+79105201003
+79105201954
+79105201964
+79105202482
+79105203664
+79105205136
+79105205381
+79105205691
+79105205835
+79105205874
+79106002078
+79106003538
+79106004425
+79106007414
+79106007471
+79106008146
+79106009439
+79106012471
+79106014434
+79106014512
+79105404503
+79105406249
+79105407161
+79105407317
+79105407334
+79105407365
+79105407457
+79105407588
+79105407649
+79105408129
+79805100186
+79805100940
+79805101025
+79805101735
+79805101759
+79805101761
+79805104172
+79805104745
+79805106397
+79805106697
+79190301364
+79190301499
+79190303426
+79190303449
+79190303467
+79190303472
+79190303479
+79190303484
+79190303485
+79190303488
+79807100889
+79807101640
+79807101842
+79807102749
+79807103816
+79807104046
+79807104651
+79807104936
+79807105026
+79807105093
+79109100675
+79109101285
+79109101378
+79109104285
+79109106390
+79109106505
+79109108377
+79109108507
+79109108638
+79109109498
+79190301364
+79190301499
+79190303426
+79190303449
+79190303467
+79190303472
+79190303479
+79190303484
+79190303485
+79190303488
+79805100186
+79805100940
+79805101025
+79805101735
+79805101759
+79805101761
+79805104172
+79805104745
+79805106397
+79805106697
+79105404503
+79105406249
+79105407161
+79105407317
+79105407334
+79105407365
+79105407457
+79105407588
+79105407649
+79105408129
+79805166371
+79805166548
+79805166549
+79805166571
+79805166572
+79805166575
+79805166717
+79805166727
+79805166757
+79805166982
+79107072177
+79107072178
+79107072180
+79107072186
+79107072189
+79107072196
+79107072237
+79107072238
+79107072239
+79107072254
+79105201003
+79105201954
+79105201964
+79105202482
+79105203664
+79105205136
+79105205381
+79105205691
+79105205835
+79105205874
+79106002078
+79106003538
+79106004425
+79106007414
+79106007471
+79106008146
+79106009439
+79106012471
+79106014434
+79106014512
+79105125699
+79105125715
+79105125723
+79105125740
+79105125785
+79105125786
+79105125790
+79105125791
+79105125798
+79105125812
+79807100889
+79807101640
+79807101842
+79807102749
+79807103816
+79807104046
+79807104651
+79807104936
+79807105026
+79807105093
+79105900165
+79105900916
+79105901609
+79105902690
+79105903597
+79105903911
+79105904789
+79105905023
+79105908708
+79105908853
+79190301364
+79190301499
+79190303426
+79190303449
+79190303467
+79190303472
+79190303479
+79190303484
+79190303485
+79190303488
+79807100889
+79807101640
+79807101842
+79807102749
+79807103816
+79807104046
+79807104651
+79807104936
+79807105026
+79807105093
+79107072177
+79107072178
+79107072180
+79107072186
+79107072189
+79107072196
+79107072237
+79107072238
+79107072239
+79107072254
+79190301364
+79190301499
+79190303426
+79190303449
+79190303467
+79190303472
+79190303479
+79190303484
+79190303485
+79190303488
+79105201003
+79105201954
+79105201964
+79105202482
+79105203664
+79105205136
+79105205381
+79105205691
+79105205835
+79105205874
+79107072177
+79107072178
+79107072180
+79107072186
+79107072189
+79107072196
+79107072237
+79107072238
+79107072239
+79107072254
+79158901089
+79158901336
+79158902426
+79158904204
+79158905490
+79158905743
+79158905926
+79158905952
+79158906054
+79158906116
+79105404503
+79105406249
+79105407161
+79105407317
+79105407334
+79105407365
+79105407457
+79105407588
+79105407649
+79105408129
+79190301364
+79190301499
+79190303426
+79190303449
+79190303467
+79190303472
+79190303479
+79190303484
+79190303485
+79190303488
+79105201003
+79105201954
+79105201964
+79105202482
+79105203664
+79105205136
+79105205381
+79105205691
+79105205835
+79105205874
+79105900165
+79105900916
+79105901609
+79105902690
+79105903597
+79105903911
+79105904789
+79105905023
+79105908708
+79105908853
+79807100889
+79807101640
+79807101842
+79807102749
+79807103816
+79807104046
+79807104651
+79807104936
+79807105026
+79807105093
+79105201003
+79105201954
+79105201964
+79105202482
+79105203664
+79105205136
+79105205381
+79105205691
+79105205835
+79105205874
+79105900165
+79105900916
+79105901609
+79105902690
+79105903597
+79105903911
+79105904789
+79105905023
+79105908708
+79105908853
+79107072177
+79107072178
+79107072180
+79107072186
+79107072189
+79107072196
+79107072237
+79107072238
+79107072239
+79107072254
+79107072177
+79107072178
+79107072180
+79107072186
+79107072189
+79107072196
+79107072237
+79107072238
+79107072239
+79107072254
+79108604377
+79108604382
+79108604415
+79108604738
+79108605424
+79108606651
+79108607533
+79108607765
+79108609285
+79108609721
+79805166371
+79805166548
+79805166549
+79805166571
+79805166572
+79805166575
+79805166717
+79805166727
+79805166757
+79805166982
+79108604377
+79108604382
+79108604415
+79108604738
+79108605424
+79108606651
+79108607533
+79108607765
+79108609285
+79108609721
+79108604377
+79108604382
+79108604415
+79108604738
+79108605424
+79108606651
+79108607533
+79108607765
+79108609285
+79108609721
+79105404503
+79105406249
+79105407161
+79105407317
+79105407334
+79105407365
+79105407457
+79105407588
+79105407649
+79105408129
+79106002078
+79106003538
+79106004425
+79106007414
+79106007471
+79106008146
+79106009439
+79106012471
+79106014434
+79106014512
+79190301364
+79190301499
+79190303426
+79190303449
+79190303467
+79190303472
+79190303479
+79190303484
+79190303485
+79190303488
+79190301364
+79190301499
+79190303426
+79190303449
+79190303467
+79190303472
+79190303479
+79190303484
+79190303485
+79190303488
+79108604377
+79108604382
+79108604415
+79108604738
+79108605424
+79108606651
+79108607533
+79108607765
+79108609285
+79108609721
+79105404503
+79105406249
+79105407161
+79105407317
+79105407334
+79105407365
+79105407457
+79105407588
+79105407649
+79105408129
+79109100675
+79109101285
+79109101378
+79109104285
+79109106390
+79109106505
+79109108377
+79109108507
+79109108638
+79109109498
+79109100675
+79109101285
+79109101378
+79109104285
+79109106390
+79109106505
+79109108377
+79109108507
+79109108638
+79109109498
+79805100186
+79805100940
+79805101025
+79805101735
+79805101759
+79805101761
+79805104172
+79805104745
+79805106397
+79805106697
+79109100675
+79109101285
+79109101378
+79109104285
+79109106390
+79109106505
+79109108377
+79109108507
+79109108638
+79109109498
+79105900165
+79105900916
+79105901609
+79105902690
+79105903597
+79105903911
+79105904789
+79105905023
+79105908708
+79105908853
+79807100889
+79807101640
+79807101842
+79807102749
+79807103816
+79807104046
+79807104651
+79807104936
+79807105026
+79807105093
+79107072177
+79107072178
+79107072180
+79107072186
+79107072189
+79107072196
+79107072237
+79107072238
+79107072239
+79107072254
+79190301364
+79190301499
+79190303426
+79190303449
+79190303467
+79190303472
+79190303479
+79190303484
+79190303485
+79190303488
+79807100889
+79807101640
+79807101842
+79807102749
+79807103816
+79807104046
+79807104651
+79807104936
+79807105026
+79807105093
+79158901089
+79158901336
+79158902426
+79158904204
+79158905490
+79158905743
+79158905926
+79158905952
+79158906054
+79158906116
+79106002078
+79106003538
+79106004425
+79106007414
+79106007471
+79106008146
+79106009439
+79106012471
+79106014434
+79106014512
+79105404503
+79105406249
+79105407161
+79105407317
+79105407334
+79105407365
+79105407457
+79105407588
+79105407649
+79105408129
+79106002078
+79106003538
+79106004425
+79106007414
+79106007471
+79106008146
+79106009439
+79106012471
+79106014434
+79106014512
+79108604377
+79108604382
+79108604415
+79108604738
+79108605424
+79108606651
+79108607533
+79108607765
+79108609285
+79108609721
+79105900165
+79105900916
+79105901609
+79105902690
+79105903597
+79105903911
+79105904789
+79105905023
+79105908708
+79105908853
+79108604377
+79108604382
+79108604415
+79108604738
+79108605424
+79108606651
+79108607533
+79108607765
+79108609285
+79108609721
+79108604377
+79108604382
+79108604415
+79108604738
+79108605424
+79108606651
+79108607533
+79108607765
+79108609285
+79108609721
+79190301364
+79190301499
+79190303426
+79190303449
+79190303467
+79190303472
+79190303479
+79190303484
+79190303485
+79190303488
+79105125699
+79105125715
+79105125723
+79105125740
+79105125785
+79105125786
+79105125790
+79105125791
+79105125798
+79105125812
+79807100889
+79807101640
+79807101842
+79807102749
+79807103816
+79807104046
+79807104651
+79807104936
+79807105026
+79807105093
+79105201003
+79105201954
+79105201964
+79105202482
+79105203664
+79105205136
+79105205381
+79105205691
+79105205835
+79105205874
+79158901089
+79158901336
+79158902426
+79158904204
+79158905490
+79158905743
+79158905926
+79158905952
+79158906054
+79158906116
+79807100889
+79807101640
+79807101842
+79807102749
+79807103816
+79807104046
+79807104651
+79807104936
+79807105026
+79807105093
+79190301364
+79190301499
+79190303426
+79190303449
+79190303467
+79190303472
+79190303479
+79190303484
+79190303485
+79190303488
+79106002078
+79106003538
+79106004425
+79106007414
+79106007471
+79106008146
+79106009439
+79106012471
+79106014434
+79106014512
+79805166371
+79805166548
+79805166549
+79805166571
+79805166572
+79805166575
+79805166717
+79805166727
+79805166757
+79805166982
+79105201003
+79105201954
+79105201964
+79105202482
+79105203664
+79105205136
+79105205381
+79105205691
+79105205835
+79105205874
+79158901089
+79158901336
+79158902426
+79158904204
+79158905490
+79158905743
+79158905926
+79158905952
+79158906054
+79158906116
+79105900165
+79105900916
+79105901609
+79105902690
+79105903597
+79105903911
+79105904789
+79105905023
+79105908708
+79105908853
+79805100186
+79805100940
+79805101025
+79805101735
+79805101759
+79805101761
+79805104172
+79805104745
+79805106397
+79805106697
+79105125699
+79105125715
+79105125723
+79105125740
+79105125785
+79105125786
+79105125790
+79105125791
+79105125798
+79105125812
+79105201003
+79105201954
+79105201964
+79105202482
+79105203664
+79105205136
+79105205381
+79105205691
+79105205835
+79105205874
+79105201003
+79105201954
+79105201964
+79105202482
+79105203664
+79105205136
+79105205381
+79105205691
+79105205835
+79105205874
+79158901089
+79158901336
+79158902426
+79158904204
+79158905490
+79158905743
+79158905926
+79158905952
+79158906054
+79158906116
+79105125699
+79105125715
+79105125723
+79105125740
+79105125785
+79105125786
+79105125790
+79105125791
+79105125798
+79105125812
+79106002078
+79106003538
+79106004425
+79106007414
+79106007471
+79106008146
+79106009439
+79106012471
+79106014434
+79106014512
+79105201003
+79105201954
+79105201964
+79105202482
+79105203664
+79105205136
+79105205381
+79105205691
+79105205835
+79105205874
+79106002078
+79106003538
+79106004425
+79106007414
+79106007471
+79106008146
+79106009439
+79106012471
+79106014434
+79106014512
+79109100675
+79109101285
+79109101378
+79109104285
+79109106390
+79109106505
+79109108377
+79109108507
+79109108638
+79109109498
+79805100186
+79805100940
+79805101025
+79805101735
+79805101759
+79805101761
+79805104172
+79805104745
+79805106397
+79805106697
+79108604377
+79108604382
+79108604415
+79108604738
+79108605424
+79108606651
+79108607533
+79108607765
+79108609285
+79108609721
+79105125699
+79105125715
+79105125723
+79105125740
+79105125785
+79105125786
+79105125790
+79105125791
+79105125798
+79105125812
+79805166371
+79805166548
+79805166549
+79805166571
+79805166572
+79805166575
+79805166717
+79805166727
+79805166757
+79805166982
+79158901089
+79158901336
+79158902426
+79158904204
+79158905490
+79158905743
+79158905926
+79158905952
+79158906054
+79158906116
+79105201003
+79105201954
+79105201964
+79105202482
+79105203664
+79105205136
+79105205381
+79105205691
+79105205835
+79105205874
+79108604377
+79108604382
+79108604415
+79108604738
+79108605424
+79108606651
+79108607533
+79108607765
+79108609285
+79108609721
+79805166371
+79805166548
+79805166549
+79805166571
+79805166572
+79805166575
+79805166717
+79805166727
+79805166757
+79805166982
+79106002078
+79106003538
+79106004425
+79106007414
+79106007471
+79106008146
+79106009439
+79106012471
+79106014434
+79106014512
+79158901089
+79158901336
+79158902426
+79158904204
+79158905490
+79158905743
+79158905926
+79158905952
+79158906054
+79158906116
+79807100889
+79807101640
+79807101842
+79807102749
+79807103816
+79807104046
+79807104651
+79807104936
+79807105026
+79807105093
+79190301364
+79190301499
+79190303426
+79190303449
+79190303467
+79190303472
+79190303479
+79190303484
+79190303485
+79190303488
+79158901089
+79158901336
+79158902426
+79158904204
+79158905490
+79158905743
+79158905926
+79158905952
+79158906054
+79158906116
+79158901089
+79158901336
+79158902426
+79158904204
+79158905490
+79158905743
+79158905926
+79158905952
+79158906054
+79158906116
+79105201003
+79105201954
+79105201964
+79105202482
+79105203664
+79105205136
+79105205381
+79105205691
+79105205835
+79105205874
+79108604377
+79108604382
+79108604415
+79108604738
+79108605424
+79108606651
+79108607533
+79108607765
+79108609285
+79108609721
+79807100889
+79807101640
+79807101842
+79807102749
+79807103816
+79807104046
+79807104651
+79807104936
+79807105026
+79807105093
+79105404503
+79105406249
+79105407161
+79105407317
+79105407334
+79105407365
+79105407457
+79105407588
+79105407649
+79105408129
+79158901089
+79158901336
+79158902426
+79158904204
+79158905490
+79158905743
+79158905926
+79158905952
+79158906054
+79158906116
+79105201003
+79105201954
+79105201964
+79105202482
+79105203664
+79105205136
+79105205381
+79105205691
+79105205835
+79105205874
+79108604377
+79108604382
+79108604415
+79108604738
+79108605424
+79108606651
+79108607533
+79108607765
+79108609285
+79108609721
+79105900165
+79105900916
+79105901609
+79105902690
+79105903597
+79105903911
+79105904789
+79105905023
+79105908708
+79105908853
+79108604377
+79108604382
+79108604415
+79108604738
+79108605424
+79108606651
+79108607533
+79108607765
+79108609285
+79108609721
+79805100186
+79805100940
+79805101025
+79805101735
+79805101759
+79805101761
+79805104172
+79805104745
+79805106397
+79805106697
+79105201003
+79105201954
+79105201964
+79105202482
+79105203664
+79105205136
+79105205381
+79105205691
+79105205835
+79105205874
+79107072178
+79107072180
+79107072186
+79107072189
+79107072196
+79107072237
+79107072238
+79107072239
+79107072254
+79107072269
+79106002078
+79106003538
+79106004425
+79106007414
+79106007471
+79106008146
+79106009439
+79106012471
+79106014434
+79106014512
+79807100889
+79807101640
+79807101842
+79807102749
+79807103816
+79807104046
+79807104651
+79807104936
+79807105026
+79807105093
+79105404503
+79105406249
+79105407161
+79105407317
+79105407334
+79105407365
+79105407457
+79105407588
+79105407649
+79105408129
+79105404503
+79105406249
+79105407161
+79105407317
+79105407334
+79105407365
+79105407457
+79105407588
+79105407649
+79105408129
+79158901089
+79158901336
+79158902426
+79158904204
+79158905490
+79158905743
+79158905926
+79158905952
+79158906054
+79158906116
+79106002078
+79106003538
+79106004425
+79106007414
+79106007471
+79106008146
+79106009439
+79106012471
+79106014434
+79106014512
+79158901089
+79158901336
+79158902426
+79158904204
+79158905490
+79158905743
+79158905926
+79158905952
+79158906054
+79158906116
+79105125819
+79105125820
+79105125867
+79105125893
+79105125903
+79105125907
+79105125960
+79105125984
+79105125991
+79105126002
+79108604377
+79108604382
+79108604415
+79108604738
+79108605424
+79108606651
+79108607533
+79108607765
+79108609285
+79108609721
+79108604377
+79108604382
+79108604415
+79108604738
+79108605424
+79108606651
+79108607533
+79108607765
+79108609285
+79108609721
+79805166371
+79805166548
+79805166549
+79805166571
+79805166572
+79805166575
+79805166717
+79805166727
+79805166757
+79805166982
+79105125819
+79105125820
+79105125867
+79105125893
+79105125903
+79105125907
+79105125960
+79105125984
+79105125991
+79105126002
+79805166371
+79805166548
+79805166549
+79805166571
+79805166572
+79805166575
+79805166717
+79805166727
+79805166757
+79805166982
+79105404503
+79105406249
+79105407161
+79105407317
+79105407334
+79105407365
+79105407457
+79105407588
+79105407649
+79105408129
+79109100675
+79109101285
+79109101378
+79109104285
+79109106390
+79109106505
+79109108377
+79109108507
+79109108638
+79109109498
+79105900165
+79105900916
+79105901609
+79105902690
+79105903597
+79105903911
+79105904789
+79105905023
+79105908708
+79105908853
+79107072178
+79107072180
+79107072186
+79107072189
+79107072196
+79107072237
+79107072238
+79107072239
+79107072254
+79107072269
+79805166371
+79805166548
+79805166549
+79805166571
+79805166572
+79805166575
+79805166717
+79805166727
+79805166757
+79805166982
+79105125819
+79105125820
+79105125867
+79105125893
+79105125903
+79105125907
+79105125960
+79105125984
+79105125991
+79105126002
+79807100889
+79807101640
+79807101842
+79807102749
+79807103816
+79807104046
+79807104651
+79807104936
+79807105026
+79807105093
+79105201003
+79105201954
+79105201964
+79105202482
+79105203664
+79105205136
+79105205381
+79105205691
+79105205835
+79105205874
+79190301364
+79190301499
+79190303426
+79190303449
+79190303467
+79190303472
+79190303479
+79190303484
+79190303485
+79190303488
+79106002078
+79106003538
+79106004425
+79106007414
+79106007471
+79106008146
+79106009439
+79106012471
+79106014434
+79106014512
+79106002078
+79106003538
+79106004425
+79106007414
+79106007471
+79106008146
+79106009439
+79106012471
+79106014434
+79106014512
+79158901089
+79158901336
+79158902426
+79158904204
+79158905490
+79158905743
+79158905926
+79158905952
+79158906054
+79158906116
+79805166371
+79805166548
+79805166549
+79805166571
+79805166572
+79805166575
+79805166717
+79805166727
+79805166757
+79805166982
+79106002078
+79106003538
+79106004425
+79106007414
+79106007471
+79106008146
+79106009439
+79106012471
+79106014434
+79106014512
+79105404503
+79105406249
+79105407161
+79105407317
+79105407334
+79105407365
+79105407457
+79105407588
+79105407649
+79105408129
+79106002078
+79106003538
+79106004425
+79106007414
+79106007471
+79106008146
+79106009439
+79106012471
+79106014434
+79106014512
+79190301364
+79190301499
+79190303426
+79190303449
+79190303467
+79190303472
+79190303479
+79190303484
+79190303485
+79190303488
+79107072178
+79107072180
+79107072186
+79107072189
+79107072196
+79107072237
+79107072238
+79107072239
+79107072254
+79107072269
+79807100889
+79807101640
+79807101842
+79807102749
+79807103816
+79807104046
+79807104651
+79807104936
+79807105026
+79807105093
+79807100889
+79807101640
+79807101842
+79807102749
+79807103816
+79807104046
+79807104651
+79807104936
+79807105026
+79807105093
+79109100675
+79109101285
+79109101378
+79109104285
+79109106390
+79109106505
+79109108377
+79109108507
+79109108638
+79109109498
+79105900165
+79105900916
+79105901609
+79105902690
+79105903597
+79105903911
+79105904789
+79105905023
+79105908708
+79105908853
+79106002078
+79106003538
+79106004425
+79106007414
+79106007471
+79106008146
+79106009439
+79106012471
+79106014434
+79106014512
+79805100186
+79805100940
+79805101025
+79805101735
+79805101759
+79805101761
+79805104172
+79805104745
+79805106397
+79805106697
+79805166371
+79805166548
+79805166549
+79805166571
+79805166572
+79805166575
+79805166717
+79805166727
+79805166757
+79805166982
+79807100889
+79807101640
+79807101842
+79807102749
+79807103816
+79807104046
+79807104651
+79807104936
+79807105026
+79807105093
+79108604377
+79108604382
+79108604415
+79108604738
+79108605424
+79108606651
+79108607533
+79108607765
+79108609285
+79108609721
+79105201003
+79105201954
+79105201964
+79105202482
+79105203664
+79105205136
+79105205381
+79105205691
+79105205835
+79105205874
+79805100186
+79805100940
+79805101025
+79805101735
+79805101759
+79805101761
+79805104172
+79805104745
+79805106397
+79805106697
+79105900165
+79105900916
+79105901609
+79105902690
+79105903597
+79105903911
+79105904789
+79105905023
+79105908708
+79105908853
+79105201003
+79105201954
+79105201964
+79105202482
+79105203664
+79105205136
+79105205381
+79105205691
+79105205835
+79105205874
+79105404503
+79105406249
+79105407161
+79105407317
+79105407334
+79105407365
+79105407457
+79105407588
+79105407649
+79105408129
+79105900165
+79105900916
+79105901609
+79105902690
+79105903597
+79105903911
+79105904789
+79105905023
+79105908708
+79105908853
+79158901089
+79158901336
+79158902426
+79158904204
+79158905490
+79158905743
+79158905926
+79158905952
+79158906054
+79158906116
+79105201003
+79105201954
+79105201964
+79105202482
+79105203664
+79105205136
+79105205381
+79105205691
+79105205835
+79105205874
+79807101640
+79807101842
+79807102749
+79807103816
+79807104046
+79807104651
+79807104936
+79807105026
+79807105093
+79807105192
+79107072177
+79107072178
+79107072180
+79107072186
+79107072189
+79107072196
+79107072237
+79107072238
+79107072239
+79107072254
+79105201003
+79105201954
+79105201964
+79105202482
+79105203664
+79105205136
+79105205381
+79105205691
+79105205835
+79105205874
+79805166371
+79805166548
+79805166549
+79805166571
+79805166572
+79805166575
+79805166717
+79805166727
+79805166757
+79805166982
+79106002078
+79106003538
+79106004425
+79106007414
+79106007471
+79106008146
+79106009439
+79106012471
+79106014434
+79106014512
+79109100675
+79109101285
+79109101378
+79109104285
+79109106390
+79109106505
+79109108377
+79109108507
+79109108638
+79109109498
+79807101640
+79807101842
+79807102749
+79807103816
+79807104046
+79807104651
+79807104936
+79807105026
+79807105093
+79807105192
+79190301364
+79190301499
+79190303426
+79190303449
+79190303467
+79190303472
+79190303479
+79190303484
+79190303485
+79190303488
+79105900165
+79105900916
+79105901609
+79105902690
+79105903597
+79105903911
+79105904789
+79105905023
+79105908708
+79105908853
+79105125699
+79105125715
+79105125723
+79105125740
+79105125785
+79105125786
+79105125790
+79105125791
+79105125798
+79105125812
+79190301364
+79190301499
+79190303426
+79190303449
+79190303467
+79190303472
+79190303479
+79190303484
+79190303485
+79190303488
+79106002078
+79106003538
+79106004425
+79106007414
+79106007471
+79106008146
+79106009439
+79106012471
+79106014434
+79106014512
+79105900165
+79105900916
+79105901609
+79105902690
+79105903597
+79105903911
+79105904789
+79105905023
+79105908708
+79105908853
+79805166371
+79805166548
+79805166549
+79805166571
+79805166572
+79805166575
+79805166717
+79805166727
+79805166757
+79805166982
+79106002078
+79106003538
+79106004425
+79106007414
+79106007471
+79106008146
+79106009439
+79106012471
+79106014434
+79106014512
+79106002078
+79106003538
+79106004425
+79106007414
+79106007471
+79106008146
+79106009439
+79106012471
+79106014434
+79106014512
+79107072177
+79107072178
+79107072180
+79107072186
+79107072189
+79107072196
+79107072237
+79107072238
+79107072239
+79107072254
+79106002078
+79106003538
+79106004425
+79106007414
+79106007471
+79106008146
+79106009439
+79106012471
+79106014434
+79106014512
+79158901089
+79158901336
+79158902426
+79158904204
+79158905490
+79158905743
+79158905926
+79158905952
+79158906054
+79158906116
+79105404503
+79105406249
+79105407161
+79105407317
+79105407334
+79105407365
+79105407457
+79105407588
+79105407649
+79105408129
+79105404503
+79105406249
+79105407161
+79105407317
+79105407334
+79105407365
+79105407457
+79105407588
+79105407649
+79105408129
+79105201003
+79105201954
+79105201964
+79105202482
+79105203664
+79105205136
+79105205381
+79105205691
+79105205835
+79105205874
+79107072177
+79107072178
+79107072180
+79107072186
+79107072189
+79107072196
+79107072237
+79107072238
+79107072239
+79107072254
+79805100186
+79805100940
+79805101025
+79805101735
+79805101759
+79805101761
+79805104172
+79805104745
+79805106397
+79805106697
+79105404503
+79105406249
+79105407161
+79105407317
+79105407334
+79105407365
+79105407457
+79105407588
+79105407649
+79105408129
+79105201003
+79105201954
+79105201964
+79105202482
+79105203664
+79105205136
+79105205381
+79105205691
+79105205835
+79105205874
+79807101640
+79807101842
+79807102749
+79807103816
+79807104046
+79807104651
+79807104936
+79807105026
+79807105093
+79807105192
+79109100675
+79109101285
+79109101378
+79109104285
+79109106390
+79109106505
+79109108377
+79109108507
+79109108638
+79109109498
+79158901089
+79158901336
+79158902426
+79158904204
+79158905490
+79158905743
+79158905926
+79158905952
+79158906054
+79158906116
+79109100675
+79109101285
+79109101378
+79109104285
+79109106390
+79109106505
+79109108377
+79109108507
+79109108638
+79109109498
+79106002078
+79106003538
+79106004425
+79106007414
+79106007471
+79106008146
+79106009439
+79106012471
+79106014434
+79106014512
+79805166371
+79805166548
+79805166549
+79805166571
+79805166572
+79805166575
+79805166717
+79805166727
+79805166757
+79805166982
+79107072177
+79107072178
+79107072180
+79107072186
+79107072189
+79107072196
+79107072237
+79107072238
+79107072239
+79107072254
+79106002078
+79106003538
+79106004425
+79106007414
+79106007471
+79106008146
+79106009439
+79106012471
+79106014434
+79106014512
+79807101640
+79807101842
+79807102749
+79807103816
+79807104046
+79807104651
+79807104936
+79807105026
+79807105093
+79807105192
+79109100675
+79109101285
+79109101378
+79109104285
+79109106390
+79109106505
+79109108377
+79109108507
+79109108638
+79109109498
+79190301364
+79190301499
+79190303426
+79190303449
+79190303467
+79190303472
+79190303479
+79190303484
+79190303485
+79190303488
+79105900165
+79105900916
+79105901609
+79105902690
+79105903597
+79105903911
+79105904789
+79105905023
+79105908708
+79105908853
+79106002078
+79106003538
+79106004425
+79106007414
+79106007471
+79106008146
+79106009439
+79106012471
+79106014434
+79106014512
+79108604377
+79108604382
+79108604415
+79108604738
+79108605424
+79108606651
+79108607533
+79108607765
+79108609285
+79108609721
+79158901089
+79158901336
+79158902426
+79158904204
+79158905490
+79158905743
+79158905926
+79158905952
+79158906054
+79158906116
+79190301364
+79190301499
+79190303426
+79190303449
+79190303467
+79190303472
+79190303479
+79190303484
+79190303485
+79190303488
+79107072177
+79107072178
+79107072180
+79107072186
+79107072189
+79107072196
+79107072237
+79107072238
+79107072239
+79107072254
+79105900165
+79105900916
+79105901609
+79105902690
+79105903597
+79105903911
+79105904789
+79105905023
+79105908708
+79105908853
+79805166371
+79805166548
+79805166549
+79805166571
+79805166572
+79805166575
+79805166717
+79805166727
+79805166757
+79805166982
+79108604377
+79108604382
+79108604415
+79108604738
+79108605424
+79108606651
+79108607533
+79108607765
+79108609285
+79108609721
+79805166371
+79805166548
+79805166549
+79805166571
+79805166572
+79805166575
+79805166717
+79805166727
+79805166757
+79805166982
+79105201003
+79105201954
+79105201964
+79105202482
+79105203664
+79105205136
+79105205381
+79105205691
+79105205835
+79105205874
+79106002078
+79106003538
+79106004425
+79106007414
+79106007471
+79106008146
+79106009439
+79106012471
+79106014434
+79106014512
+79109100675
+79109101285
+79109101378
+79109104285
+79109106390
+79109106505
+79109108377
+79109108507
+79109108638
+79109109498
+79805100186
+79805100940
+79805101025
+79805101735
+79805101759
+79805101761
+79805104172
+79805104745
+79805106397
+79805106697
+79805166371
+79805166548
+79805166549
+79805166571
+79805166572
+79805166575
+79805166717
+79805166727
+79805166757
+79805166982
+79105125699
+79105125715
+79105125723
+79105125740
+79105125785
+79105125786
+79105125790
+79105125791
+79105125798
+79105125812
+79805166371
+79805166548
+79805166549
+79805166571
+79805166572
+79805166575
+79805166717
+79805166727
+79805166757
+79805166982
+79158901089
+79158901336
+79158902426
+79158904204
+79158905490
+79158905743
+79158905926
+79158905952
+79158906054
+79158906116
+79805100186
+79805100940
+79805101025
+79805101735
+79805101759
+79805101761
+79805104172
+79805104745
+79805106397
+79805106697
+79106002078
+79106003538
+79106004425
+79106007414
+79106007471
+79106008146
+79106009439
+79106012471
+79106014434
+79106014512
+79158901089
+79158901336
+79158902426
+79158904204
+79158905490
+79158905743
+79158905926
+79158905952
+79158906054
+79158906116
+79105900165
+79105900916
+79105901609
+79105902690
+79105903597
+79105903911
+79105904789
+79105905023
+79105908708
+79105908853
+79106002078
+79106003538
+79106004425
+79106007414
+79106007471
+79106008146
+79106009439
+79106012471
+79106014434
+79106014512
+79805166371
+79805166548
+79805166549
+79805166571
+79805166572
+79805166575
+79805166717
+79805166727
+79805166757
+79805166982
+79805166371
+79805166548
+79805166549
+79805166571
+79805166572
+79805166575
+79805166717
+79805166727
+79805166757
+79805166982
+79190301364
+79190301499
+79190303426
+79190303449
+79190303467
+79190303472
+79190303479
+79190303484
+79190303485
+79190303488
+79158901089
+79158901336
+79158902426
+79158904204
+79158905490
+79158905743
+79158905926
+79158905952
+79158906054
+79158906116
+79158901089
+79158901336
+79158902426
+79158904204
+79158905490
+79158905743
+79158905926
+79158905952
+79158906054
+79158906116
+79108604377
+79108604382
+79108604415
+79108604738
+79108605424
+79108606651
+79108607533
+79108607765
+79108609285
+79108609721
+79805166371
+79805166548
+79805166549
+79805166571
+79805166572
+79805166575
+79805166717
+79805166727
+79805166757
+79805166982
+79190301364
+79190301499
+79190303426
+79190303449
+79190303467
+79190303472
+79190303479
+79190303484
+79190303485
+79190303488
+79105125699
+79105125715
+79105125723
+79105125740
+79105125785
+79105125786
+79105125790
+79105125791
+79105125798
+79105125812
+79106002078
+79106003538
+79106004425
+79106007414
+79106007471
+79106008146
+79106009439
+79106012471
+79106014434
+79106014512
+79105201003
+79105201954
+79105201964
+79105202482
+79105203664
+79105205136
+79105205381
+79105205691
+79105205835
+79105205874
+79108604377
+79108604382
+79108604415
+79108604738
+79108605424
+79108606651
+79108607533
+79108607765
+79108609285
+79108609721
+79190301364
+79190301499
+79190303426
+79190303449
+79190303467
+79190303472
+79190303479
+79190303484
+79190303485
+79190303488
+79190301364
+79190301499
+79190303426
+79190303449
+79190303467
+79190303472
+79190303479
+79190303484
+79190303485
+79190303488
+79805166371
+79805166548
+79805166549
+79805166571
+79805166572
+79805166575
+79805166717
+79805166727
+79805166757
+79805166982
+79805100186
+79805100940
+79805101025
+79805101735
+79805101759
+79805101761
+79805104172
+79805104745
+79805106397
+79805106697
+79105404503
+79105406249
+79105407161
+79105407317
+79105407334
+79105407365
+79105407457
+79105407588
+79105407649
+79105408129
+79105125699
+79105125715
+79105125723
+79105125740
+79105125785
+79105125786
+79105125790
+79105125791
+79105125798
+79105125812
+79105404503
+79105406249
+79105407161
+79105407317
+79105407334
+79105407365
+79105407457
+79105407588
+79105407649
+79105408129
