79107072239
79805166371
79105408129
79108604415
79805100186
79190303484
79807101640
79107072254
79805166575
79105205835
79190301499
79805101025
79805106697
79105407457
79805104745
79105125819
79105125893
79105125984
79805100940
79105125740
79105125723
79108604377
79807105026
79109106390
79105901609
79105125960
79158902426
79109108507
79807104651
79106008146
79109100675
79106014434
79105125867
79190301364
79190303485
79105125791
79105407588
79105205691
79105407317
79807103816
79105125812
79105905023
79107072269
79805166757
79807100889
79105205381
79807105192
79105900916
79190303479
79105900165
79105125785
79106004425
79105201964
79190303488
79107072178
79105406249
79105201954
79158901089
79108609721
79105125699
79108605424
79807104046
79805104172
79109101378
79108606651
79107072189
79109101285
79106014512
79158905926
79105125790
79805166727
79105407649
79105202482
79158901336
79158906116
79106012471
79158905743
79105902690
79106007414
79107072238
79807105093
79107072196
79105407334
79105201003
79105904789
79105125786
79190303472
79108607533
79105407161
79105903911
79106002078
79105125820
79105126002
79105407365
79158904204
79158905490
79105203664
79109108377
79109108638
79105205874
79105125907
79158906054
79106009439
79190303426
79805101761
79805166548
79805101759
79109109498
79108609285
79108604738
79807101842
79805166982
79190303449
79805106397
79105908708
79805166549
79106007471
79107072186
79107072237
79108604382
79105125903
79109104285
79105125798
79805166571
79158905952
79107072180
79105404503
79109106505
79805101735
79108607765
79105125991
79105125715
79805166572
79805166717
79807102749
79807104936
79105205136
79106003538
79190303467
79105908853
79107072177
79105903597
