+79149904735
+79149904793
+79149904843
+79149904857
+79149904872
+79149904926
+79149904927
+79149904943
+79149905031
+79149905132
+79841601094
+79841601620
+79841602025
+79841602032
+79841604189
+79841604197
+79841604261
+79841604447
+79841604547
+79841604556
+79146200834
+79146201187
+79146201410
+79146201543
+79146201557
+79146201576
+79146201595
+79146201936
+79146202421
+79146202579
+79841601094
+79841601620
+79841602025
+79841602032
+79841604189
+79841604197
+79841604261
+79841604447
+79841604547
+79841604556
+79146200834
+79146201187
+79146201410
+79146201543
+79146201557
+79146201576
+79146201595
+79146201936
+79146202421
+79146202579
+79149904735
+79149904793
+79149904843
+79149904857
+79149904872
+79149904926
+79149904927
+79149904943
+79149905031
+79149905132
+79146200834
+79146201187
+79146201410
+79146201543
+79146201557
+79146201576
+79146201595
+79146201936
+79146202421
+79146202579
+79149904735
+79149904793
+79149904843
+79149904857
+79149904872
+79149904926
+79149904927
+79149904943
+79149905031
+79149905132
+79149904735
+79149904793
+79149904843
+79149904857
+79149904872
+79149904926
+79149904927
+79149904943
+79149905031
+79149905132
+79147801682
+79147801782
+79147802534
+79147802540
+79147802621
+79147802916
+79147803207
+79147803218
+79147803277
+79147803334
+79149904735
+79149904793
+79149904843
+79149904857
+79149904872
+79149904926
+79149904927
+79149904943
+79149905031
+79149905132
+79146200834
+79146201187
+79146201410
+79146201543
+79146201557
+79146201576
+79146201595
+79146201936
+79146202421
+79146202579
+79140204372
+79140210648
+79140210653
+79140210657
+79140210663
+79140210664
+79140210667
+79140210669
+79140210670
+79140210672
+79841601094
+79841601620
+79841602025
+79841602032
+79841604189
+79841604197
+79841604261
+79841604447
+79841604547
+79841604556
+79140204372
+79140210648
+79140210653
+79140210657
+79140210663
+79140210664
+79140210667
+79140210669
+79140210670
+79140210672
+79140204372
+79140210648
+79140210653
+79140210657
+79140210663
+79140210664
+79140210667
+79140210669
+79140210670
+79140210672
+79149904735
+79149904793
+79149904843
+79149904857
+79149904872
+79149904926
+79149904927
+79149904943
+79149905031
+79149905132
+79147801682
+79147801782
+79147802534
+79147802540
+79147802621
+79147802916
+79147803207
+79147803218
+79147803277
+79147803334
+79149904735
+79149904793
+79149904843
+79149904857
+79149904872
+79149904926
+79149904927
+79149904943
+79149905031
+79149905132
+79147801682
+79147801782
+79147802534
+79147802540
+79147802621
+79147802916
+79147803207
+79147803218
+79147803277
+79147803334
+79149904735
+79149904793
+79149904843
+79149904857
+79149904872
+79149904926
+79149904927
+79149904943
+79149905031
+79149905132
+79841601094
+79841601620
+79841602025
+79841602032
+79841604189
+79841604197
+79841604261
+79841604447
+79841604547
+79841604556
+79147801682
+79147801782
+79147802534
+79147802540
+79147802621
+79147802916
+79147803207
+79147803218
+79147803277
+79147803334
+79140204372
+79140210648
+79140210653
+79140210657
+79140210663
+79140210664
+79140210667
+79140210669
+79140210670
+79140210672
+79841601094
+79841601620
+79841602025
+79841602032
+79841604189
+79841604197
+79841604261
+79841604447
+79841604547
+79841604556
+79140204372
+79140210648
+79140210653
+79140210657
+79140210663
+79140210664
+79140210667
+79140210669
+79140210670
+79140210672
+79146200834
+79146201187
+79146201410
+79146201543
+79146201557
+79146201576
+79146201595
+79146201936
+79146202421
+79146202579
+79140204372
+79140210648
+79140210653
+79140210657
+79140210663
+79140210664
+79140210667
+79140210669
+79140210670
+79140210672
+79146200834
+79146201187
+79146201410
+79146201543
+79146201557
+79146201576
+79146201595
+79146201936
+79146202421
+79146202579
+79147801682
+79147801782
+79147802534
+79147802540
+79147802621
+79147802916
+79147803207
+79147803218
+79147803277
+79147803334
+79149904735
+79149904793
+79149904843
+79149904857
+79149904872
+79149904926
+79149904927
+79149904943
+79149905031
+79149905132
+79841601094
+79841601620
+79841602025
+79841602032
+79841604189
+79841604197
+79841604261
+79841604447
+79841604547
+79841604556
+79147801682
+79147801782
+79147802534
+79147802540
+79147802621
+79147802916
+79147803207
+79147803218
+79147803277
+79147803334
+79146200834
+79146201187
+79146201410
+79146201543
+79146201557
+79146201576
+79146201595
+79146201936
+79146202421
+79146202579
+79841601094
+79841601620
+79841602025
+79841602032
+79841604189
+79841604197
+79841604261
+79841604447
+79841604547
+79841604556
+79147801682
+79147801782
+79147802534
+79147802540
+79147802621
+79147802916
+79147803207
+79147803218
+79147803277
+79147803334
+79841601094
+79841601620
+79841602025
+79841602032
+79841604189
+79841604197
+79841604261
+79841604447
+79841604547
+79841604556
+79140204372
+79140210648
+79140210653
+79140210657
+79140210663
+79140210664
+79140210667
+79140210669
+79140210670
+79140210672
+79146200834
+79146201187
+79146201410
+79146201543
+79146201557
+79146201576
+79146201595
+79146201936
+79146202421
+79146202579
+79149904735
+79149904793
+79149904843
+79149904857
+79149904872
+79149904926
+79149904927
+79149904943
+79149905031
+79149905132
+79149904735
+79149904793
+79149904843
+79149904857
+79149904872
+79149904926
+79149904927
+79149904943
+79149905031
+79149905132
+79140204372
+79140210648
+79140210653
+79140210657
+79140210663
+79140210664
+79140210667
+79140210669
+79140210670
+79140210672
+79140204372
+79140210648
+79140210653
+79140210657
+79140210663
+79140210664
+79140210667
+79140210669
+79140210670
+79140210672
+79147801682
+79147801782
+79147802534
+79147802540
+79147802621
+79147802916
+79147803207
+79147803218
+79147803277
+79147803334
+79841601094
+79841601620
+79841602025
+79841602032
+79841604189
+79841604197
+79841604261
+79841604447
+79841604547
+79841604556
+79149904735
+79149904793
+79149904843
+79149904857
+79149904872
+79149904926
+79149904927
+79149904943
+79149905031
+79149905132
+79140204372
+79140210648
+79140210653
+79140210657
+79140210663
+79140210664
+79140210667
+79140210669
+79140210670
+79140210672
+79147801682
+79147801782
+79147802534
+79147802540
+79147802621
+79147802916
+79147803207
+79147803218
+79147803277
+79147803334
+79147801682
+79147801782
+79147802534
+79147802540
+79147802621
+79147802916
+79147803207
+79147803218
+79147803277
+79147803334
+79841601094
+79841601620
+79841602025
+79841602032
+79841604189
+79841604197
+79841604261
+79841604447
+79841604547
+79841604556
+79841601094
+79841601620
+79841602025
+79841602032
+79841604189
+79841604197
+79841604261
+79841604447
+79841604547
+79841604556
+79146200834
+79146201187
+79146201410
+79146201543
+79146201557
+79146201576
+79146201595
+79146201936
+79146202421
+79146202579
+79147801682
+79147801782
+79147802534
+79147802540
+79147802621
+79147802916
+79147803207
+79147803218
+79147803277
+79147803334
+79841601094
+79841601620
+79841602025
+79841602032
+79841604189
+79841604197
+79841604261
+79841604447
+79841604547
+79841604556
+79140204372
+79140210648
+79140210653
+79140210657
+79140210663
+79140210664
+79140210667
+79140210669
+79140210670
+79140210672
+79147801682
+79147801782
+79147802534
+79147802540
+79147802621
+79147802916
+79147803207
+79147803218
+79147803277
+79147803334
+79841601094
+79841601620
+79841602025
+79841602032
+79841604189
+79841604197
+79841604261
+79841604447
+79841604547
+79841604556
+79149904735
+79149904793
+79149904843
+79149904857
+79149904872
+79149904926
+79149904927
+79149904943
+79149905031
+79149905132
+79147801682
+79147801782
+79147802534
+79147802540
+79147802621
+79147802916
+79147803207
+79147803218
+79147803277
+79147803334
+79146200834
+79146201187
+79146201410
+79146201543
+79146201557
+79146201576
+79146201595
+79146201936
+79146202421
+79146202579
+79146200834
+79146201187
+79146201410
+79146201543
+79146201557
+79146201576
+79146201595
+79146201936
+79146202421
+79146202579
+79147801682
+79147801782
+79147802534
+79147802540
+79147802621
+79147802916
+79147803207
+79147803218
+79147803277
+79147803334
+79147801682
+79147801782
+79147802534
+79147802540
+79147802621
+79147802916
+79147803207
+79147803218
+79147803277
+79147803334
+79140204372
+79140210648
+79140210653
+79140210657
+79140210663
+79140210664
+79140210667
+79140210669
+79140210670
+79140210672
+79140204372
+79140210648
+79140210653
+79140210657
+79140210663
+79140210664
+79140210667
+79140210669
+79140210670
+79140210672
+79140204372
+79140210648
+79140210653
+79140210657
+79140210663
+79140210664
+79140210667
+79140210669
+79140210670
+79140210672
+79149904735
+79149904793
+79149904843
+79149904857
+79149904872
+79149904926
+79149904927
+79149904943
+79149905031
+79149905132
+79147801682
+79147801782
+79147802534
+79147802540
+79147802621
+79147802916
+79147803207
+79147803218
+79147803277
+79147803334
+79146200834
+79146201187
+79146201410
+79146201543
+79146201557
+79146201576
+79146201595
+79146201936
+79146202421
+79146202579
+79149904735
+79149904793
+79149904843
+79149904857
+79149904872
+79149904926
+79149904927
+79149904943
+79149905031
+79149905132
+79841601094
+79841601620
+79841602025
+79841602032
+79841604189
+79841604197
+79841604261
+79841604447
+79841604547
+79841604556
+79149904735
+79149904793
+79149904843
+79149904857
+79149904872
+79149904926
+79149904927
+79149904943
+79149905031
+79149905132
+79149904735
+79149904793
+79149904843
+79149904857
+79149904872
+79149904926
+79149904927
+79149904943
+79149905031
+79149905132
+79147801682
+79147801782
+79147802534
+79147802540
+79147802621
+79147802916
+79147803207
+79147803218
+79147803277
+79147803334
+79140204372
+79140210648
+79140210653
+79140210657
+79140210663
+79140210664
+79140210667
+79140210669
+79140210670
+79140210672
+79140204372
+79140210648
+79140210653
+79140210657
+79140210663
+79140210664
+79140210667
+79140210669
+79140210670
+79140210672
+79140204372
+79140210648
+79140210653
+79140210657
+79140210663
+79140210664
+79140210667
+79140210669
+79140210670
+79140210672
+79140204372
+79140210648
+79140210653
+79140210657
+79140210663
+79140210664
+79140210667
+79140210669
+79140210670
+79140210672
+79140204372
+79140210648
+79140210653
+79140210657
+79140210663
+79140210664
+79140210667
+79140210669
+79140210670
+79140210672
+79149904735
+79149904793
+79149904843
+79149904857
+79149904872
+79149904926
+79149904927
+79149904943
+79149905031
+79149905132
+79140204372
+79140210648
+79140210653
+79140210657
+79140210663
+79140210664
+79140210667
+79140210669
+79140210670
+79140210672
+79140204372
+79140210648
+79140210653
+79140210657
+79140210663
+79140210664
+79140210667
+79140210669
+79140210670
+79140210672
+79149904735
+79149904793
+79149904843
+79149904857
+79149904872
+79149904926
+79149904927
+79149904943
+79149905031
+79149905132
+79140204372
+79140210648
+79140210653
+79140210657
+79140210663
+79140210664
+79140210667
+79140210669
+79140210670
+79140210672
+79147801682
+79147801782
+79147802534
+79147802540
+79147802621
+79147802916
+79147803207
+79147803218
+79147803277
+79147803334
+79149904735
+79149904793
+79149904843
+79149904857
+79149904872
+79149904926
+79149904927
+79149904943
+79149905031
+79149905132
+79149904735
+79149904793
+79149904843
+79149904857
+79149904872
+79149904926
+79149904927
+79149904943
+79149905031
+79149905132
+79140204372
+79140210648
+79140210653
+79140210657
+79140210663
+79140210664
+79140210667
+79140210669
+79140210670
+79140210672
+79149904735
+79149904793
+79149904843
+79149904857
+79149904872
+79149904926
+79149904927
+79149904943
+79149905031
+79149905132
+79140204372
+79140210648
+79140210653
+79140210657
+79140210663
+79140210664
+79140210667
+79140210669
+79140210670
+79140210672
+79140204372
+79140210648
+79140210653
+79140210657
+79140210663
+79140210664
+79140210667
+79140210669
+79140210670
+79140210672
+79149904735
+79149904793
+79149904843
+79149904857
+79149904872
+79149904926
+79149904927
+79149904943
+79149905031
+79149905132
+79147801682
+79147801782
+79147802534
+79147802540
+79147802621
+79147802916
+79147803207
+79147803218
+79147803277
+79147803334
+79146200834
+79146201187
+79146201410
+79146201543
+79146201557
+79146201576
+79146201595
+79146201936
+79146202421
+79146202579
+79140204372
+79140210648
+79140210653
+79140210657
+79140210663
+79140210664
+79140210667
+79140210669
+79140210670
+79140210672
+79147801682
+79147801782
+79147802534
+79147802540
+79147802621
+79147802916
+79147803207
+79147803218
+79147803277
+79147803334
+79147801682
+79147801782
+79147802534
+79147802540
+79147802621
+79147802916
+79147803207
+79147803218
+79147803277
+79147803334
+79140204372
+79140210648
+79140210653
+79140210657
+79140210663
+79140210664
+79140210667
+79140210669
+79140210670
+79140210672
+79149904735
+79149904793
+79149904843
+79149904857
+79149904872
+79149904926
+79149904927
+79149904943
+79149905031
+79149905132
+79140204372
+79140210648
+79140210653
+79140210657
+79140210663
+79140210664
+79140210667
+79140210669
+79140210670
+79140210672
+79149904735
+79149904793
+79149904843
+79149904857
+79149904872
+79149904926
+79149904927
+79149904943
+79149905031
+79149905132
+79147801682
+79147801782
+79147802534
+79147802540
+79147802621
+79147802916
+79147803207
+79147803218
+79147803277
+79147803334
+79841601094
+79841601620
+79841602025
+79841602032
+79841604189
+79841604197
+79841604261
+79841604447
+79841604547
+79841604556
+79147801682
+79147801782
+79147802534
+79147802540
+79147802621
+79147802916
+79147803207
+79147803218
+79147803277
+79147803334
+79149904735
+79149904793
+79149904843
+79149904857
+79149904872
+79149904926
+79149904927
+79149904943
+79149905031
+79149905132
+79149904735
+79149904793
+79149904843
+79149904857
+79149904872
+79149904926
+79149904927
+79149904943
+79149905031
+79149905132
+79149904735
+79149904793
+79149904843
+79149904857
+79149904872
+79149904926
+79149904927
+79149904943
+79149905031
+79149905132
+79841601094
+79841601620
+79841602025
+79841602032
+79841604189
+79841604197
+79841604261
+79841604447
+79841604547
+79841604556
+79140204372
+79140210648
+79140210653
+79140210657
+79140210663
+79140210664
+79140210667
+79140210669
+79140210670
+79140210672
+79146200834
+79146201187
+79146201410
+79146201543
+79146201557
+79146201576
+79146201595
+79146201936
+79146202421
+79146202579
+79149904735
+79149904793
+79149904843
+79149904857
+79149904872
+79149904926
+79149904927
+79149904943
+79149905031
+79149905132
+79149904735
+79149904793
+79149904843
+79149904857
+79149904872
+79149904926
+79149904927
+79149904943
+79149905031
+79149905132
+79146200834
+79146201187
+79146201410
+79146201543
+79146201557
+79146201576
+79146201595
+79146201936
+79146202421
+79146202579
+79841601094
+79841601620
+79841602025
+79841602032
+79841604189
+79841604197
+79841604261
+79841604447
+79841604547
+79841604556
+79149904735
+79149904793
+79149904843
+79149904857
+79149904872
+79149904926
+79149904927
+79149904943
+79149905031
+79149905132
+79841601094
+79841601620
+79841602025
+79841602032
+79841604189
+79841604197
+79841604261
+79841604447
+79841604547
+79841604556
+79146200834
+79146201187
+79146201410
+79146201543
+79146201557
+79146201576
+79146201595
+79146201936
+79146202421
+79146202579
+79146200834
+79146201187
+79146201410
+79146201543
+79146201557
+79146201576
+79146201595
+79146201936
+79146202421
+79146202579
+79149904735
+79149904793
+79149904843
+79149904857
+79149904872
+79149904926
+79149904927
+79149904943
+79149905031
+79149905132
+79147801682
+79147801782
+79147802534
+79147802540
+79147802621
+79147802916
+79147803207
+79147803218
+79147803277
+79147803334
+79140204372
+79140210648
+79140210653
+79140210657
+79140210663
+79140210664
+79140210667
+79140210669
+79140210670
+79140210672
+79147801682
+79147801782
+79147802534
+79147802540
+79147802621
+79147802916
+79147803207
+79147803218
+79147803277
+79147803334
+79147801682
+79147801782
+79147802534
+79147802540
+79147802621
+79147802916
+79147803207
+79147803218
+79147803277
+79147803334
+79841601094
+79841601620
+79841602025
+79841602032
+79841604189
+79841604197
+79841604261
+79841604447
+79841604547
+79841604556
+79149904735
+79149904793
+79149904843
+79149904857
+79149904872
+79149904926
+79149904927
+79149904943
+79149905031
+79149905132
+79149904735
+79149904793
+79149904843
+79149904857
+79149904872
+79149904926
+79149904927
+79149904943
+79149905031
+79149905132
+79149904735
+79149904793
+79149904843
+79149904857
+79149904872
+79149904926
+79149904927
+79149904943
+79149905031
+79149905132
+79146200834
+79146201187
+79146201410
+79146201543
+79146201557
+79146201576
+79146201595
+79146201936
+79146202421
+79146202579
+79140204372
+79140210648
+79140210653
+79140210657
+79140210663
+79140210664
+79140210667
+79140210669
+79140210670
+79140210672
+79146200834
+79146201187
+79146201410
+79146201543
+79146201557
+79146201576
+79146201595
+79146201936
+79146202421
+79146202579
+79147801682
+79147801782
+79147802534
+79147802540
+79147802621
+79147802916
+79147803207
+79147803218
+79147803277
+79147803334
+79841601094
+79841601620
+79841602025
+79841602032
+79841604189
+79841604197
+79841604261
+79841604447
+79841604547
+79841604556
+79841601094
+79841601620
+79841602025
+79841602032
+79841604189
+79841604197
+79841604261
+79841604447
+79841604547
+79841604556
+79147801682
+79147801782
+79147802534
+79147802540
+79147802621
+79147802916
+79147803207
+79147803218
+79147803277
+79147803334
+79147801682
+79147801782
+79147802534
+79147802540
+79147802621
+79147802916
+79147803207
+79147803218
+79147803277
+79147803334
+79140204372
+79140210648
+79140210653
+79140210657
+79140210663
+79140210664
+79140210667
+79140210669
+79140210670
+79140210672
+79140204372
+79140210648
+79140210653
+79140210657
+79140210663
+79140210664
+79140210667
+79140210669
+79140210670
+79140210672
+79140204372
+79140210648
+79140210653
+79140210657
+79140210663
+79140210664
+79140210667
+79140210669
+79140210670
+79140210672
+79147801682
+79147801782
+79147802534
+79147802540
+79147802621
+79147802916
+79147803207
+79147803218
+79147803277
+79147803334
+79140204372
+79140210648
+79140210653
+79140210657
+79140210663
+79140210664
+79140210667
+79140210669
+79140210670
+79140210672
+79147801682
+79147801782
+79147802534
+79147802540
+79147802621
+79147802916
+79147803207
+79147803218
+79147803277
+79147803334
+79146200834
+79146201187
+79146201410
+79146201543
+79146201557
+79146201576
+79146201595
+79146201936
+79146202421
+79146202579
