+79887100965
+79887101483
+79887101490
+79887101558
+79887101631
+79887101632
+79887101633
+79887101634
+79887101635
+79887101636
+79886100751
+79886100757
+79886100761
+79886100793
+79886100834
+79886100908
+79886100929
+79886101084
+79886101551
+79886101587
+79897800113
+79897800121
+79897800739
+79897802820
+79897802866
+79897802871
+79897802901
+79897802902
+79897802903
+79897802904
+79886100751
+79886100757
+79886100761
+79886100793
+79886100834
+79886100908
+79886100929
+79886101084
+79886101551
+79886101587
+79187101558
+79187101924
+79187101925
+79187101928
+79187101930
+79187101931
+79187101934
+79187101972
+79187102287
+79187102359
+79897891047
+79897891592
+79897891631
+79897891635
+79897891639
+79897891659
+79897891669
+79897891671
+79897891673
+79897891675
+79886057103
+79886057345
+79886057483
+79886058174
+79886058431
+79886058433
+79886058568
+79886058581
+79886058630
+79886058631
+79886050086
+79886051012
+79886052899
+79886053457
+79886053475
+79886053478
+79886053479
+79886053481
+79886053482
+79886053483
+79897891047
+79897891592
+79897891631
+79897891635
+79897891639
+79897891659
+79897891669
+79897891671
+79897891673
+79897891675
+79886100751
+79886100757
+79886100761
+79886100793
+79886100834
+79886100908
+79886100929
+79886101084
+79886101551
+79886101587
+79886050086
+79886051012
+79886052899
+79886053457
+79886053475
+79886053478
+79886053479
+79886053481
+79886053482
+79886053483
+79897800113
+79897800121
+79897800739
+79897802820
+79897802866
+79897802871
+79897802901
+79897802902
+79897802903
+79897802904
+79187101558
+79187101924
+79187101925
+79187101928
+79187101930
+79187101931
+79187101934
+79187101972
+79187102287
+79187102359
+79897800113
+79897800121
+79897800739
+79897802820
+79897802866
+79897802871
+79897802901
+79897802902
+79897802903
+79897802904
+79897891047
+79897891592
+79897891631
+79897891635
+79897891639
+79897891659
+79897891669
+79897891671
+79897891673
+79897891675
+79897800113
+79897800121
+79897800739
+79897802820
+79897802866
+79897802871
+79897802901
+79897802902
+79897802903
+79897802904
+79886100751
+79886100757
+79886100761
+79886100793
+79886100834
+79886100908
+79886100929
+79886101084
+79886101551
+79886101587
+79889101607
+79889101631
+79889101729
+79889101739
+79889101741
+79889101742
+79889101743
+79889101753
+79889101763
+79889101839
+79187101558
+79187101924
+79187101925
+79187101928
+79187101930
+79187101931
+79187101934
+79187101972
+79187102287
+79187102359
+79897800113
+79897800121
+79897800739
+79897802820
+79897802866
+79897802871
+79897802901
+79897802902
+79897802903
+79897802904
+79886057103
+79886057345
+79886057483
+79886058174
+79886058431
+79886058433
+79886058568
+79886058581
+79886058630
+79886058631
+79886050086
+79886051012
+79886052899
+79886053457
+79886053475
+79886053478
+79886053479
+79886053481
+79886053482
+79886053483
+79897891047
+79897891592
+79897891631
+79897891635
+79897891639
+79897891659
+79897891669
+79897891671
+79897891673
+79897891675
+79897891047
+79897891592
+79897891631
+79897891635
+79897891639
+79897891659
+79897891669
+79897891671
+79897891673
+79897891675
+79889101607
+79889101631
+79889101729
+79889101739
+79889101741
+79889101742
+79889101743
+79889101753
+79889101763
+79889101839
+79889101607
+79889101631
+79889101729
+79889101739
+79889101741
+79889101742
+79889101743
+79889101753
+79889101763
+79889101839
+79187101558
+79187101924
+79187101925
+79187101928
+79187101930
+79187101931
+79187101934
+79187101972
+79187102287
+79187102359
+79886100751
+79886100757
+79886100761
+79886100793
+79886100834
+79886100908
+79886100929
+79886101084
+79886101551
+79886101587
+79897800113
+79897800121
+79897800739
+79897802820
+79897802866
+79897802871
+79897802901
+79897802902
+79897802903
+79897802904
+79886057103
+79886057345
+79886057483
+79886058174
+79886058431
+79886058433
+79886058568
+79886058581
+79886058630
+79886058631
+79897891047
+79897891592
+79897891631
+79897891635
+79897891639
+79897891659
+79897891669
+79897891671
+79897891673
+79897891675
+79886100751
+79886100757
+79886100761
+79886100793
+79886100834
+79886100908
+79886100929
+79886101084
+79886101551
+79886101587
+79187101558
+79187101924
+79187101925
+79187101928
+79187101930
+79187101931
+79187101934
+79187101972
+79187102287
+79187102359
+79886050086
+79886051012
+79886052899
+79886053457
+79886053475
+79886053478
+79886053479
+79886053481
+79886053482
+79886053483
+79897800113
+79897800121
+79897800739
+79897802820
+79897802866
+79897802871
+79897802901
+79897802902
+79897802903
+79897802904
+79187101558
+79187101924
+79187101925
+79187101928
+79187101930
+79187101931
+79187101934
+79187101972
+79187102287
+79187102359
+79886100751
+79886100757
+79886100761
+79886100793
+79886100834
+79886100908
+79886100929
+79886101084
+79886101551
+79886101587
+79886100751
+79886100757
+79886100761
+79886100793
+79886100834
+79886100908
+79886100929
+79886101084
+79886101551
+79886101587
+79887100965
+79887101483
+79887101490
+79887101558
+79887101631
+79887101632
+79887101633
+79887101634
+79887101635
+79887101636
+79886050086
+79886051012
+79886052899
+79886053457
+79886053475
+79886053478
+79886053479
+79886053481
+79886053482
+79886053483
+79897891047
+79897891592
+79897891631
+79897891635
+79897891639
+79897891659
+79897891669
+79897891671
+79897891673
+79897891675
+79187101558
+79187101924
+79187101925
+79187101928
+79187101930
+79187101931
+79187101934
+79187101972
+79187102287
+79187102359
+79887100965
+79887101483
+79887101490
+79887101558
+79887101631
+79887101632
+79887101633
+79887101634
+79887101635
+79887101636
+79187101558
+79187101924
+79187101925
+79187101928
+79187101930
+79187101931
+79187101934
+79187101972
+79187102287
+79187102359
+79889101607
+79889101631
+79889101729
+79889101739
+79889101741
+79889101742
+79889101743
+79889101753
+79889101763
+79889101839
+79897800113
+79897800121
+79897800739
+79897802820
+79897802866
+79897802871
+79897802901
+79897802902
+79897802903
+79897802904
+79887100965
+79887101483
+79887101490
+79887101558
+79887101631
+79887101632
+79887101633
+79887101634
+79887101635
+79887101636
+79889101607
+79889101631
+79889101729
+79889101739
+79889101741
+79889101742
+79889101743
+79889101753
+79889101763
+79889101839
+79886100751
+79886100757
+79886100761
+79886100793
+79886100834
+79886100908
+79886100929
+79886101084
+79886101551
+79886101587
+79886100751
+79886100757
+79886100761
+79886100793
+79886100834
+79886100908
+79886100929
+79886101084
+79886101551
+79886101587
+79187101558
+79187101924
+79187101925
+79187101928
+79187101930
+79187101931
+79187101934
+79187101972
+79187102287
+79187102359
+79897891047
+79897891592
+79897891631
+79897891635
+79897891639
+79897891659
+79897891669
+79897891671
+79897891673
+79897891675
+79897800113
+79897800121
+79897800739
+79897802820
+79897802866
+79897802871
+79897802901
+79897802902
+79897802903
+79897802904
+79887100965
+79887101483
+79887101490
+79887101558
+79887101631
+79887101632
+79887101633
+79887101634
+79887101635
+79887101636
+79886050086
+79886051012
+79886052899
+79886053457
+79886053475
+79886053478
+79886053479
+79886053481
+79886053482
+79886053483
+79887100965
+79887101483
+79887101490
+79887101558
+79887101631
+79887101632
+79887101633
+79887101634
+79887101635
+79887101636
+79889101607
+79889101631
+79889101729
+79889101739
+79889101741
+79889101742
+79889101743
+79889101753
+79889101763
+79889101839
+79897891047
+79897891592
+79897891631
+79897891635
+79897891639
+79897891659
+79897891669
+79897891671
+79897891673
+79897891675
+79889101607
+79889101631
+79889101729
+79889101739
+79889101741
+79889101742
+79889101743
+79889101753
+79889101763
+79889101839
+79187101558
+79187101924
+79187101925
+79187101928
+79187101930
+79187101931
+79187101934
+79187101972
+79187102287
+79187102359
+79886057103
+79886057345
+79886057483
+79886058174
+79886058431
+79886058433
+79886058568
+79886058581
+79886058630
+79886058631
+79887100965
+79887101483
+79887101490
+79887101558
+79887101631
+79887101632
+79887101633
+79887101634
+79887101635
+79887101636
+79886050086
+79886051012
+79886052899
+79886053457
+79886053475
+79886053478
+79886053479
+79886053481
+79886053482
+79886053483
+79897800113
+79897800121
+79897800739
+79897802820
+79897802866
+79897802871
+79897802901
+79897802902
+79897802903
+79897802904
+79889101607
+79889101631
+79889101729
+79889101739
+79889101741
+79889101742
+79889101743
+79889101753
+79889101763
+79889101839
+79187101558
+79187101924
+79187101925
+79187101928
+79187101930
+79187101931
+79187101934
+79187101972
+79187102287
+79187102359
+79886050086
+79886051012
+79886052899
+79886053457
+79886053475
+79886053478
+79886053479
+79886053481
+79886053482
+79886053483
+79897891047
+79897891592
+79897891631
+79897891635
+79897891639
+79897891659
+79897891669
+79897891671
+79897891673
+79897891675
+79897891047
+79897891592
+79897891631
+79897891635
+79897891639
+79897891659
+79897891669
+79897891671
+79897891673
+79897891675
+79897891047
+79897891592
+79897891631
+79897891635
+79897891639
+79897891659
+79897891669
+79897891671
+79897891673
+79897891675
+79887100965
+79887101483
+79887101490
+79887101558
+79887101631
+79887101632
+79887101633
+79887101634
+79887101635
+79887101636
+79886100751
+79886100757
+79886100761
+79886100793
+79886100834
+79886100908
+79886100929
+79886101084
+79886101551
+79886101587
