+79131304870
+79133112355
+79832203957
+79133206783
+79131209238
+79832109771
+79134003392
+79832504974
+79832109764
+79133001498
+79832203909
+79134004115
+79832506437
+79131302295
+79133309128
+79132903143
+79133006282
+79131305913
+79832109389
+79832109487
+79131207039
+79132808366
+79134102519
+79832203918
+79131209176
+79134207046
+79132800689
+79133110584
+79832504921
+79132808368
+79835957476
+79134305553
+79132902247
+79832502704
+79835959075
+79133112360
+79133310425
+79134004346
+79131305373
+79832505921
+79133310417
+79134102777
+79133206745
+79832109754
+79832203958
+79134305584
+79832109763
+79835958410
+79134102549
+79133206744
+79134004053
+79131304072
+79133112306
+79132808376
+79134205305
+79832501892
+79134102932
+79835958203
+79133000945
+79133206786
+79832506606
+79133112317
+79132902578
+79835957760
+79134102547
+79130727618
+79133112459
+79832203883
+79134000938
+79134305621
+79133206739
+79133006008
+79134305558
+79134204758
+79131302390
+79131207631
+79133310433
+79835959188
+79133310062
+79133309257
+79134102648
+79133000957
+79132903226
+79131305275
+79134004201
+79832109773
+79832502019
+79134204437
+79134305666
+79131208291
+79134001460
+79133206756
+79130727533
+79133206793
+79835957939
+79832203953
+79131208985
+79132903157
+79130727697
+79134102465
+79131305805
+79134004461
+79133003341
+79131208456
+79132901228
+79134001471
+79832501875
+79832109774
+79130727478
+79134102888
+79134202724
+79131303925
+79132808375
+79131200970
+79133003608
+79832109772
+79133112382
+79133206792
+79134102697
+79132808369
+79133308735
+79134206862
+79133000950
+79133310377
+79835958337
+79132903165
+79835958552
+79134204513
+79134205306
+79832203974
+79133206784
+79132808378
+79832109756
+79133112320
+79130727589
+79131303021
+79132808356
+79133000623
+79134206872
+79132902050
+79130727549
+79132903164
+79835951808
+79133007005
+79832203968
+79134305557
+79133112375
+79134102792
+79131209118
+79130727542
+79134305554
+79133206790
+79832504601
+79133112385
+79130727691
+79132808367
+79133309167
+79832203882
+79134305586
+79134206617
+79134305556
+79133310428
+79132808393
+79131208219
+79132902629
+79134305627
+79130727529
+79130727688
+79134004067
+79832203925
