+79835850210
+79835850461
+79835850468
+79835850481
+79835850498
+79835850519
+79835850521
+79835850522
+79835850523
+79835850526
+79833700379
+79833700451
+79833700470
+79833700480
+79833700572
+79833700640
+79833700641
+79833700648
+79833700649
+79833700701
+79835850210
+79835850461
+79835850468
+79835850481
+79835850498
+79835850519
+79835850521
+79835850522
+79835850523
+79835850526
+79835850210
+79835850461
+79835850468
+79835850481
+79835850498
+79835850519
+79835850521
+79835850522
+79835850523
+79835850526
+79832602283
+79832602396
+79832602427
+79832602439
+79832602502
+79832603111
+79832603289
+79832603330
+79832603331
+79832603332
+79832550296
+79832550470
+79832550473
+79832550519
+79832550601
+79832550602
+79832550610
+79832550623
+79832550625
+79832550635
+79832700251
+79832700299
+79832700431
+79832700612
+79832700642
+79832700813
+79832700827
+79832700834
+79832700863
+79832701038
+79134401275
+79134401288
+79134401316
+79134401318
+79134401321
+79134401374
+79134401384
+79134401450
+79134401451
+79134401454
+79831900039
+79831900232
+79831900322
+79831900327
+79831900328
+79831900332
+79831900343
+79831900429
+79831900443
+79831900448
+79130502284
+79130502433
+79130502453
+79130502458
+79130502462
+79130502463
+79130502464
+79130502478
+79130502485
+79130502496
+79832550296
+79832550470
+79832550473
+79832550519
+79832550601
+79832550602
+79832550610
+79832550623
+79832550625
+79832550635
+79830570395
+79830571046
+79830571061
+79830571085
+79830571306
+79830571339
+79830571475
+79830571549
+79830571582
+79830571620
+79835850210
+79835850461
+79835850468
+79835850481
+79835850498
+79835850519
+79835850521
+79835850522
+79835850523
+79835850526
+79833700379
+79833700451
+79833700470
+79833700480
+79833700572
+79833700640
+79833700641
+79833700648
+79833700649
+79833700701
+79832602283
+79832602396
+79832602427
+79832602439
+79832602502
+79832603111
+79832603289
+79832603330
+79832603331
+79832603332
+79832700251
+79832700299
+79832700431
+79832700612
+79832700642
+79832700813
+79832700827
+79832700834
+79832700863
+79832701038
+79835850210
+79835850461
+79835850468
+79835850481
+79835850498
+79835850519
+79835850521
+79835850522
+79835850523
+79835850526
+79831900039
+79831900232
+79831900322
+79831900327
+79831900328
+79831900332
+79831900343
+79831900429
+79831900443
+79831900448
+79134401275
+79134401288
+79134401316
+79134401318
+79134401321
+79134401374
+79134401384
+79134401450
+79134401451
+79134401454
+79831900039
+79831900232
+79831900322
+79831900327
+79831900328
+79831900332
+79831900343
+79831900429
+79831900443
+79831900448
+79832602283
+79832602396
+79832602427
+79832602439
+79832602502
+79832603111
+79832603289
+79832603330
+79832603331
+79832603332
+79835850210
+79835850461
+79835850468
+79835850481
+79835850498
+79835850519
+79835850521
+79835850522
+79835850523
+79835850526
+79832700251
+79832700299
+79832700431
+79832700612
+79832700642
+79832700813
+79832700827
+79832700834
+79832700863
+79832701038
+79830570395
+79830571046
+79830571061
+79830571085
+79830571306
+79830571339
+79830571475
+79830571549
+79830571582
+79830571620
+79833700379
+79833700451
+79833700470
+79833700480
+79833700572
+79833700640
+79833700641
+79833700648
+79833700649
+79833700701
+79832550296
+79832550470
+79832550473
+79832550519
+79832550601
+79832550602
+79832550610
+79832550623
+79832550625
+79832550635
+79830570395
+79830571046
+79830571061
+79830571085
+79830571306
+79830571339
+79830571475
+79830571549
+79830571582
+79830571620
+79830570395
+79830571046
+79830571061
+79830571085
+79830571306
+79830571339
+79830571475
+79830571549
+79830571582
+79830571620
+79835850210
+79835850461
+79835850468
+79835850481
+79835850498
+79835850519
+79835850521
+79835850522
+79835850523
+79835850526
+79130502284
+79130502433
+79130502453
+79130502458
+79130502462
+79130502463
+79130502464
+79130502478
+79130502485
+79130502496
+79135400078
+79135400086
+79135400093
+79135400094
+79135400118
+79135400130
+79135400132
+79135400214
+79135400235
+79135400264
+79833700379
+79833700451
+79833700470
+79833700480
+79833700572
+79833700640
+79833700641
+79833700648
+79833700649
+79833700701
+79833700379
+79833700451
+79833700470
+79833700480
+79833700572
+79833700640
+79833700641
+79833700648
+79833700649
+79833700701
+79830570395
+79830571046
+79830571061
+79830571085
+79830571306
+79830571339
+79830571475
+79830571549
+79830571582
+79830571620
+79830570395
+79830571046
+79830571061
+79830571085
+79830571306
+79830571339
+79830571475
+79830571549
+79830571582
+79830571620
+79830540210
+79830540714
+79830540726
+79830540735
+79830540751
+79830540759
+79830540762
+79830540763
+79830540766
+79830540780
+79130502284
+79130502433
+79130502453
+79130502458
+79130502462
+79130502463
+79130502464
+79130502478
+79130502485
+79130502496
+79832602283
+79832602396
+79832602427
+79832602439
+79832602502
+79832603111
+79832603289
+79832603330
+79832603331
+79832603332
+79830540210
+79830540714
+79830540726
+79830540735
+79830540751
+79830540759
+79830540762
+79830540763
+79830540766
+79830540780
+79135400078
+79135400086
+79135400093
+79135400094
+79135400118
+79135400130
+79135400132
+79135400214
+79135400235
+79135400264
+79831900039
+79831900232
+79831900322
+79831900327
+79831900328
+79831900332
+79831900343
+79831900429
+79831900443
+79831900448
+79832550296
+79832550470
+79832550473
+79832550519
+79832550601
+79832550602
+79832550610
+79832550623
+79832550625
+79832550635
+79832602283
+79832602396
+79832602427
+79832602439
+79832602502
+79832603111
+79832603289
+79832603330
+79832603331
+79832603332
+79830570395
+79830571046
+79830571061
+79830571085
+79830571306
+79830571339
+79830571475
+79830571549
+79830571582
+79830571620
+79832550296
+79832550470
+79832550473
+79832550519
+79832550601
+79832550602
+79832550610
+79832550623
+79832550625
+79832550635
+79134401275
+79134401288
+79134401316
+79134401318
+79134401321
+79134401374
+79134401384
+79134401450
+79134401451
+79134401454
+79830570395
+79830571046
+79830571061
+79830571085
+79830571306
+79830571339
+79830571475
+79830571549
+79830571582
+79830571620
+79832602283
+79832602396
+79832602427
+79832602439
+79832602502
+79832603111
+79832603289
+79832603330
+79832603331
+79832603332
+79135400078
+79135400086
+79135400093
+79135400094
+79135400118
+79135400130
+79135400132
+79135400214
+79135400235
+79135400264
+79130502284
+79130502433
+79130502453
+79130502458
+79130502462
+79130502463
+79130502464
+79130502478
+79130502485
+79130502496
+79832602283
+79832602396
+79832602427
+79832602439
+79832602502
+79832603111
+79832603289
+79832603330
+79832603331
+79832603332
+79830570395
+79830571046
+79830571061
+79830571085
+79830571306
+79830571339
+79830571475
+79830571549
+79830571582
+79830571620
+79832602283
+79832602396
+79832602427
+79832602439
+79832602502
+79832603111
+79832603289
+79832603330
+79832603331
+79832603332
+79130502284
+79130502433
+79130502453
+79130502458
+79130502462
+79130502463
+79130502464
+79130502478
+79130502485
+79130502496
+79830570395
+79830571046
+79830571061
+79830571085
+79830571306
+79830571339
+79830571475
+79830571549
+79830571582
+79830571620
+79832602283
+79832602396
+79832602427
+79832602439
+79832602502
+79832603111
+79832603289
+79832603330
+79832603331
+79832603332
+79830540210
+79830540714
+79830540726
+79830540735
+79830540751
+79830540759
+79830540762
+79830540763
+79830540766
+79830540780
+79832700251
+79832700299
+79832700431
+79832700612
+79832700642
+79832700813
+79832700827
+79832700834
+79832700863
+79832701038
+79830570395
+79830571046
+79830571061
+79830571085
+79830571306
+79830571339
+79830571475
+79830571549
+79830571582
+79830571620
+79832700251
+79832700299
+79832700431
+79832700612
+79832700642
+79832700813
+79832700827
+79832700834
+79832700863
+79832701038
+79830570395
+79830571046
+79830571061
+79830571085
+79830571306
+79830571339
+79830571475
+79830571549
+79830571582
+79830571620
+79135400078
+79135400086
+79135400093
+79135400094
+79135400118
+79135400130
+79135400132
+79135400214
+79135400235
+79135400264
+79835850210
+79835850461
+79835850468
+79835850481
+79835850498
+79835850519
+79835850521
+79835850522
+79835850523
+79835850526
+79835850210
+79835850461
+79835850468
+79835850481
+79835850498
+79835850519
+79835850521
+79835850522
+79835850523
+79835850526
+79832550296
+79832550470
+79832550473
+79832550519
+79832550601
+79832550602
+79832550610
+79832550623
+79832550625
+79832550635
+79832602283
+79832602396
+79832602427
+79832602439
+79832602502
+79832603111
+79832603289
+79832603330
+79832603331
+79832603332
+79832700251
+79832700299
+79832700431
+79832700612
+79832700642
+79832700813
+79832700827
+79832700834
+79832700863
+79832701038
+79830570395
+79830571046
+79830571061
+79830571085
+79830571306
+79830571339
+79830571475
+79830571549
+79830571582
+79830571620
+79832602283
+79832602396
+79832602427
+79832602439
+79832602502
+79832603111
+79832603289
+79832603330
+79832603331
+79832603332
+79832550296
+79832550470
+79832550473
+79832550519
+79832550601
+79832550602
+79832550610
+79832550623
+79832550625
+79832550635
+79130502284
+79130502433
+79130502453
+79130502458
+79130502462
+79130502463
+79130502464
+79130502478
+79130502485
+79130502496
+79832602283
+79832602396
+79832602427
+79832602439
+79832602502
+79832603111
+79832603289
+79832603330
+79832603331
+79832603332
+79830540210
+79830540714
+79830540726
+79830540735
+79830540751
+79830540759
+79830540762
+79830540763
+79830540766
+79830540780
+79830570395
+79830571046
+79830571061
+79830571085
+79830571306
+79830571339
+79830571475
+79830571549
+79830571582
+79830571620
+79832550296
+79832550470
+79832550473
+79832550519
+79832550601
+79832550602
+79832550610
+79832550623
+79832550625
+79832550635
+79832550296
+79832550470
+79832550473
+79832550519
+79832550601
+79832550602
+79832550610
+79832550623
+79832550625
+79832550635
+79832700251
+79832700299
+79832700431
+79832700612
+79832700642
+79832700813
+79832700827
+79832700834
+79832700863
+79832701038
+79134401275
+79134401288
+79134401316
+79134401318
+79134401321
+79134401374
+79134401384
+79134401450
+79134401451
+79134401454
+79831900039
+79831900232
+79831900322
+79831900327
+79831900328
+79831900332
+79831900343
+79831900429
+79831900443
+79831900448
+79832550296
+79832550470
+79832550473
+79832550519
+79832550601
+79832550602
+79832550610
+79832550623
+79832550625
+79832550635
+79830540210
+79830540714
+79830540726
+79830540735
+79830540751
+79830540759
+79830540762
+79830540763
+79830540766
+79830540780
+79830540210
+79830540714
+79830540726
+79830540735
+79830540751
+79830540759
+79830540762
+79830540763
+79830540766
+79830540780
+79130502284
+79130502433
+79130502453
+79130502458
+79130502462
+79130502463
+79130502464
+79130502478
+79130502485
+79130502496
+79830570395
+79830571046
+79830571061
+79830571085
+79830571306
+79830571339
+79830571475
+79830571549
+79830571582
+79830571620
+79830540210
+79830540714
+79830540726
+79830540735
+79830540751
+79830540759
+79830540762
+79830540763
+79830540766
+79830540780
+79134401275
+79134401288
+79134401316
+79134401318
+79134401321
+79134401374
+79134401384
+79134401450
+79134401451
+79134401454
+79130502284
+79130502433
+79130502453
+79130502458
+79130502462
+79130502463
+79130502464
+79130502478
+79130502485
+79130502496
+79831900039
+79831900232
+79831900322
+79831900327
+79831900328
+79831900332
+79831900343
+79831900429
+79831900443
+79831900448
+79833700379
+79833700451
+79833700470
+79833700480
+79833700572
+79833700640
+79833700641
+79833700648
+79833700649
+79833700701
+79135400078
+79135400086
+79135400093
+79135400094
+79135400118
+79135400130
+79135400132
+79135400214
+79135400235
+79135400264
+79830570395
+79830571046
+79830571061
+79830571085
+79830571306
+79830571339
+79830571475
+79830571549
+79830571582
+79830571620
+79835850210
+79835850461
+79835850468
+79835850481
+79835850498
+79835850519
+79835850521
+79835850522
+79835850523
+79835850526
+79833700379
+79833700451
+79833700470
+79833700480
+79833700572
+79833700640
+79833700641
+79833700648
+79833700649
+79833700701
+79833700379
+79833700451
+79833700470
+79833700480
+79833700572
+79833700640
+79833700641
+79833700648
+79833700649
+79833700701
+79832550296
+79832550470
+79832550473
+79832550519
+79832550601
+79832550602
+79832550610
+79832550623
+79832550625
+79832550635
+79833700379
+79833700451
+79833700470
+79833700480
+79833700572
+79833700640
+79833700641
+79833700648
+79833700649
+79833700701
+79830570395
+79830571046
+79830571061
+79830571085
+79830571306
+79830571339
+79830571475
+79830571549
+79830571582
+79830571620
+79130502284
+79130502433
+79130502453
+79130502458
+79130502462
+79130502463
+79130502464
+79130502478
+79130502485
+79130502496
+79134401275
+79134401288
+79134401316
+79134401318
+79134401321
+79134401374
+79134401384
+79134401450
+79134401451
+79134401454
+79832700251
+79832700299
+79832700431
+79832700612
+79832700642
+79832700813
+79832700827
+79832700834
+79832700863
+79832701038
+79831900039
+79831900232
+79831900322
+79831900327
+79831900328
+79831900332
+79831900343
+79831900429
+79831900443
+79831900448
+79835850210
+79835850461
+79835850468
+79835850481
+79835850498
+79835850519
+79835850521
+79835850522
+79835850523
+79835850526
+79831900039
+79831900232
+79831900322
+79831900327
+79831900328
+79831900332
+79831900343
+79831900429
+79831900443
+79831900448
+79832550296
+79832550470
+79832550473
+79832550519
+79832550601
+79832550602
+79832550610
+79832550623
+79832550625
+79832550635
+79832700251
+79832700299
+79832700431
+79832700612
+79832700642
+79832700813
+79832700827
+79832700834
+79832700863
+79832701038
+79135400078
+79135400086
+79135400093
+79135400094
+79135400118
+79135400130
+79135400132
+79135400214
+79135400235
+79135400264
+79833700379
+79833700451
+79833700470
+79833700480
+79833700572
+79833700640
+79833700641
+79833700648
+79833700649
+79833700701
+79135400078
+79135400086
+79135400093
+79135400094
+79135400118
+79135400130
+79135400132
+79135400214
+79135400235
+79135400264
+79830570395
+79830571046
+79830571061
+79830571085
+79830571306
+79830571339
+79830571475
+79830571549
+79830571582
+79830571620
+79135400078
+79135400086
+79135400093
+79135400094
+79135400118
+79135400130
+79135400132
+79135400214
+79135400235
+79135400264
+79134401275
+79134401288
+79134401316
+79134401318
+79134401321
+79134401374
+79134401384
+79134401450
+79134401451
+79134401454
+79830540210
+79830540714
+79830540726
+79830540735
+79830540751
+79830540759
+79830540762
+79830540763
+79830540766
+79830540780
+79830570395
+79830571046
+79830571061
+79830571085
+79830571306
+79830571339
+79830571475
+79830571549
+79830571582
+79830571620
+79130502284
+79130502433
+79130502453
+79130502458
+79130502462
+79130502463
+79130502464
+79130502478
+79130502485
+79130502496
+79832700251
+79832700299
+79832700431
+79832700612
+79832700642
+79832700813
+79832700827
+79832700834
+79832700863
+79832701038
+79832602283
+79832602396
+79832602427
+79832602439
+79832602502
+79832603111
+79832603289
+79832603330
+79832603331
+79832603332
+79831900039
+79831900232
+79831900322
+79831900327
+79831900328
+79831900332
+79831900343
+79831900429
+79831900443
+79831900448
+79833700379
+79833700451
+79833700470
+79833700480
+79833700572
+79833700640
+79833700641
+79833700648
+79833700649
+79833700701
+79832602283
+79832602396
+79832602427
+79832602439
+79832602502
+79832603111
+79832603289
+79832603330
+79832603331
+79832603332
+79135400078
+79135400086
+79135400093
+79135400094
+79135400118
+79135400130
+79135400132
+79135400214
+79135400235
+79135400264
+79830540210
+79830540714
+79830540726
+79830540735
+79830540751
+79830540759
+79830540762
+79830540763
+79830540766
+79830540780
+79832602283
+79832602396
+79832602427
+79832602439
+79832602502
+79832603111
+79832603289
+79832603330
+79832603331
+79832603332
+79832602283
+79832602396
+79832602427
+79832602439
+79832602502
+79832603111
+79832603289
+79832603330
+79832603331
+79832603332
+79134401275
+79134401288
+79134401316
+79134401318
+79134401321
+79134401374
+79134401384
+79134401450
+79134401451
+79134401454
+79831900039
+79831900232
+79831900322
+79831900327
+79831900328
+79831900332
+79831900343
+79831900429
+79831900443
+79831900448
+79831900039
+79831900232
+79831900322
+79831900327
+79831900328
+79831900332
+79831900343
+79831900429
+79831900443
+79831900448
+79832700251
+79832700299
+79832700431
+79832700612
+79832700642
+79832700813
+79832700827
+79832700834
+79832700863
+79832701038
+79830540210
+79830540714
+79830540726
+79830540735
+79830540751
+79830540759
+79830540762
+79830540763
+79830540766
+79830540780
+79135400078
+79135400086
+79135400093
+79135400094
+79135400118
+79135400130
+79135400132
+79135400214
+79135400235
+79135400264
+79830570395
+79830571046
+79830571061
+79830571085
+79830571306
+79830571339
+79830571475
+79830571549
+79830571582
+79830571620
+79832550172
+79832550296
+79832550470
+79832550473
+79832550519
+79832550601
+79832550602
+79832550610
+79832550623
+79832550625
+79831900039
+79831900232
+79831900322
+79831900327
+79831900328
+79831900332
+79831900343
+79831900429
+79831900443
+79831900448
+79832550172
+79832550296
+79832550470
+79832550473
+79832550519
+79832550601
+79832550602
+79832550610
+79832550623
+79832550625
+79830540210
+79830540714
+79830540726
+79830540735
+79830540751
+79830540759
+79830540762
+79830540763
+79830540766
+79830540780
+79135400078
+79135400086
+79135400093
+79135400094
+79135400118
+79135400130
+79135400132
+79135400214
+79135400235
+79135400264
+79830540210
+79830540714
+79830540726
+79830540735
+79830540751
+79830540759
+79830540762
+79830540763
+79830540766
+79830540780
+79832550172
+79832550296
+79832550470
+79832550473
+79832550519
+79832550601
+79832550602
+79832550610
+79832550623
+79832550625
+79833700379
+79833700451
+79833700470
+79833700480
+79833700572
+79833700640
+79833700641
+79833700648
+79833700649
+79833700701
+79134401275
+79134401288
+79134401316
+79134401318
+79134401321
+79134401374
+79134401384
+79134401450
+79134401451
+79134401454
+79832550172
+79832550296
+79832550470
+79832550473
+79832550519
+79832550601
+79832550602
+79832550610
+79832550623
+79832550625
+79835850210
+79835850461
+79835850468
+79835850481
+79835850498
+79835850519
+79835850521
+79835850522
+79835850523
+79835850526
+79832602283
+79832602396
+79832602427
+79832602439
+79832602502
+79832603111
+79832603289
+79832603330
+79832603331
+79832603332
+79835850210
+79835850461
+79835850468
+79835850481
+79835850498
+79835850519
+79835850521
+79835850522
+79835850523
+79835850526
+79833700379
+79833700451
+79833700470
+79833700480
+79833700572
+79833700640
+79833700641
+79833700648
+79833700649
+79833700701
+79832550172
+79832550296
+79832550470
+79832550473
+79832550519
+79832550601
+79832550602
+79832550610
+79832550623
+79832550625
+79830540210
+79830540714
+79830540726
+79830540735
+79830540751
+79830540759
+79830540762
+79830540763
+79830540766
+79830540780
+79835850210
+79835850461
+79835850468
+79835850481
+79835850498
+79835850519
+79835850521
+79835850522
+79835850523
+79835850526
+79130502284
+79130502433
+79130502453
+79130502458
+79130502462
+79130502463
+79130502464
+79130502478
+79130502485
+79130502496
+79134401275
+79134401288
+79134401316
+79134401318
+79134401321
+79134401374
+79134401384
+79134401450
+79134401451
+79134401454
+79835850210
+79835850461
+79835850468
+79835850481
+79835850498
+79835850519
+79835850521
+79835850522
+79835850523
+79835850526
+79832700251
+79832700299
+79832700431
+79832700612
+79832700642
+79832700813
+79832700827
+79832700834
+79832700863
+79832701038
+79135400078
+79135400086
+79135400093
+79135400094
+79135400118
+79135400130
+79135400132
+79135400214
+79135400235
+79135400264
+79130502284
+79130502433
+79130502453
+79130502458
+79130502462
+79130502463
+79130502464
+79130502478
+79130502485
+79130502496
+79830570395
+79830571046
+79830571061
+79830571085
+79830571306
+79830571339
+79830571475
+79830571549
+79830571582
+79830571620
+79830540210
+79830540714
+79830540726
+79830540735
+79830540751
+79830540759
+79830540762
+79830540763
+79830540766
+79830540780
+79832602283
+79832602396
+79832602427
+79832602439
+79832602502
+79832603111
+79832603289
+79832603330
+79832603331
+79832603332
+79830570395
+79830571046
+79830571061
+79830571085
+79830571306
+79830571339
+79830571475
+79830571549
+79830571582
+79830571620
+79835850210
+79835850461
+79835850468
+79835850481
+79835850498
+79835850519
+79835850521
+79835850522
+79835850523
+79835850526
+79830570395
+79830571046
+79830571061
+79830571085
+79830571306
+79830571339
+79830571475
+79830571549
+79830571582
+79830571620
+79831900039
+79831900232
+79831900322
+79831900327
+79831900328
+79831900332
+79831900343
+79831900429
+79831900443
+79831900448
+79832602283
+79832602396
+79832602427
+79832602439
+79832602502
+79832603111
+79832603289
+79832603330
+79832603331
+79832603332
+79835850210
+79835850461
+79835850468
+79835850481
+79835850498
+79835850519
+79835850521
+79835850522
+79835850523
+79835850526
+79835850210
+79835850461
+79835850468
+79835850481
+79835850498
+79835850519
+79835850521
+79835850522
+79835850523
+79835850526
+79830540210
+79830540714
+79830540726
+79830540735
+79830540751
+79830540759
+79830540762
+79830540763
+79830540766
+79830540780
+79135400078
+79135400086
+79135400093
+79135400094
+79135400118
+79135400130
+79135400132
+79135400214
+79135400235
+79135400264
+79830540210
+79830540714
+79830540726
+79830540735
+79830540751
+79830540759
+79830540762
+79830540763
+79830540766
+79830540780
+79833700379
+79833700451
+79833700470
+79833700480
+79833700572
+79833700640
+79833700641
+79833700648
+79833700649
+79833700701
+79833700379
+79833700451
+79833700470
+79833700480
+79833700572
+79833700640
+79833700641
+79833700648
+79833700649
+79833700701
+79833700379
+79833700451
+79833700470
+79833700480
+79833700572
+79833700640
+79833700641
+79833700648
+79833700649
+79833700701
+79134401275
+79134401288
+79134401316
+79134401318
+79134401321
+79134401374
+79134401384
+79134401450
+79134401451
+79134401454
+79130502284
+79130502433
+79130502453
+79130502458
+79130502462
+79130502463
+79130502464
+79130502478
+79130502485
+79130502496
+79135400078
+79135400086
+79135400093
+79135400094
+79135400118
+79135400130
+79135400132
+79135400214
+79135400235
+79135400264
+79135400078
+79135400086
+79135400093
+79135400094
+79135400118
+79135400130
+79135400132
+79135400214
+79135400235
+79135400264
+79835850210
+79835850461
+79835850468
+79835850481
+79835850498
+79835850519
+79835850521
+79835850522
+79835850523
+79835850526
+79830570395
+79830571046
+79830571061
+79830571085
+79830571306
+79830571339
+79830571475
+79830571549
+79830571582
+79830571620
+79832550172
+79832550296
+79832550470
+79832550473
+79832550519
+79832550601
+79832550602
+79832550610
+79832550623
+79832550625
+79830570395
+79830571046
+79830571061
+79830571085
+79830571306
+79830571339
+79830571475
+79830571549
+79830571582
+79830571620
+79830570395
+79830571046
+79830571061
+79830571085
+79830571306
+79830571339
+79830571475
+79830571549
+79830571582
+79830571620
+79832550172
+79832550296
+79832550470
+79832550473
+79832550519
+79832550601
+79832550602
+79832550610
+79832550623
+79832550625
+79134401275
+79134401288
+79134401316
+79134401318
+79134401321
+79134401374
+79134401384
+79134401450
+79134401451
+79134401454
+79833700379
+79833700451
+79833700470
+79833700480
+79833700572
+79833700640
+79833700641
+79833700648
+79833700649
+79833700701
+79835850210
+79835850461
+79835850468
+79835850481
+79835850498
+79835850519
+79835850521
+79835850522
+79835850523
+79835850526
+79832602283
+79832602396
+79832602427
+79832602439
+79832602502
+79832603111
+79832603289
+79832603330
+79832603331
+79832603332
+79833700379
+79833700451
+79833700470
+79833700480
+79833700572
+79833700640
+79833700641
+79833700648
+79833700649
+79833700701
+79835850210
+79835850461
+79835850468
+79835850481
+79835850498
+79835850519
+79835850521
+79835850522
+79835850523
+79835850526
+79832700251
+79832700299
+79832700431
+79832700612
+79832700642
+79832700813
+79832700827
+79832700834
+79832700863
+79832701038
+79835850210
+79835850461
+79835850468
+79835850481
+79835850498
+79835850519
+79835850521
+79835850522
+79835850523
+79835850526
+79833700379
+79833700451
+79833700470
+79833700480
+79833700572
+79833700640
+79833700641
+79833700648
+79833700649
+79833700701
+79835850210
+79835850461
+79835850468
+79835850481
+79835850498
+79835850519
+79835850521
+79835850522
+79835850523
+79835850526
+79830540210
+79830540714
+79830540726
+79830540735
+79830540751
+79830540759
+79830540762
+79830540763
+79830540766
+79830540780
+79832550172
+79832550296
+79832550470
+79832550473
+79832550519
+79832550601
+79832550602
+79832550610
+79832550623
+79832550625
+79835850210
+79835850461
+79835850468
+79835850481
+79835850498
+79835850519
+79835850521
+79835850522
+79835850523
+79835850526
+79832550172
+79832550296
+79832550470
+79832550473
+79832550519
+79832550601
+79832550602
+79832550610
+79832550623
+79832550625
+79830540210
+79830540714
+79830540726
+79830540735
+79830540751
+79830540759
+79830540762
+79830540763
+79830540766
+79830540780
+79830570395
+79830571046
+79830571061
+79830571085
+79830571306
+79830571339
+79830571475
+79830571549
+79830571582
+79830571620
+79830540210
+79830540714
+79830540726
+79830540735
+79830540751
+79830540759
+79830540762
+79830540763
+79830540766
+79830540780
+79835850210
+79835850461
+79835850468
+79835850481
+79835850498
+79835850519
+79835850521
+79835850522
+79835850523
+79835850526
+79135400078
+79135400086
+79135400093
+79135400094
+79135400118
+79135400130
+79135400132
+79135400214
+79135400235
+79135400264
+79130502284
+79130502433
+79130502453
+79130502458
+79130502462
+79130502463
+79130502464
+79130502478
+79130502485
+79130502496
+79134401275
+79134401288
+79134401316
+79134401318
+79134401321
+79134401374
+79134401384
+79134401450
+79134401451
+79134401454
+79835850210
+79835850461
+79835850468
+79835850481
+79835850498
+79835850519
+79835850521
+79835850522
+79835850523
+79835850526
+79833700379
+79833700451
+79833700470
+79833700480
+79833700572
+79833700640
+79833700641
+79833700648
+79833700649
+79833700701
+79832700251
+79832700299
+79832700431
+79832700612
+79832700642
+79832700813
+79832700827
+79832700834
+79832700863
+79832701038
+79830540210
+79830540714
+79830540726
+79830540735
+79830540751
+79830540759
+79830540762
+79830540763
+79830540766
+79830540780
+79830570395
+79830571046
+79830571061
+79830571085
+79830571306
+79830571339
+79830571475
+79830571549
+79830571582
+79830571620
+79832700251
+79832700299
+79832700431
+79832700612
+79832700642
+79832700813
+79832700827
+79832700834
+79832700863
+79832701038
+79130502284
+79130502433
+79130502453
+79130502458
+79130502462
+79130502463
+79130502464
+79130502478
+79130502485
+79130502496
+79831900039
+79831900232
+79831900322
+79831900327
+79831900328
+79831900332
+79831900343
+79831900429
+79831900443
+79831900448
+79135400078
+79135400086
+79135400093
+79135400094
+79135400118
+79135400130
+79135400132
+79135400214
+79135400235
+79135400264
+79831900039
+79831900232
+79831900322
+79831900327
+79831900328
+79831900332
+79831900343
+79831900429
+79831900443
+79831900448
+79830540210
+79830540714
+79830540726
+79830540735
+79830540751
+79830540759
+79830540762
+79830540763
+79830540766
+79830540780
+79830540210
+79830540714
+79830540726
+79830540735
+79830540751
+79830540759
+79830540762
+79830540763
+79830540766
+79830540780
+79830570395
+79830571046
+79830571061
+79830571085
+79830571306
+79830571339
+79830571475
+79830571549
+79830571582
+79830571620
+79833700379
+79833700451
+79833700470
+79833700480
+79833700572
+79833700640
+79833700641
+79833700648
+79833700649
+79833700701
+79830570395
+79830571046
+79830571061
+79830571085
+79830571306
+79830571339
+79830571475
+79830571549
+79830571582
+79830571620
+79130502284
+79130502433
+79130502453
+79130502458
+79130502462
+79130502463
+79130502464
+79130502478
+79130502485
+79130502496
+79831900039
+79831900232
+79831900322
+79831900327
+79831900328
+79831900332
+79831900343
+79831900429
+79831900443
+79831900448
+79831900039
+79831900232
+79831900322
+79831900327
+79831900328
+79831900332
+79831900343
+79831900429
+79831900443
+79831900448
+79832602283
+79832602396
+79832602427
+79832602439
+79832602502
+79832603111
+79832603289
+79832603330
+79832603331
+79832603332
+79832602283
+79832602396
+79832602427
+79832602439
+79832602502
+79832603111
+79832603289
+79832603330
+79832603331
+79832603332
+79830570395
+79830571046
+79830571061
+79830571085
+79830571306
+79830571339
+79830571475
+79830571549
+79830571582
+79830571620
+79830570395
+79830571046
+79830571061
+79830571085
+79830571306
+79830571339
+79830571475
+79830571549
+79830571582
+79830571620
+79134401288
+79134401316
+79134401318
+79134401321
+79134401374
+79134401384
+79134401450
+79134401451
+79134401454
+79134401553
+79830570395
+79830571046
+79830571061
+79830571085
+79830571306
+79830571339
+79830571475
+79830571549
+79830571582
+79830571620
+79832700251
+79832700299
+79832700431
+79832700612
+79832700642
+79832700813
+79832700827
+79832700834
+79832700863
+79832701038
+79134401288
+79134401316
+79134401318
+79134401321
+79134401374
+79134401384
+79134401450
+79134401451
+79134401454
+79134401553
+79830540210
+79830540714
+79830540726
+79830540735
+79830540751
+79830540759
+79830540762
+79830540763
+79830540766
+79830540780
+79833700379
+79833700451
+79833700470
+79833700480
+79833700572
+79833700640
+79833700641
+79833700648
+79833700649
+79833700701
+79832602283
+79832602396
+79832602427
+79832602439
+79832602502
+79832603111
+79832603289
+79832603330
+79832603331
+79832603332
+79832550172
+79832550296
+79832550470
+79832550473
+79832550519
+79832550601
+79832550602
+79832550610
+79832550623
+79832550625
+79832550172
+79832550296
+79832550470
+79832550473
+79832550519
+79832550601
+79832550602
+79832550610
+79832550623
+79832550625
+79830570395
+79830571046
+79830571061
+79830571085
+79830571306
+79830571339
+79830571475
+79830571549
+79830571582
+79830571620
+79832550172
+79832550296
+79832550470
+79832550473
+79832550519
+79832550601
+79832550602
+79832550610
+79832550623
+79832550625
+79134401288
+79134401316
+79134401318
+79134401321
+79134401374
+79134401384
+79134401450
+79134401451
+79134401454
+79134401553
+79135400086
+79135400093
+79135400094
+79135400118
+79135400130
+79135400132
+79135400214
+79135400235
+79135400264
+79135400338
+79832550172
+79832550296
+79832550470
+79832550473
+79832550519
+79832550601
+79832550602
+79832550610
+79832550623
+79832550625
+79831900039
+79831900232
+79831900322
+79831900327
+79831900328
+79831900332
+79831900343
+79831900429
+79831900443
+79831900448
+79831900039
+79831900232
+79831900322
+79831900327
+79831900328
+79831900332
+79831900343
+79831900429
+79831900443
+79831900448
+79835850210
+79835850461
+79835850468
+79835850481
+79835850498
+79835850519
+79835850521
+79835850522
+79835850523
+79835850526
+79831900039
+79831900232
+79831900322
+79831900327
+79831900328
+79831900332
+79831900343
+79831900429
+79831900443
+79831900448
+79831900039
+79831900232
+79831900322
+79831900327
+79831900328
+79831900332
+79831900343
+79831900429
+79831900443
+79831900448
+79832700251
+79832700299
+79832700431
+79832700612
+79832700642
+79832700813
+79832700827
+79832700834
+79832700863
+79832701038
+79831900039
+79831900232
+79831900322
+79831900327
+79831900328
+79831900332
+79831900343
+79831900429
+79831900443
+79831900448
+79830570395
+79830571046
+79830571061
+79830571085
+79830571306
+79830571339
+79830571475
+79830571549
+79830571582
+79830571620
+79134401288
+79134401316
+79134401318
+79134401321
+79134401374
+79134401384
+79134401450
+79134401451
+79134401454
+79134401553
+79831900039
+79831900232
+79831900322
+79831900327
+79831900328
+79831900332
+79831900343
+79831900429
+79831900443
+79831900448
+79134401288
+79134401316
+79134401318
+79134401321
+79134401374
+79134401384
+79134401450
+79134401451
+79134401454
+79134401553
+79832550172
+79832550296
+79832550470
+79832550473
+79832550519
+79832550601
+79832550602
+79832550610
+79832550623
+79832550625
+79830570395
+79830571046
+79830571061
+79830571085
+79830571306
+79830571339
+79830571475
+79830571549
+79830571582
+79830571620
+79135400086
+79135400093
+79135400094
+79135400118
+79135400130
+79135400132
+79135400214
+79135400235
+79135400264
+79135400338
+79832602283
+79832602396
+79832602427
+79832602439
+79832602502
+79832603111
+79832603289
+79832603330
+79832603331
+79832603332
+79830570395
+79830571046
+79830571061
+79830571085
+79830571306
+79830571339
+79830571475
+79830571549
+79830571582
+79830571620
+79832700251
+79832700299
+79832700431
+79832700612
+79832700642
+79832700813
+79832700827
+79832700834
+79832700863
+79832701038
+79832602283
+79832602396
+79832602427
+79832602439
+79832602502
+79832603111
+79832603289
+79832603330
+79832603331
+79832603332
+79830570395
+79830571046
+79830571061
+79830571085
+79830571306
+79830571339
+79830571475
+79830571549
+79830571582
+79830571620
+79830540210
+79830540714
+79830540726
+79830540735
+79830540751
+79830540759
+79830540762
+79830540763
+79830540766
+79830540780
+79832700251
+79832700299
+79832700431
+79832700612
+79832700642
+79832700813
+79832700827
+79832700834
+79832700863
+79832701038
+79134401288
+79134401316
+79134401318
+79134401321
+79134401374
+79134401384
+79134401450
+79134401451
+79134401454
+79134401553
+79135400086
+79135400093
+79135400094
+79135400118
+79135400130
+79135400132
+79135400214
+79135400235
+79135400264
+79135400338
+79130502284
+79130502433
+79130502453
+79130502458
+79130502462
+79130502463
+79130502464
+79130502478
+79130502485
+79130502496
+79830540210
+79830540714
+79830540726
+79830540735
+79830540751
+79830540759
+79830540762
+79830540763
+79830540766
+79830540780
+79832700251
+79832700299
+79832700431
+79832700612
+79832700642
+79832700813
+79832700827
+79832700834
+79832700863
+79832701038
+79832602283
+79832602396
+79832602427
+79832602439
+79832602502
+79832603111
+79832603289
+79832603330
+79832603331
+79832603332
+79830570395
+79830571046
+79830571061
+79830571085
+79830571306
+79830571339
+79830571475
+79830571549
+79830571582
+79830571620
+79134401288
+79134401316
+79134401318
+79134401321
+79134401374
+79134401384
+79134401450
+79134401451
+79134401454
+79134401553
+79832700251
+79832700299
+79832700431
+79832700612
+79832700642
+79832700813
+79832700827
+79832700834
+79832700863
+79832701038
+79835850210
+79835850461
+79835850468
+79835850481
+79835850498
+79835850519
+79835850521
+79835850522
+79835850523
+79835850526
+79830570395
+79830571046
+79830571061
+79830571085
+79830571306
+79830571339
+79830571475
+79830571549
+79830571582
+79830571620
+79832700251
+79832700299
+79832700431
+79832700612
+79832700642
+79832700813
+79832700827
+79832700834
+79832700863
+79832701038
+79130502284
+79130502433
+79130502453
+79130502458
+79130502462
+79130502463
+79130502464
+79130502478
+79130502485
+79130502496
+79134401288
+79134401316
+79134401318
+79134401321
+79134401374
+79134401384
+79134401450
+79134401451
+79134401454
+79134401553
+79135400086
+79135400093
+79135400094
+79135400118
+79135400130
+79135400132
+79135400214
+79135400235
+79135400264
+79135400338
+79832602283
+79832602396
+79832602427
+79832602439
+79832602502
+79832603111
+79832603289
+79832603330
+79832603331
+79832603332
+79832602283
+79832602396
+79832602427
+79832602439
+79832602502
+79832603111
+79832603289
+79832603330
+79832603331
+79832603332
+79831900039
+79831900232
+79831900322
+79831900327
+79831900328
+79831900332
+79831900343
+79831900429
+79831900443
+79831900448
+79832700251
+79832700299
+79832700431
+79832700612
+79832700642
+79832700813
+79832700827
+79832700834
+79832700863
+79832701038
