+79134401454
+79832603111
+79835850461
+79832550519
+79831900328
+79830571046
+79830540762
+79835850523
+79832603332
+79134401374
+79135400078
+79135400235
+79833700470
+79135400093
+79832700612
+79134401553
+79830540726
+79833700480
+79832550625
+79832550610
+79831900343
+79832603330
+79832550470
+79833700572
+79832602396
+79832550296
+79134401450
+79832602427
+79832550635
+79832603331
+79130502458
+79832700827
+79830540735
+79832700299
+79135400086
+79134401451
+79831900429
+79830540780
+79832550602
+79832603289
+79830571306
+79831900443
+79832700834
+79830571475
+79135400264
+79832701038
+79134401275
+79135400214
+79833700648
+79134401288
+79833700640
+79830540714
+79833700641
+79832602502
+79831900039
+79830570395
+79130502485
+79832700642
+79835850521
+79831900448
+79135400338
+79833700379
+79830540766
+79832700863
+79830571085
+79832550473
+79831900232
+79835850519
+79831900327
+79134401318
+79130502433
+79835850498
+79135400132
+79830540759
+79130502478
+79835850468
+79835850210
+79832550623
+79830571549
+79135400130
+79832602439
+79830540763
+79130502462
+79831900332
+79830571061
+79832550601
+79831900322
+79832550172
+79835850481
+79134401384
+79130502496
+79130502284
+79130502463
+79833700649
+79830571339
+79833700451
+79835850522
+79832700251
+79134401316
+79135400118
+79830571620
+79130502453
+79830571582
+79830540751
+79832700813
+79833700701
+79830540210
+79134401321
+79130502464
+79832700431
+79835850526
+79135400094
+79832602283
