+79144103702
+79144201634
+79842802133
+79141802271
+79142000760
+79842903654
+79142105289
+79144201572
+79141702536
+79143704951
+79141900712
+79842802134
+79143108991
+79144201259
+79144201684
+79143704972
+79842903638
+79143108683
+79141802357
+79142002691
+79145402566
+79143705037
+79145400785
+79142103223
+79143701645
+79145402374
+79141700542
+79145400265
+79143702982
+79841701879
+79147703754
+79141503364
+79141802364
+79842801925
+79143105189
+79144103749
+79144005538
+79842903657
+79842903647
+79141601845
+79142002873
+79144003175
+79141509582
+79141701196
+79141902135
+79141601913
+79143108678
+79142101583
+79143704199
+79144201153
+79141902589
+79141802306
+79842903648
+79143108679
+79141513119
+79141901411
+79147703755
+79142105707
+79143108268
+79841701858
+79145401727
+79842604495
+79141902372
+79841701851
+79141601907
+79141701634
+79142002235
+79144001673
+79145401745
+79142103927
+79147702721
+79142002185
+79143108884
+79141511974
+79142003106
+79143108883
+79141601846
+79141601837
+79141500804
+79141511836
+79144201637
+79141802356
+79841701883
+79141802257
+79141701072
+79144005536
+79141800187
+79842604011
+79842802137
+79147701304
+79145400856
+79141701826
+79141701876
+79144103787
+79144201439
+79147702069
+79141601984
+79842802131
+79842602815
+79143705081
+79842604490
+79142002635
+79143704954
+79142103408
+79841701966
+79842903675
+79144103750
+79144004821
+79842602765
+79141601801
+79841701874
+79841700298
+79142002173
+79842603687
+79142102756
+79141600097
+79842801037
+79147700348
+79842601046
+79841701697
+79842603754
+79841700496
+79842604481
+79141902947
+79145402611
+79141513659
+79144201258
+79143108886
+79141601933
+79141701504
+79842802149
+79147703751
+79143108968
+79144103045
+79841700184
+79141513033
+79142003034
+79145401570
+79842903679
+79144103763
+79141514148
+79144103759
+79842903650
+79142104975
+79842802175
+79143704271
+79141601823
+79144101518
+79144002297
+79141902048
+79144201649
+79141504942
+79141510963
+79842903569
+79147701789
+79842801826
+79144103095
+79141514657
+79842903641
+79141900358
+79144005537
+79143108217
+79141802267
+79144201695
+79144002574
+79142003153
+79142103674
+79842603531
+79144005569
+79141514524
+79147703758
+79141511673
+79141802238
+79147703326
+79143705067
+79841700048
+79141801898
+79141903361
+79842903670
+79141900502
+79141702567
+79141512084
+79141702531
+79144001187
+79142002171
+79842603442
+79143703758
+79145401262
+79145401128
+79142102240
+79842801108
+79147701646
+79141802371
+79144103767
+79143108999
+79141901921
+79144101759
+79141514332
+79142103061
