+79842903569
+79842903638
+79842903641
+79842903647
+79842903648
+79842903650
+79842903654
+79842903657
+79842903670
+79842903675
+79842801037
+79842801108
+79842801826
+79842801925
+79842802131
+79842802133
+79842802134
+79842802137
+79842802149
+79842802175
+79143702982
+79143703758
+79143704199
+79143704271
+79143704951
+79143704954
+79143704972
+79143705037
+79143705067
+79143705081
+79141900358
+79141900502
+79141900712
+79141901411
+79141901921
+79141902048
+79141902135
+79141902372
+79141902589
+79141902947
+79144001187
+79144001673
+79144002297
+79144002574
+79144003175
+79144004821
+79144005536
+79144005537
+79144005538
+79144005569
+79143105189
+79143108217
+79143108268
+79143108678
+79143108679
+79143108683
+79143108883
+79143108884
+79143108886
+79143108968
+79842601046
+79842602765
+79842602815
+79842603442
+79842603687
+79842603754
+79842604011
+79842604481
+79842604490
+79842604495
+79145400265
+79145400785
+79145400856
+79145401128
+79145401262
+79145401570
+79145401727
+79145401745
+79145402374
+79145402566
+79142101583
+79142102240
+79142102756
+79142103061
+79142103223
+79142103408
+79142103674
+79142103927
+79142104975
+79142105289
+79141600097
+79141601801
+79141601823
+79141601837
+79141601845
+79141601846
+79141601907
+79141601913
+79141601933
+79141601984
+79147700348
+79147701646
+79147701789
+79147702069
+79147702721
+79147703326
+79147703751
+79147703754
+79147703755
+79147703758
+79147700348
+79147701646
+79147701789
+79147702069
+79147702721
+79147703326
+79147703751
+79147703754
+79147703755
+79147703758
+79144201153
+79144201258
+79144201259
+79144201439
+79144201572
+79144201634
+79144201637
+79144201649
+79144201684
+79144201695
+79141801898
+79141802238
+79141802257
+79141802267
+79141802271
+79141802306
+79141802356
+79141802357
+79141802364
+79141802371
+79143702982
+79143703758
+79143704199
+79143704271
+79143704951
+79143704954
+79143704972
+79143705037
+79143705067
+79143705081
+79147700348
+79147701646
+79147701789
+79147702069
+79147702721
+79147703326
+79147703751
+79147703754
+79147703755
+79147703758
+79841700048
+79841700184
+79841700298
+79841701697
+79841701851
+79841701858
+79841701874
+79841701879
+79841701883
+79841701966
+79841700048
+79841700184
+79841700298
+79841701697
+79841701851
+79841701858
+79841701874
+79841701879
+79841701883
+79841701966
+79842801037
+79842801108
+79842801826
+79842801925
+79842802131
+79842802133
+79842802134
+79842802137
+79842802149
+79842802175
+79142101583
+79142102240
+79142102756
+79142103061
+79142103223
+79142103408
+79142103674
+79142103927
+79142104975
+79142105289
+79841700048
+79841700184
+79841700298
+79841701697
+79841701851
+79841701858
+79841701874
+79841701879
+79841701883
+79841701966
+79141700542
+79141701072
+79141701196
+79141701504
+79141701634
+79141701826
+79141701876
+79141702531
+79141702536
+79141702567
+79841700048
+79841700184
+79841700298
+79841701697
+79841701851
+79841701858
+79841701874
+79841701879
+79841701883
+79841701966
+79141500804
+79141503364
+79141504942
+79141509582
+79141510963
+79141511673
+79141511836
+79141511974
+79141512084
+79141513033
+79144001187
+79144001673
+79144002297
+79144002574
+79144003175
+79144004821
+79144005536
+79144005537
+79144005538
+79144005569
+79145400265
+79145400785
+79145400856
+79145401128
+79145401262
+79145401570
+79145401727
+79145401745
+79145402374
+79145402566
+79144201153
+79144201258
+79144201259
+79144201439
+79144201572
+79144201634
+79144201637
+79144201649
+79144201684
+79144201695
+79142002171
+79142002173
+79142002185
+79142002235
+79142002635
+79142002691
+79142002873
+79142003034
+79142003106
+79142003153
+79144101518
+79144101759
+79144103095
+79144103702
+79144103749
+79144103750
+79144103759
+79144103763
+79144103767
+79144103787
+79141900358
+79141900502
+79141900712
+79141901411
+79141901921
+79141902048
+79141902135
+79141902372
+79141902589
+79141902947
+79842601046
+79842602765
+79842602815
+79842603442
+79842603687
+79842603754
+79842604011
+79842604481
+79842604490
+79842604495
+79143105189
+79143108217
+79143108268
+79143108678
+79143108679
+79143108683
+79143108883
+79143108884
+79143108886
+79143108968
+79141900502
+79141900712
+79141901411
+79141901921
+79141902048
+79141902135
+79141902372
+79141902589
+79141902947
+79141903361
+79147700348
+79147701304
+79147701646
+79147701789
+79147702069
+79147702721
+79147703326
+79147703751
+79147703754
+79147703755
+79144001187
+79144001673
+79144002297
+79144002574
+79144003175
+79144004821
+79144005536
+79144005537
+79144005538
+79144005569
+79144001187
+79144001673
+79144002297
+79144002574
+79144003175
+79144004821
+79144005536
+79144005537
+79144005538
+79144005569
+79145400265
+79145400785
+79145400856
+79145401128
+79145401262
+79145401570
+79145401727
+79145401745
+79145402374
+79145402566
+79143105189
+79143108217
+79143108268
+79143108678
+79143108679
+79143108683
+79143108883
+79143108884
+79143108886
+79143108968
+79144001187
+79144001673
+79144002297
+79144002574
+79144003175
+79144004821
+79144005536
+79144005537
+79144005538
+79144005569
+79144101518
+79144101759
+79144103095
+79144103702
+79144103749
+79144103750
+79144103759
+79144103763
+79144103767
+79144103787
+79141900502
+79141900712
+79141901411
+79141901921
+79141902048
+79141902135
+79141902372
+79141902589
+79141902947
+79141903361
+79842903569
+79842903638
+79842903641
+79842903647
+79842903648
+79842903650
+79842903654
+79842903657
+79842903670
+79842903675
+79842903569
+79842903638
+79842903641
+79842903647
+79842903648
+79842903650
+79842903654
+79842903657
+79842903670
+79842903675
+79144201153
+79144201258
+79144201259
+79144201439
+79144201572
+79144201634
+79144201637
+79144201649
+79144201684
+79144201695
+79144101518
+79144101759
+79144103095
+79144103702
+79144103749
+79144103750
+79144103759
+79144103763
+79144103767
+79144103787
+79143105189
+79143108217
+79143108268
+79143108678
+79143108679
+79143108683
+79143108883
+79143108884
+79143108886
+79143108968
+79842903569
+79842903638
+79842903641
+79842903647
+79842903648
+79842903650
+79842903654
+79842903657
+79842903670
+79842903675
+79841700048
+79841700184
+79841700298
+79841700496
+79841701697
+79841701851
+79841701858
+79841701874
+79841701879
+79841701883
+79145400265
+79145400785
+79145400856
+79145401128
+79145401262
+79145401570
+79145401727
+79145401745
+79145402374
+79145402566
+79145400265
+79145400785
+79145400856
+79145401128
+79145401262
+79145401570
+79145401727
+79145401745
+79145402374
+79145402566
+79842903569
+79842903638
+79842903641
+79842903647
+79842903648
+79842903650
+79842903654
+79842903657
+79842903670
+79842903675
+79842601046
+79842602765
+79842602815
+79842603442
+79842603687
+79842603754
+79842604011
+79842604481
+79842604490
+79842604495
+79142101583
+79142102240
+79142102756
+79142103061
+79142103223
+79142103408
+79142103674
+79142103927
+79142104975
+79142105289
+79141900358
+79141900502
+79141900712
+79141901411
+79141901921
+79141902048
+79141902135
+79141902372
+79141902589
+79141902947
+79141900358
+79141900502
+79141900712
+79141901411
+79141901921
+79141902048
+79141902135
+79141902372
+79141902589
+79141902947
+79144001187
+79144001673
+79144002297
+79144002574
+79144003175
+79144004821
+79144005536
+79144005537
+79144005538
+79144005569
+79143701645
+79143702982
+79143703758
+79143704199
+79143704271
+79143704951
+79143704954
+79143704972
+79143705037
+79143705067
+79842801037
+79842801108
+79842801826
+79842801925
+79842802131
+79842802133
+79842802134
+79842802137
+79842802149
+79842802175
+79142002171
+79142002173
+79142002185
+79142002235
+79142002635
+79142002691
+79142002873
+79142003034
+79142003106
+79142003153
+79141800187
+79141801898
+79141802238
+79141802257
+79141802267
+79141802271
+79141802306
+79141802356
+79141802357
+79141802364
+79141700542
+79141701072
+79141701196
+79141701504
+79141701634
+79141701826
+79141701876
+79141702531
+79141702536
+79141702567
+79142101583
+79142102240
+79142102756
+79142103061
+79142103223
+79142103408
+79142103674
+79142103927
+79142104975
+79142105289
+79144001187
+79144001673
+79144002297
+79144002574
+79144003175
+79144004821
+79144005536
+79144005537
+79144005538
+79144005569
+79142101583
+79142102240
+79142102756
+79142103061
+79142103223
+79142103408
+79142103674
+79142103927
+79142104975
+79142105289
+79143108217
+79143108268
+79143108678
+79143108679
+79143108683
+79143108883
+79143108884
+79143108886
+79143108968
+79143108991
+79842801037
+79842801108
+79842801826
+79842801925
+79842802131
+79842802133
+79842802134
+79842802137
+79842802149
+79842802175
+79144001187
+79144001673
+79144002297
+79144002574
+79144003175
+79144004821
+79144005536
+79144005537
+79144005538
+79144005569
+79141900358
+79141900502
+79141900712
+79141901411
+79141901921
+79141902048
+79141902135
+79141902372
+79141902589
+79141902947
+79143701645
+79143702982
+79143703758
+79143704199
+79143704271
+79143704951
+79143704954
+79143704972
+79143705037
+79143705067
+79144201153
+79144201258
+79144201259
+79144201439
+79144201572
+79144201634
+79144201637
+79144201649
+79144201684
+79144201695
+79142002171
+79142002173
+79142002185
+79142002235
+79142002635
+79142002691
+79142002873
+79142003034
+79142003106
+79142003153
+79144201153
+79144201258
+79144201259
+79144201439
+79144201572
+79144201634
+79144201637
+79144201649
+79144201684
+79144201695
+79842903569
+79842903638
+79842903641
+79842903647
+79842903648
+79842903650
+79842903654
+79842903657
+79842903670
+79842903675
+79147700348
+79147701304
+79147701646
+79147701789
+79147702069
+79147702721
+79147703326
+79147703751
+79147703754
+79147703755
+79142101583
+79142102240
+79142102756
+79142103061
+79142103223
+79142103408
+79142103674
+79142103927
+79142104975
+79142105289
+79144101518
+79144101759
+79144103045
+79144103095
+79144103702
+79144103749
+79144103750
+79144103759
+79144103763
+79144103767
+79141700542
+79141701072
+79141701196
+79141701504
+79141701634
+79141701826
+79141701876
+79141702531
+79141702536
+79141702567
+79144101518
+79144101759
+79144103045
+79144103095
+79144103702
+79144103749
+79144103750
+79144103759
+79144103763
+79144103767
+79143701645
+79143702982
+79143703758
+79143704199
+79143704271
+79143704951
+79143704954
+79143704972
+79143705037
+79143705067
+79143701645
+79143702982
+79143703758
+79143704199
+79143704271
+79143704951
+79143704954
+79143704972
+79143705037
+79143705067
+79144001187
+79144001673
+79144002297
+79144002574
+79144003175
+79144004821
+79144005536
+79144005537
+79144005538
+79144005569
+79141504942
+79141509582
+79141510963
+79141511673
+79141511836
+79141511974
+79141512084
+79141513033
+79141513119
+79141513659
+79141504942
+79141509582
+79141510963
+79141511673
+79141511836
+79141511974
+79141512084
+79141513033
+79141513119
+79141513659
+79142002171
+79142002173
+79142002185
+79142002235
+79142002635
+79142002691
+79142002873
+79142003034
+79142003106
+79142003153
+79144001187
+79144001673
+79144002297
+79144002574
+79144003175
+79144004821
+79144005536
+79144005537
+79144005538
+79144005569
+79842801037
+79842801108
+79842801826
+79842801925
+79842802131
+79842802133
+79842802134
+79842802137
+79842802149
+79842802175
+79143701645
+79143702982
+79143703758
+79143704199
+79143704271
+79143704951
+79143704954
+79143704972
+79143705037
+79143705067
+79141600097
+79141601801
+79141601823
+79141601837
+79141601845
+79141601846
+79141601907
+79141601913
+79141601933
+79141601984
+79147700348
+79147701304
+79147701646
+79147701789
+79147702069
+79147702721
+79147703326
+79147703751
+79147703754
+79147703755
+79143701645
+79143702982
+79143703758
+79143704199
+79143704271
+79143704951
+79143704954
+79143704972
+79143705037
+79143705067
+79142000760
+79142002171
+79142002173
+79142002185
+79142002235
+79142002635
+79142002691
+79142002873
+79142003034
+79142003106
+79144101518
+79144101759
+79144103045
+79144103095
+79144103702
+79144103749
+79144103750
+79144103759
+79144103763
+79144103767
+79842601046
+79842602765
+79842602815
+79842603442
+79842603531
+79842603687
+79842603754
+79842604011
+79842604481
+79842604490
+79143108217
+79143108268
+79143108678
+79143108679
+79143108683
+79143108883
+79143108884
+79143108886
+79143108968
+79143108991
+79841700048
+79841700184
+79841700298
+79841700496
+79841701697
+79841701851
+79841701858
+79841701874
+79841701879
+79841701883
+79141800187
+79141801898
+79141802238
+79141802257
+79141802267
+79141802271
+79141802306
+79141802356
+79141802357
+79141802364
+79144101518
+79144101759
+79144103045
+79144103095
+79144103702
+79144103749
+79144103750
+79144103759
+79144103763
+79144103767
+79141504942
+79141509582
+79141510963
+79141511673
+79141511836
+79141511974
+79141512084
+79141513033
+79141513119
+79141513659
+79142101583
+79142102240
+79142102756
+79142103061
+79142103223
+79142103408
+79142103674
+79142103927
+79142104975
+79142105289
+79142000760
+79142002171
+79142002173
+79142002185
+79142002235
+79142002635
+79142002691
+79142002873
+79142003034
+79142003106
+79842903638
+79842903641
+79842903647
+79842903648
+79842903650
+79842903654
+79842903657
+79842903670
+79842903675
+79842903679
+79143701645
+79143702982
+79143703758
+79143704199
+79143704271
+79143704951
+79143704954
+79143704972
+79143705037
+79143705067
+79141800187
+79141801898
+79141802238
+79141802257
+79141802267
+79141802271
+79141802306
+79141802356
+79141802357
+79141802364
+79144201153
+79144201258
+79144201259
+79144201439
+79144201572
+79144201634
+79144201637
+79144201649
+79144201684
+79144201695
+79143701645
+79143702982
+79143703758
+79143704199
+79143704271
+79143704951
+79143704954
+79143704972
+79143705037
+79143705067
+79142000760
+79142002171
+79142002173
+79142002185
+79142002235
+79142002635
+79142002691
+79142002873
+79142003034
+79142003106
+79141700542
+79141701072
+79141701196
+79141701504
+79141701634
+79141701826
+79141701876
+79141702531
+79141702536
+79141702567
+79141900358
+79141900502
+79141900712
+79141901411
+79141901921
+79141902048
+79141902135
+79141902372
+79141902589
+79141902947
+79842903638
+79842903641
+79842903647
+79842903648
+79842903650
+79842903654
+79842903657
+79842903670
+79842903675
+79842903679
+79141800187
+79141801898
+79141802238
+79141802257
+79141802267
+79141802271
+79141802306
+79141802356
+79141802357
+79141802364
+79841700048
+79841700184
+79841700298
+79841700496
+79841701697
+79841701851
+79841701858
+79841701874
+79841701879
+79841701883
+79842801037
+79842801108
+79842801826
+79842801925
+79842802131
+79842802133
+79842802134
+79842802137
+79842802149
+79842802175
+79141700542
+79141701072
+79141701196
+79141701504
+79141701634
+79141701826
+79141701876
+79141702531
+79141702536
+79141702567
+79141900358
+79141900502
+79141900712
+79141901411
+79141901921
+79141902048
+79141902135
+79141902372
+79141902589
+79141902947
+79147700348
+79147701304
+79147701646
+79147701789
+79147702069
+79147702721
+79147703326
+79147703751
+79147703754
+79147703755
+79147700348
+79147701304
+79147701646
+79147701789
+79147702069
+79147702721
+79147703326
+79147703751
+79147703754
+79147703755
+79144101518
+79144101759
+79144103045
+79144103095
+79144103702
+79144103749
+79144103750
+79144103759
+79144103763
+79144103767
+79143701645
+79143702982
+79143703758
+79143704199
+79143704271
+79143704951
+79143704954
+79143704972
+79143705037
+79143705067
+79147700348
+79147701304
+79147701646
+79147701789
+79147702069
+79147702721
+79147703326
+79147703751
+79147703754
+79147703755
+79141900358
+79141900502
+79141900712
+79141901411
+79141901921
+79141902048
+79141902135
+79141902372
+79141902589
+79141902947
+79141700542
+79141701072
+79141701196
+79141701504
+79141701634
+79141701826
+79141701876
+79141702531
+79141702536
+79141702567
+79142101583
+79142102240
+79142102756
+79142103061
+79142103223
+79142103408
+79142103674
+79142103927
+79142104975
+79142105289
+79142000760
+79142002171
+79142002173
+79142002185
+79142002235
+79142002635
+79142002691
+79142002873
+79142003034
+79142003106
+79144201153
+79144201258
+79144201259
+79144201439
+79144201572
+79144201634
+79144201637
+79144201649
+79144201684
+79144201695
+79141700542
+79141701072
+79141701196
+79141701504
+79141701634
+79141701826
+79141701876
+79141702531
+79141702536
+79141702567
+79144201153
+79144201258
+79144201259
+79144201439
+79144201572
+79144201634
+79144201637
+79144201649
+79144201684
+79144201695
+79144001187
+79144001673
+79144002297
+79144002574
+79144003175
+79144004821
+79144005536
+79144005537
+79144005538
+79144005569
+79842903569
+79842903638
+79842903641
+79842903647
+79842903648
+79842903650
+79842903654
+79842903657
+79842903670
+79842903675
+79141511836
+79141511974
+79141512084
+79141513033
+79141513119
+79141513659
+79141514148
+79141514332
+79141514524
+79141514657
+79141600097
+79141601801
+79141601823
+79141601837
+79141601845
+79141601846
+79141601907
+79141601913
+79141601933
+79141601984
+79141700542
+79141701072
+79141701196
+79141701504
+79141701634
+79141701826
+79141701876
+79141702531
+79141702536
+79141702567
+79143108268
+79143108678
+79143108679
+79143108683
+79143108883
+79143108884
+79143108886
+79143108968
+79143108991
+79143108999
+79145400785
+79145400856
+79145401128
+79145401262
+79145401570
+79145401727
+79145401745
+79145402374
+79145402566
+79145402611
+79147700348
+79147701304
+79147701646
+79147701789
+79147702069
+79147702721
+79147703326
+79147703751
+79147703754
+79147703755
+79143108268
+79143108678
+79143108679
+79143108683
+79143108883
+79143108884
+79143108886
+79143108968
+79143108991
+79143108999
+79143108268
+79143108678
+79143108679
+79143108683
+79143108883
+79143108884
+79143108886
+79143108968
+79143108991
+79143108999
+79842801037
+79842801108
+79842801826
+79842801925
+79842802131
+79842802133
+79842802134
+79842802137
+79842802149
+79842802175
+79842903569
+79842903638
+79842903641
+79842903647
+79842903648
+79842903650
+79842903654
+79842903657
+79842903670
+79842903675
+79142102240
+79142102756
+79142103061
+79142103223
+79142103408
+79142103674
+79142103927
+79142104975
+79142105289
+79142105707
+79842801037
+79842801108
+79842801826
+79842801925
+79842802131
+79842802133
+79842802134
+79842802137
+79842802149
+79842802175
+79141700542
+79141701072
+79141701196
+79141701504
+79141701634
+79141701826
+79141701876
+79141702531
+79141702536
+79141702567
+79142000760
+79142002171
+79142002173
+79142002185
+79142002235
+79142002635
+79142002691
+79142002873
+79142003034
+79142003106
