+79128208678
+79128210739
+79128212085
+79128213113
+79128213156
+79128213264
+79128213286
+79128213485
+79128213521
+79128213598
+79823804315
+79823804817
+79823805594
+79823806240
+79823806825
+79823808121
+79823808437
+79823808601
+79823808776
+79823809177
+79823804315
+79823804817
+79823805594
+79823806240
+79823806825
+79823808121
+79823808437
+79823808601
+79823808776
+79823809177
+79127003367
+79127003628
+79127010936
+79127012491
+79127012714
+79127013203
+79127013216
+79127013245
+79127013389
+79127013417
+79123329768
+79123329778
+79123329780
+79123329781
+79123329790
+79123329793
+79123329796
+79123329798
+79123329807
+79123329810
+79127102469
+79127103216
+79127103248
+79127103548
+79127104211
+79127104358
+79127104445
+79127104922
+79127104937
+79127105118
+79828102296
+79828102931
+79828102937
+79828103160
+79828104453
+79828104999
+79828105304
+79828105352
+79828105389
+79828105444
+79123703020
+79123703518
+79123704218
+79123706174
+79123706265
+79123706499
+79123708058
+79123708410
+79123711959
+79123712860
+79127102469
+79127103216
+79127103248
+79127103548
+79127104211
+79127104358
+79127104445
+79127104922
+79127104937
+79127105118
+79195001770
+79195003018
+79195003363
+79195004582
+79195004814
+79195007331
+79195008205
+79195008564
+79195009581
+79195009927
+79828102296
+79828102931
+79828102937
+79828103160
+79828104453
+79828104999
+79828105304
+79828105352
+79828105389
+79828105444
+79127302092
+79127302671
+79127302818
+79127304107
+79127304599
+79127306696
+79127307057
+79127307514
+79127307867
+79127308946
+79195109025
+79195112861
+79195114216
+79195114484
+79195114497
+79195114632
+79195116037
+79195116123
+79195116496
+79195116918
+79123329768
+79123329778
+79123329780
+79123329781
+79123329790
+79123329793
+79123329796
+79123329798
+79123329807
+79123329810
+79127210858
+79127214278
+79127214351
+79127214607
+79127214668
+79127214838
+79127215121
+79127215150
+79127215377
+79127215896
+79195001770
+79195003018
+79195003363
+79195004582
+79195004814
+79195007331
+79195008205
+79195008564
+79195009581
+79195009927
+79123329768
+79123329778
+79123329780
+79123329781
+79123329790
+79123329793
+79123329796
+79123329798
+79123329807
+79123329810
+79123607928
+79123608188
+79123608506
+79123608640
+79123608738
+79123608839
+79123608840
+79123608904
+79123608962
+79123609976
+79127102469
+79127103216
+79127103248
+79127103548
+79127104211
+79127104358
+79127104445
+79127104922
+79127104937
+79127105118
+79195109025
+79195112861
+79195114216
+79195114484
+79195114497
+79195114632
+79195116037
+79195116123
+79195116496
+79195116918
+79195001770
+79195003018
+79195003363
+79195004582
+79195004814
+79195007331
+79195008205
+79195008564
+79195009581
+79195009927
+79123329768
+79123329778
+79123329780
+79123329781
+79123329790
+79123329793
+79123329796
+79123329798
+79123329807
+79123329810
+79128208678
+79128210739
+79128212085
+79128213113
+79128213156
+79128213264
+79128213286
+79128213485
+79128213521
+79128213598
+79823804315
+79823804817
+79823805594
+79823806240
+79823806825
+79823808121
+79823808437
+79823808601
+79823808776
+79823809177
+79128208678
+79128210739
+79128212085
+79128213113
+79128213156
+79128213264
+79128213286
+79128213485
+79128213521
+79128213598
+79123329768
+79123329778
+79123329780
+79123329781
+79123329790
+79123329793
+79123329796
+79123329798
+79123329807
+79123329810
+79123329768
+79123329778
+79123329780
+79123329781
+79123329790
+79123329793
+79123329796
+79123329798
+79123329807
+79123329810
+79823804315
+79823804817
+79823805594
+79823806240
+79823806825
+79823808121
+79823808437
+79823808601
+79823808776
+79823809177
+79123329768
+79123329778
+79123329780
+79123329781
+79123329790
+79123329793
+79123329796
+79123329798
+79123329807
+79123329810
+79123703020
+79123703518
+79123704218
+79123706174
+79123706265
+79123706499
+79123708058
+79123708410
+79123711959
+79123712860
+79127210858
+79127214278
+79127214351
+79127214607
+79127214668
+79127214838
+79127215121
+79127215150
+79127215377
+79127215896
+79127210858
+79127214278
+79127214351
+79127214607
+79127214668
+79127214838
+79127215121
+79127215150
+79127215377
+79127215896
+79123703020
+79123703518
+79123704218
+79123706174
+79123706265
+79123706499
+79123708058
+79123708410
+79123711959
+79123712860
+79127302092
+79127302671
+79127302818
+79127304107
+79127304599
+79127306696
+79127307057
+79127307514
+79127307867
+79127308946
+79828102296
+79828102931
+79828102937
+79828103160
+79828104453
+79828104999
+79828105304
+79828105352
+79828105389
+79828105444
+79127102469
+79127103216
+79127103248
+79127103548
+79127104211
+79127104358
+79127104445
+79127104922
+79127104937
+79127105118
+79823901313
+79823901515
+79823901717
+79823901719
+79823901902
+79823902243
+79823902256
+79823903156
+79823903660
+79823905731
+79127302092
+79127302671
+79127302818
+79127304107
+79127304599
+79127306696
+79127307057
+79127307514
+79127307867
+79127308946
+79127302092
+79127302671
+79127302818
+79127304107
+79127304599
+79127306696
+79127307057
+79127307514
+79127307867
+79127308946
+79195001770
+79195003018
+79195003363
+79195004582
+79195004814
+79195007331
+79195008205
+79195008564
+79195009581
+79195009927
+79195109025
+79195112861
+79195114216
+79195114484
+79195114497
+79195114632
+79195116037
+79195116123
+79195116496
+79195116918
+79195001770
+79195003018
+79195003363
+79195004582
+79195004814
+79195007331
+79195008205
+79195008564
+79195009581
+79195009927
+79127302092
+79127302671
+79127302818
+79127304107
+79127304599
+79127306696
+79127307057
+79127307514
+79127307867
+79127308946
+79123703020
+79123703518
+79123704218
+79123706174
+79123706265
+79123706499
+79123708058
+79123708410
+79123711959
+79123712860
+79123607928
+79123608188
+79123608506
+79123608640
+79123608738
+79123608839
+79123608840
+79123608904
+79123608962
+79123609976
+79123607928
+79123608188
+79123608506
+79123608640
+79123608738
+79123608839
+79123608840
+79123608904
+79123608962
+79123609976
+79128208678
+79128210739
+79128212085
+79128213113
+79128213156
+79128213264
+79128213286
+79128213485
+79128213521
+79128213598
+79127210858
+79127214278
+79127214351
+79127214607
+79127214668
+79127214838
+79127215121
+79127215150
+79127215377
+79127215896
+79127210858
+79127214278
+79127214351
+79127214607
+79127214668
+79127214838
+79127215121
+79127215150
+79127215377
+79127215896
+79123607928
+79123608188
+79123608506
+79123608640
+79123608738
+79123608839
+79123608840
+79123608904
+79123608962
+79123609976
+79123329768
+79123329778
+79123329780
+79123329781
+79123329790
+79123329793
+79123329796
+79123329798
+79123329807
+79123329810
+79823804315
+79823804817
+79823805594
+79823806240
+79823806825
+79823808121
+79823808437
+79823808601
+79823808776
+79823809177
+79823804315
+79823804817
+79823805594
+79823806240
+79823806825
+79823808121
+79823808437
+79823808601
+79823808776
+79823809177
+79123607928
+79123608188
+79123608506
+79123608640
+79123608738
+79123608839
+79123608840
+79123608904
+79123608962
+79123609976
+79195001770
+79195003018
+79195003363
+79195004582
+79195004814
+79195007331
+79195008205
+79195008564
+79195009581
+79195009927
+79823804315
+79823804817
+79823805594
+79823806240
+79823806825
+79823808121
+79823808437
+79823808601
+79823808776
+79823809177
+79127302092
+79127302671
+79127302818
+79127304107
+79127304599
+79127306696
+79127307057
+79127307514
+79127307867
+79127308946
+79195109025
+79195112861
+79195114216
+79195114484
+79195114497
+79195114632
+79195116037
+79195116123
+79195116496
+79195116918
+79127302092
+79127302671
+79127302818
+79127304107
+79127304599
+79127306696
+79127307057
+79127307514
+79127307867
+79127308946
+79828102296
+79828102931
+79828102937
+79828103160
+79828104453
+79828104999
+79828105304
+79828105352
+79828105389
+79828105444
+79823804315
+79823804817
+79823805594
+79823806240
+79823806825
+79823808121
+79823808437
+79823808601
+79823808776
+79823809177
+79123607928
+79123608188
+79123608506
+79123608640
+79123608738
+79123608839
+79123608840
+79123608904
+79123608962
+79123609976
+79128208678
+79128210739
+79128212085
+79128213113
+79128213156
+79128213264
+79128213286
+79128213485
+79128213521
+79128213598
+79123703020
+79123703518
+79123704218
+79123706174
+79123706265
+79123706499
+79123708058
+79123708410
+79123711959
+79123712860
+79195201767
+79195201937
+79195204214
+79195204476
+79195205942
+79195206124
+79195206589
+79195207225
+79195207576
+79195207657
+79828102296
+79828102931
+79828102937
+79828103160
+79828104453
+79828104999
+79828105304
+79828105352
+79828105389
+79828105444
+79823901313
+79823901515
+79823901717
+79823901719
+79823901902
+79823902243
+79823902256
+79823903156
+79823903660
+79823905731
+79195001770
+79195003018
+79195003363
+79195004582
+79195004814
+79195007331
+79195008205
+79195008564
+79195009581
+79195009927
+79195001770
+79195003018
+79195003363
+79195004582
+79195004814
+79195007331
+79195008205
+79195008564
+79195009581
+79195009927
+79128208678
+79128210739
+79128212085
+79128213113
+79128213156
+79128213264
+79128213286
+79128213485
+79128213521
+79128213598
+79828102296
+79828102931
+79828102937
+79828103160
+79828104453
+79828104999
+79828105304
+79828105352
+79828105389
+79828105444
+79123329768
+79123329778
+79123329780
+79123329781
+79123329790
+79123329793
+79123329796
+79123329798
+79123329807
+79123329810
+79195109025
+79195112861
+79195114216
+79195114484
+79195114497
+79195114632
+79195116037
+79195116123
+79195116496
+79195116918
+79828102296
+79828102931
+79828102937
+79828103160
+79828104453
+79828104999
+79828105304
+79828105352
+79828105389
+79828105444
+79127210858
+79127214278
+79127214351
+79127214607
+79127214668
+79127214838
+79127215121
+79127215150
+79127215377
+79127215896
+79195001770
+79195003018
+79195003363
+79195004582
+79195004814
+79195007331
+79195008205
+79195008564
+79195009581
+79195009927
+79823901313
+79823901515
+79823901717
+79823901719
+79823901902
+79823902243
+79823902256
+79823903156
+79823903660
+79823905731
+79823901313
+79823901515
+79823901717
+79823901719
+79823901902
+79823902243
+79823902256
+79823903156
+79823903660
+79823905731
+79128208678
+79128210739
+79128212085
+79128213113
+79128213156
+79128213264
+79128213286
+79128213485
+79128213521
+79128213598
+79127102469
+79127103216
+79127103248
+79127103548
+79127104211
+79127104358
+79127104445
+79127104922
+79127104937
+79127105118
+79123703020
+79123703518
+79123704218
+79123706174
+79123706265
+79123706499
+79123708058
+79123708410
+79123711959
+79123712860
+79123329768
+79123329778
+79123329780
+79123329781
+79123329790
+79123329793
+79123329796
+79123329798
+79123329807
+79123329810
+79127003367
+79127003628
+79127010936
+79127012491
+79127012714
+79127013203
+79127013216
+79127013245
+79127013389
+79127013417
+79127003367
+79127003628
+79127010936
+79127012491
+79127012714
+79127013203
+79127013216
+79127013245
+79127013389
+79127013417
+79127302092
+79127302671
+79127302818
+79127304107
+79127304599
+79127306696
+79127307057
+79127307514
+79127307867
+79127308946
+79128208678
+79128210739
+79128212085
+79128213113
+79128213156
+79128213264
+79128213286
+79128213485
+79128213521
+79128213598
+79127003367
+79127003628
+79127010936
+79127012491
+79127012714
+79127013203
+79127013216
+79127013245
+79127013389
+79127013417
+79123329768
+79123329778
+79123329780
+79123329781
+79123329790
+79123329793
+79123329796
+79123329798
+79123329807
+79123329810
+79195109025
+79195112861
+79195114216
+79195114484
+79195114497
+79195114632
+79195116037
+79195116123
+79195116496
+79195116918
+79823901313
+79823901515
+79823901717
+79823901719
+79823901902
+79823902243
+79823902256
+79823903156
+79823903660
+79823905731
+79127003367
+79127003628
+79127010936
+79127012491
+79127012714
+79127013203
+79127013216
+79127013245
+79127013389
+79127013417
+79828102296
+79828102931
+79828102937
+79828103160
+79828104453
+79828104999
+79828105304
+79828105352
+79828105389
+79828105444
+79123703020
+79123703518
+79123704218
+79123706174
+79123706265
+79123706499
+79123708058
+79123708410
+79123711959
+79123712860
+79127102469
+79127103216
+79127103248
+79127103548
+79127104211
+79127104358
+79127104445
+79127104922
+79127104937
+79127105118
+79123607928
+79123608188
+79123608506
+79123608640
+79123608738
+79123608839
+79123608840
+79123608904
+79123608962
+79123609976
+79127210858
+79127214278
+79127214351
+79127214607
+79127214668
+79127214838
+79127215121
+79127215150
+79127215377
+79127215896
+79127102469
+79127103216
+79127103248
+79127103548
+79127104211
+79127104358
+79127104445
+79127104922
+79127104937
+79127105118
+79195109025
+79195112861
+79195114216
+79195114484
+79195114497
+79195114632
+79195116037
+79195116123
+79195116496
+79195116918
+79828102296
+79828102931
+79828102937
+79828103160
+79828104453
+79828104999
+79828105304
+79828105352
+79828105389
+79828105444
+79127003367
+79127003628
+79127010936
+79127012491
+79127012714
+79127013203
+79127013216
+79127013245
+79127013389
+79127013417
+79123329768
+79123329778
+79123329780
+79123329781
+79123329790
+79123329793
+79123329796
+79123329798
+79123329807
+79123329810
+79127003367
+79127003628
+79127010936
+79127012491
+79127012714
+79127013203
+79127013216
+79127013245
+79127013389
+79127013417
+79828102296
+79828102931
+79828102937
+79828103160
+79828104453
+79828104999
+79828105304
+79828105352
+79828105389
+79828105444
+79123703020
+79123703518
+79123704218
+79123706174
+79123706265
+79123706499
+79123708058
+79123708410
+79123711959
+79123712860
+79123607928
+79123608188
+79123608506
+79123608640
+79123608738
+79123608839
+79123608840
+79123608904
+79123608962
+79123609976
+79195109025
+79195112861
+79195114216
+79195114484
+79195114497
+79195114632
+79195116037
+79195116123
+79195116496
+79195116918
+79823804315
+79823804817
+79823805594
+79823806240
+79823806825
+79823808121
+79823808437
+79823808601
+79823808776
+79823809177
+79123703020
+79123703518
+79123704218
+79123706174
+79123706265
+79123706499
+79123708058
+79123708410
+79123711959
+79123712860
+79127003367
+79127003628
+79127010936
+79127012491
+79127012714
+79127013203
+79127013216
+79127013245
+79127013389
+79127013417
+79127003367
+79127003628
+79127010936
+79127012491
+79127012714
+79127013203
+79127013216
+79127013245
+79127013389
+79127013417
+79195109025
+79195112861
+79195114216
+79195114484
+79195114497
+79195114632
+79195116037
+79195116123
+79195116496
+79195116918
+79127302092
+79127302671
+79127302818
+79127304107
+79127304599
+79127306696
+79127307057
+79127307514
+79127307867
+79127308946
+79195109025
+79195112861
+79195114216
+79195114484
+79195114497
+79195114632
+79195116037
+79195116123
+79195116496
+79195116918
+79127302092
+79127302671
+79127302818
+79127304107
+79127304599
+79127306696
+79127307057
+79127307514
+79127307867
+79127308946
+79828102296
+79828102931
+79828102937
+79828103160
+79828104453
+79828104999
+79828105304
+79828105352
+79828105389
+79828105444
+79195109025
+79195112861
+79195114216
+79195114484
+79195114497
+79195114632
+79195116037
+79195116123
+79195116496
+79195116918
+79195201767
+79195201937
+79195204214
+79195204476
+79195205942
+79195206124
+79195206589
+79195207225
+79195207576
+79195207657
+79127210858
+79127214278
+79127214351
+79127214607
+79127214668
+79127214838
+79127215121
+79127215150
+79127215377
+79127215896
+79127003367
+79127003628
+79127010936
+79127012491
+79127012714
+79127013203
+79127013216
+79127013245
+79127013389
+79127013417
+79828102296
+79828102931
+79828102937
+79828103160
+79828104453
+79828104999
+79828105304
+79828105352
+79828105389
+79828105444
+79123329768
+79123329778
+79123329780
+79123329781
+79123329790
+79123329793
+79123329796
+79123329798
+79123329807
+79123329810
+79127302092
+79127302671
+79127302818
+79127304107
+79127304599
+79127306696
+79127307057
+79127307514
+79127307867
+79127308946
+79823901313
+79823901515
+79823901717
+79823901719
+79823901902
+79823902243
+79823902256
+79823903156
+79823903660
+79823905731
+79123703020
+79123703518
+79123704218
+79123706174
+79123706265
+79123706499
+79123708058
+79123708410
+79123711959
+79123712860
+79823901313
+79823901515
+79823901717
+79823901719
+79823901902
+79823902243
+79823902256
+79823903156
+79823903660
+79823905731
+79123703020
+79123703518
+79123704218
+79123706174
+79123706265
+79123706499
+79123708058
+79123708410
+79123711959
+79123712860
+79828102296
+79828102931
+79828102937
+79828103160
+79828104453
+79828104999
+79828105304
+79828105352
+79828105389
+79828105444
+79823804315
+79823804817
+79823805594
+79823806240
+79823806825
+79823808121
+79823808437
+79823808601
+79823808776
+79823809177
+79195109025
+79195112861
+79195114216
+79195114484
+79195114497
+79195114632
+79195116037
+79195116123
+79195116496
+79195116918
+79127003367
+79127003628
+79127010936
+79127012491
+79127012714
+79127013203
+79127013216
+79127013245
+79127013389
+79127013417
+79195201767
+79195201937
+79195204214
+79195204476
+79195205942
+79195206124
+79195206589
+79195207225
+79195207576
+79195207657
+79127003367
+79127003628
+79127010936
+79127012491
+79127012714
+79127013203
+79127013216
+79127013245
+79127013389
+79127013417
+79828102296
+79828102931
+79828102937
+79828103160
+79828104453
+79828104999
+79828105304
+79828105352
+79828105389
+79828105444
+79195201767
+79195201937
+79195204214
+79195204476
+79195205942
+79195206124
+79195206589
+79195207225
+79195207576
+79195207657
+79195001770
+79195003018
+79195003363
+79195004582
+79195004814
+79195007331
+79195008205
+79195008564
+79195009581
+79195009927
+79128208678
+79128210739
+79128212085
+79128213113
+79128213156
+79128213264
+79128213286
+79128213485
+79128213521
+79128213598
+79195201767
+79195201937
+79195204214
+79195204476
+79195205942
+79195206124
+79195206589
+79195207225
+79195207576
+79195207657
+79123703020
+79123703518
+79123704218
+79123706174
+79123706265
+79123706499
+79123708058
+79123708410
+79123711959
+79123712860
+79127302092
+79127302671
+79127302818
+79127304107
+79127304599
+79127306696
+79127307057
+79127307514
+79127307867
+79127308946
+79828102296
+79828102931
+79828102937
+79828103160
+79828104453
+79828104999
+79828105304
+79828105352
+79828105389
+79828105444
+79195201767
+79195201937
+79195204214
+79195204476
+79195205942
+79195206124
+79195206589
+79195207225
+79195207576
+79195207657
+79127003367
+79127003628
+79127010936
+79127012491
+79127012714
+79127013203
+79127013216
+79127013245
+79127013389
+79127013417
+79123329768
+79123329778
+79123329780
+79123329781
+79123329790
+79123329793
+79123329796
+79123329798
+79123329807
+79123329810
+79195109025
+79195112861
+79195114216
+79195114484
+79195114497
+79195114632
+79195116037
+79195116123
+79195116496
+79195116918
+79127210858
+79127214278
+79127214351
+79127214607
+79127214668
+79127214838
+79127215121
+79127215150
+79127215377
+79127215896
+79127302092
+79127302671
+79127302818
+79127304107
+79127304599
+79127306696
+79127307057
+79127307514
+79127307867
+79127308946
+79823901313
+79823901515
+79823901717
+79823901719
+79823901902
+79823902243
+79823902256
+79823903156
+79823903660
+79823905731
+79823804315
+79823804817
+79823805594
+79823806240
+79823806825
+79823808121
+79823808437
+79823808601
+79823808776
+79823809177
+79823901313
+79823901515
+79823901717
+79823901719
+79823901902
+79823902243
+79823902256
+79823903156
+79823903660
+79823905731
+79128208678
+79128210739
+79128212085
+79128213113
+79128213156
+79128213264
+79128213286
+79128213485
+79128213521
+79128213598
+79123703020
+79123703518
+79123704218
+79123706174
+79123706265
+79123706499
+79123708058
+79123708410
+79123711959
+79123712860
+79195201767
+79195201937
+79195204214
+79195204476
+79195205942
+79195206124
+79195206589
+79195207225
+79195207576
+79195207657
+79127102469
+79127103216
+79127103248
+79127103548
+79127104211
+79127104358
+79127104445
+79127104922
+79127104937
+79127105118
+79127102469
+79127103216
+79127103248
+79127103548
+79127104211
+79127104358
+79127104445
+79127104922
+79127104937
+79127105118
+79195201767
+79195201937
+79195204214
+79195204476
+79195205942
+79195206124
+79195206589
+79195207225
+79195207576
+79195207657
+79127003367
+79127003628
+79127010936
+79127012491
+79127012714
+79127013203
+79127013216
+79127013245
+79127013389
+79127013417
+79823901313
+79823901515
+79823901717
+79823901719
+79823901902
+79823902243
+79823902256
+79823903156
+79823903660
+79823905731
+79127003367
+79127003628
+79127010936
+79127012491
+79127012714
+79127013203
+79127013216
+79127013245
+79127013389
+79127013417
+79127210858
+79127214278
+79127214351
+79127214607
+79127214668
+79127214838
+79127215121
+79127215150
+79127215377
+79127215896
+79128208678
+79128210739
+79128212085
+79128213113
+79128213156
+79128213264
+79128213286
+79128213485
+79128213521
+79128213598
+79823804315
+79823804817
+79823805594
+79823806240
+79823806825
+79823808121
+79823808437
+79823808601
+79823808776
+79823809177
+79123607928
+79123608188
+79123608506
+79123608640
+79123608738
+79123608839
+79123608840
+79123608904
+79123608962
+79123609976
+79127003367
+79127003628
+79127010936
+79127012491
+79127012714
+79127013203
+79127013216
+79127013245
+79127013389
+79127013417
+79123703020
+79123703518
+79123704218
+79123706174
+79123706265
+79123706499
+79123708058
+79123708410
+79123711959
+79123712860
+79127003367
+79127003628
+79127010936
+79127012491
+79127012714
+79127013203
+79127013216
+79127013245
+79127013389
+79127013417
+79195201767
+79195201937
+79195204214
+79195204476
+79195205942
+79195206124
+79195206589
+79195207225
+79195207576
+79195207657
+79123607928
+79123608188
+79123608506
+79123608640
+79123608738
+79123608839
+79123608840
+79123608904
+79123608962
+79123609976
+79195201767
+79195201937
+79195204214
+79195204476
+79195205942
+79195206124
+79195206589
+79195207225
+79195207576
+79195207657
+79828102296
+79828102931
+79828102937
+79828103160
+79828104453
+79828104999
+79828105304
+79828105352
+79828105389
+79828105444
+79823804315
+79823804817
+79823805594
+79823806240
+79823806825
+79823808121
+79823808437
+79823808601
+79823808776
+79823809177
+79123607928
+79123608188
+79123608506
+79123608640
+79123608738
+79123608839
+79123608840
+79123608904
+79123608962
+79123609976
+79195001770
+79195003018
+79195003363
+79195004582
+79195004814
+79195007331
+79195008205
+79195008564
+79195009581
+79195009927
+79127210858
+79127214278
+79127214351
+79127214607
+79127214668
+79127214838
+79127215121
+79127215150
+79127215377
+79127215896
+79123703020
+79123703518
+79123704218
+79123706174
+79123706265
+79123706499
+79123708058
+79123708410
+79123711959
+79123712860
+79123607928
+79123608188
+79123608506
+79123608640
+79123608738
+79123608839
+79123608840
+79123608904
+79123608962
+79123609976
+79823901313
+79823901515
+79823901717
+79823901719
+79823901902
+79823902243
+79823902256
+79823903156
+79823903660
+79823905731
+79195109025
+79195112861
+79195114216
+79195114484
+79195114497
+79195114632
+79195116037
+79195116123
+79195116496
+79195116918
+79123329768
+79123329778
+79123329780
+79123329781
+79123329790
+79123329793
+79123329796
+79123329798
+79123329807
+79123329810
+79823804315
+79823804817
+79823805594
+79823806240
+79823806825
+79823808121
+79823808437
+79823808601
+79823808776
+79823809177
+79127102469
+79127103216
+79127103248
+79127103548
+79127104211
+79127104358
+79127104445
+79127104922
+79127104937
+79127105118
+79127302092
+79127302671
+79127302818
+79127304107
+79127304599
+79127306696
+79127307057
+79127307514
+79127307867
+79127308946
+79195201767
+79195201937
+79195204214
+79195204476
+79195205942
+79195206124
+79195206589
+79195207225
+79195207576
+79195207657
+79127210858
+79127214278
+79127214351
+79127214607
+79127214668
+79127214838
+79127215121
+79127215150
+79127215377
+79127215896
+79123329768
+79123329778
+79123329780
+79123329781
+79123329790
+79123329793
+79123329796
+79123329798
+79123329807
+79123329810
+79123607928
+79123608188
+79123608506
+79123608640
+79123608738
+79123608839
+79123608840
+79123608904
+79123608962
+79123609976
+79127102469
+79127103216
+79127103248
+79127103548
+79127104211
+79127104358
+79127104445
+79127104922
+79127104937
+79127105118
+79123329768
+79123329778
+79123329780
+79123329781
+79123329790
+79123329793
+79123329796
+79123329798
+79123329807
+79123329810
+79823804315
+79823804817
+79823805594
+79823806240
+79823806825
+79823808121
+79823808437
+79823808601
+79823808776
+79823809177
+79128208678
+79128210739
+79128212085
+79128213113
+79128213156
+79128213264
+79128213286
+79128213485
+79128213521
+79128213598
+79127102469
+79127103216
+79127103248
+79127103548
+79127104211
+79127104358
+79127104445
+79127104922
+79127104937
+79127105118
+79123329768
+79123329778
+79123329780
+79123329781
+79123329790
+79123329793
+79123329796
+79123329798
+79123329807
+79123329810
+79127210858
+79127214278
+79127214351
+79127214607
+79127214668
+79127214838
+79127215121
+79127215150
+79127215377
+79127215896
+79123329768
+79123329778
+79123329780
+79123329781
+79123329790
+79123329793
+79123329796
+79123329798
+79123329807
+79123329810
+79123607928
+79123608188
+79123608506
+79123608640
+79123608738
+79123608839
+79123608840
+79123608904
+79123608962
+79123609976
+79127210858
+79127214278
+79127214351
+79127214607
+79127214668
+79127214838
+79127215121
+79127215150
+79127215377
+79127215896
+79828102296
+79828102931
+79828102937
+79828103160
+79828104453
+79828104999
+79828105304
+79828105352
+79828105389
+79828105444
+79823901313
+79823901515
+79823901717
+79823901719
+79823901902
+79823902243
+79823902256
+79823903156
+79823903660
+79823905731
+79127102469
+79127103216
+79127103248
+79127103548
+79127104211
+79127104358
+79127104445
+79127104922
+79127104937
+79127105118
+79195109025
+79195112861
+79195114216
+79195114484
+79195114497
+79195114632
+79195116037
+79195116123
+79195116496
+79195116918
+79127210858
+79127214278
+79127214351
+79127214607
+79127214668
+79127214838
+79127215121
+79127215150
+79127215377
+79127215896
+79127302092
+79127302671
+79127302818
+79127304107
+79127304599
+79127306696
+79127307057
+79127307514
+79127307867
+79127308946
+79823901313
+79823901515
+79823901717
+79823901719
+79823901902
+79823902243
+79823902256
+79823903156
+79823903660
+79823905731
+79195201767
+79195201937
+79195204214
+79195204476
+79195205942
+79195206124
+79195206589
+79195207225
+79195207576
+79195207657
+79195109025
+79195112861
+79195114216
+79195114484
+79195114497
+79195114632
+79195116037
+79195116123
+79195116496
+79195116918
+79123329768
+79123329778
+79123329780
+79123329781
+79123329790
+79123329793
+79123329796
+79123329798
+79123329807
+79123329810
+79127003367
+79127003628
+79127010936
+79127012491
+79127012714
+79127013203
+79127013216
+79127013245
+79127013389
+79127013417
+79123607928
+79123608188
+79123608506
+79123608640
+79123608738
+79123608839
+79123608840
+79123608904
+79123608962
+79123609976
+79127210858
+79127214278
+79127214351
+79127214607
+79127214668
+79127214838
+79127215121
+79127215150
+79127215377
+79127215896
+79127210858
+79127214278
+79127214351
+79127214607
+79127214668
+79127214838
+79127215121
+79127215150
+79127215377
+79127215896
+79127210858
+79127214278
+79127214351
+79127214607
+79127214668
+79127214838
+79127215121
+79127215150
+79127215377
+79127215896
+79195201767
+79195201937
+79195204214
+79195204476
+79195205942
+79195206124
+79195206589
+79195207225
+79195207576
+79195207657
+79195201767
+79195201937
+79195204214
+79195204476
+79195205942
+79195206124
+79195206589
+79195207225
+79195207576
+79195207657
+79123607928
+79123608188
+79123608506
+79123608640
+79123608738
+79123608839
+79123608840
+79123608904
+79123608962
+79123609976
+79195001770
+79195003018
+79195003363
+79195004582
+79195004814
+79195007331
+79195008205
+79195008564
+79195009581
+79195009927
+79123703020
+79123703518
+79123704218
+79123706174
+79123706265
+79123706499
+79123708058
+79123708410
+79123711959
+79123712860
+79123607928
+79123608188
+79123608506
+79123608640
+79123608738
+79123608839
+79123608840
+79123608904
+79123608962
+79123609976
+79128208678
+79128210739
+79128212085
+79128213113
+79128213156
+79128213264
+79128213286
+79128213485
+79128213521
+79128213598
+79128208678
+79128210739
+79128212085
+79128213113
+79128213156
+79128213264
+79128213286
+79128213485
+79128213521
+79128213598
+79123703020
+79123703518
+79123704218
+79123706174
+79123706265
+79123706499
+79123708058
+79123708410
+79123711959
+79123712860
+79128208678
+79128210739
+79128212085
+79128213113
+79128213156
+79128213264
+79128213286
+79128213485
+79128213521
+79128213598
+79123703020
+79123703518
+79123704218
+79123706174
+79123706265
+79123706499
+79123708058
+79123708410
+79123711959
+79123712860
+79127003367
+79127003628
+79127010936
+79127012491
+79127012714
+79127013203
+79127013216
+79127013245
+79127013389
+79127013417
+79123703020
+79123703518
+79123704218
+79123706174
+79123706265
+79123706499
+79123708058
+79123708410
+79123711959
+79123712860
+79823804315
+79823804817
+79823805594
+79823806240
+79823806825
+79823808121
+79823808437
+79823808601
+79823808776
+79823809177
+79195201767
+79195201937
+79195204214
+79195204476
+79195205942
+79195206124
+79195206589
+79195207225
+79195207576
+79195207657
+79823901313
+79823901515
+79823901717
+79823901719
+79823901902
+79823902243
+79823902256
+79823903156
+79823903660
+79823905731
+79127102469
+79127103216
+79127103248
+79127103548
+79127104211
+79127104358
+79127104445
+79127104922
+79127104937
+79127105118
+79123607928
+79123608188
+79123608506
+79123608640
+79123608738
+79123608839
+79123608840
+79123608904
+79123608962
+79123609976
+79195109025
+79195112861
+79195114216
+79195114484
+79195114497
+79195114632
+79195116037
+79195116123
+79195116496
+79195116918
+79123607928
+79123608188
+79123608506
+79123608640
+79123608738
+79123608839
+79123608840
+79123608904
+79123608962
+79123609976
+79195001770
+79195003018
+79195003363
+79195004582
+79195004814
+79195007331
+79195008205
+79195008564
+79195009581
+79195009927
+79195201767
+79195201937
+79195204214
+79195204476
+79195205942
+79195206124
+79195206589
+79195207225
+79195207576
+79195207657
+79195001770
+79195003018
+79195003363
+79195004582
+79195004814
+79195007331
+79195008205
+79195008564
+79195009581
+79195009927
+79195109025
+79195112861
+79195114216
+79195114484
+79195114497
+79195114632
+79195116037
+79195116123
+79195116496
+79195116918
+79123607928
+79123608188
+79123608506
+79123608640
+79123608738
+79123608839
+79123608840
+79123608904
+79123608962
+79123609976
+79127003367
+79127003628
+79127010936
+79127012491
+79127012714
+79127013203
+79127013216
+79127013245
+79127013389
+79127013417
+79123329768
+79123329778
+79123329780
+79123329781
+79123329790
+79123329793
+79123329796
+79123329798
+79123329807
+79123329810
+79823804315
+79823804817
+79823805594
+79823806240
+79823806825
+79823808121
+79823808437
+79823808601
+79823808776
+79823809177
+79123607928
+79123608188
+79123608506
+79123608640
+79123608738
+79123608839
+79123608840
+79123608904
+79123608962
+79123609976
+79123329768
+79123329778
+79123329780
+79123329781
+79123329790
+79123329793
+79123329796
+79123329798
+79123329807
+79123329810
+79123703020
+79123703518
+79123704218
+79123706174
+79123706265
+79123706499
+79123708058
+79123708410
+79123711959
+79123712860
+79823901313
+79823901515
+79823901717
+79823901719
+79823901902
+79823902243
+79823902256
+79823903156
+79823903660
+79823905731
