+79121511648
+79121512166
+79121512721
+79121512781
+79121512844
+79121513041
+79121513856
+79121514201
+79121514375
+79121514588
+79121403260
+79121403268
+79121403317
+79121404531
+79121404841
+79121404868
+79121404885
+79121405033
+79121405066
+79121405213
+79129601437
+79129602046
+79129606725
+79129607099
+79129607309
+79129607357
+79129607451
+79129607478
+79129607695
+79129607998
+79121914202
+79121914822
+79121914835
+79121914841
+79121914846
+79121914851
+79121914856
+79121914864
+79121914867
+79121914872
+79121610582
+79121610741
+79121610829
+79121610876
+79121610996
+79121611137
+79121611143
+79121611149
+79121611152
+79121611153
+79121610582
+79121610741
+79121610829
+79121610876
+79121610996
+79121611137
+79121611143
+79121611149
+79121611152
+79121611153
+79121403260
+79121403268
+79121403317
+79121404531
+79121404841
+79121404868
+79121404885
+79121405033
+79121405066
+79121405213
+79121403260
+79121403268
+79121403317
+79121404531
+79121404841
+79121404868
+79121404885
+79121405033
+79121405066
+79121405213
+79121610582
+79121610741
+79121610829
+79121610876
+79121610996
+79121611137
+79121611143
+79121611149
+79121611152
+79121611153
+79121810447
+79121811196
+79121811197
+79121811242
+79121811250
+79121811293
+79121811319
+79121811341
+79121811349
+79121811355
+79121810447
+79121811196
+79121811197
+79121811242
+79121811250
+79121811293
+79121811319
+79121811341
+79121811349
+79121811355
+79128600411
+79128600412
+79128600415
+79128601550
+79128601678
+79128601760
+79128601944
+79128602734
+79128602745
+79128602746
+79121610582
+79121610741
+79121610829
+79121610876
+79121610996
+79121611137
+79121611143
+79121611149
+79121611152
+79121611153
+79121810447
+79121811196
+79121811197
+79121811242
+79121811250
+79121811293
+79121811319
+79121811341
+79121811349
+79121811355
+79121610582
+79121610741
+79121610829
+79121610876
+79121610996
+79121611137
+79121611143
+79121611149
+79121611152
+79121611153
+79121810447
+79121811196
+79121811197
+79121811242
+79121811250
+79121811293
+79121811319
+79121811341
+79121811349
+79121811355
+79121914202
+79121914822
+79121914835
+79121914841
+79121914846
+79121914851
+79121914856
+79121914864
+79121914867
+79121914872
+79121403260
+79121403268
+79121403317
+79121404531
+79121404841
+79121404868
+79121404885
+79121405033
+79121405066
+79121405213
+79121914202
+79121914822
+79121914835
+79121914841
+79121914846
+79121914851
+79121914856
+79121914864
+79121914867
+79121914872
+79125607091
+79125607135
+79125607149
+79125607184
+79125607217
+79125607237
+79125607239
+79125607240
+79125607262
+79125607265
+79121810447
+79121811196
+79121811197
+79121811242
+79121811250
+79121811293
+79121811319
+79121811341
+79121811349
+79121811355
+79121403260
+79121403268
+79121403317
+79121404531
+79121404841
+79121404868
+79121404885
+79121405033
+79121405066
+79121405213
+79129601437
+79129602046
+79129606725
+79129607099
+79129607309
+79129607357
+79129607451
+79129607478
+79129607695
+79129607998
+79121511648
+79121512166
+79121512721
+79121512781
+79121512844
+79121513041
+79121513856
+79121514201
+79121514375
+79121514588
+79121403260
+79121403268
+79121403317
+79121404531
+79121404841
+79121404868
+79121404885
+79121405033
+79121405066
+79121405213
+79128600411
+79128600412
+79128600415
+79128601550
+79128601678
+79128601760
+79128601944
+79128602734
+79128602745
+79128602746
+79125607091
+79125607135
+79125607149
+79125607184
+79125607217
+79125607237
+79125607239
+79125607240
+79125607262
+79125607265
+79121610582
+79121610741
+79121610829
+79121610876
+79121610996
+79121611137
+79121611143
+79121611149
+79121611152
+79121611153
+79128600411
+79128600412
+79128600415
+79128601550
+79128601678
+79128601760
+79128601944
+79128602734
+79128602745
+79128602746
+79121511648
+79121512166
+79121512721
+79121512781
+79121512844
+79121513041
+79121513856
+79121514201
+79121514375
+79121514588
+79121914202
+79121914822
+79121914835
+79121914841
+79121914846
+79121914851
+79121914856
+79121914864
+79121914867
+79121914872
+79121511648
+79121512166
+79121512721
+79121512781
+79121512844
+79121513041
+79121513856
+79121514201
+79121514375
+79121514588
+79121810447
+79121811196
+79121811197
+79121811242
+79121811250
+79121811293
+79121811319
+79121811341
+79121811349
+79121811355
+79121403260
+79121403268
+79121403317
+79121404531
+79121404841
+79121404868
+79121404885
+79121405033
+79121405066
+79121405213
+79121403260
+79121403268
+79121403317
+79121404531
+79121404841
+79121404868
+79121404885
+79121405033
+79121405066
+79121405213
+79129601437
+79129602046
+79129606725
+79129607099
+79129607309
+79129607357
+79129607451
+79129607478
+79129607695
+79129607998
+79121403260
+79121403268
+79121403317
+79121404531
+79121404841
+79121404868
+79121404885
+79121405033
+79121405066
+79121405213
+79121810447
+79121811196
+79121811197
+79121811242
+79121811250
+79121811293
+79121811319
+79121811341
+79121811349
+79121811355
+79121810447
+79121811196
+79121811197
+79121811242
+79121811250
+79121811293
+79121811319
+79121811341
+79121811349
+79121811355
+79121914202
+79121914822
+79121914835
+79121914841
+79121914846
+79121914851
+79121914856
+79121914864
+79121914867
+79121914872
+79121810447
+79121811196
+79121811197
+79121811242
+79121811250
+79121811293
+79121811319
+79121811341
+79121811349
+79121811355
+79121810447
+79121811196
+79121811197
+79121811242
+79121811250
+79121811293
+79121811319
+79121811341
+79121811349
+79121811355
+79128600411
+79128600412
+79128600415
+79128601550
+79128601678
+79128601760
+79128601944
+79128602734
+79128602745
+79128602746
+79121810447
+79121811196
+79121811197
+79121811242
+79121811250
+79121811293
+79121811319
+79121811341
+79121811349
+79121811355
+79125607091
+79125607135
+79125607149
+79125607184
+79125607217
+79125607237
+79125607239
+79125607240
+79125607262
+79125607265
+79125607091
+79125607135
+79125607149
+79125607184
+79125607217
+79125607237
+79125607239
+79125607240
+79125607262
+79125607265
+79121811196
+79121811197
+79121811242
+79121811250
+79121811293
+79121811319
+79121811341
+79121811349
+79121811355
+79121811361
+79129601437
+79129602046
+79129606725
+79129607099
+79129607309
+79129607357
+79129607451
+79129607478
+79129607695
+79129607998
+79121511648
+79121512166
+79121512721
+79121512781
+79121512844
+79121513041
+79121513856
+79121514201
+79121514375
+79121514588
+79121511648
+79121512166
+79121512721
+79121512781
+79121512844
+79121513041
+79121513856
+79121514201
+79121514375
+79121514588
+79121914202
+79121914822
+79121914835
+79121914841
+79121914846
+79121914851
+79121914856
+79121914864
+79121914867
+79121914872
+79128600411
+79128600412
+79128600415
+79128601550
+79128601678
+79128601760
+79128601944
+79128602734
+79128602745
+79128602746
+79121511648
+79121512166
+79121512721
+79121512781
+79121512844
+79121513041
+79121513856
+79121514201
+79121514375
+79121514588
+79121511648
+79121512166
+79121512721
+79121512781
+79121512844
+79121513041
+79121513856
+79121514201
+79121514375
+79121514588
+79121610582
+79121610741
+79121610829
+79121610876
+79121610996
+79121611137
+79121611143
+79121611149
+79121611152
+79121611153
+79121811196
+79121811197
+79121811242
+79121811250
+79121811293
+79121811319
+79121811341
+79121811349
+79121811355
+79121811361
+79121914202
+79121914822
+79121914835
+79121914841
+79121914846
+79121914851
+79121914856
+79121914864
+79121914867
+79121914872
+79121403260
+79121403268
+79121403317
+79121404531
+79121404841
+79121404868
+79121404885
+79121405033
+79121405066
+79121405213
+79125607091
+79125607135
+79125607149
+79125607184
+79125607217
+79125607237
+79125607239
+79125607240
+79125607262
+79125607265
+79125607091
+79125607135
+79125607149
+79125607184
+79125607217
+79125607237
+79125607239
+79125607240
+79125607262
+79125607265
+79121610582
+79121610741
+79121610829
+79121610876
+79121610996
+79121611137
+79121611143
+79121611149
+79121611152
+79121611153
+79121403260
+79121403268
+79121403317
+79121404531
+79121404841
+79121404868
+79121404885
+79121405033
+79121405066
+79121405213
+79125607091
+79125607135
+79125607149
+79125607184
+79125607217
+79125607237
+79125607239
+79125607240
+79125607262
+79125607265
+79121403260
+79121403268
+79121403317
+79121404531
+79121404841
+79121404868
+79121404885
+79121405033
+79121405066
+79121405213
+79128600411
+79128600412
+79128600415
+79128601550
+79128601678
+79128601760
+79128601944
+79128602734
+79128602745
+79128602746
+79121811196
+79121811197
+79121811242
+79121811250
+79121811293
+79121811319
+79121811341
+79121811349
+79121811355
+79121811361
+79121610582
+79121610741
+79121610829
+79121610876
+79121610996
+79121611137
+79121611143
+79121611149
+79121611152
+79121611153
+79121403260
+79121403268
+79121403317
+79121404531
+79121404841
+79121404868
+79121404885
+79121405033
+79121405066
+79121405213
+79121403260
+79121403268
+79121403317
+79121404531
+79121404841
+79121404868
+79121404885
+79121405033
+79121405066
+79121405213
+79125607091
+79125607135
+79125607149
+79125607184
+79125607217
+79125607237
+79125607239
+79125607240
+79125607262
+79125607265
+79128600411
+79128600412
+79128600415
+79128601550
+79128601678
+79128601760
+79128601944
+79128602734
+79128602745
+79128602746
+79129601437
+79129602046
+79129606725
+79129607099
+79129607309
+79129607357
+79129607451
+79129607478
+79129607695
+79129607998
+79129601437
+79129602046
+79129606725
+79129607099
+79129607309
+79129607357
+79129607451
+79129607478
+79129607695
+79129607998
+79121610582
+79121610741
+79121610829
+79121610876
+79121610996
+79121611137
+79121611143
+79121611149
+79121611152
+79121611153
+79121403260
+79121403268
+79121403317
+79121404531
+79121404841
+79121404868
+79121404885
+79121405033
+79121405066
+79121405213
+79121610582
+79121610741
+79121610829
+79121610876
+79121610996
+79121611137
+79121611143
+79121611149
+79121611152
+79121611153
+79121610582
+79121610741
+79121610829
+79121610876
+79121610996
+79121611137
+79121611143
+79121611149
+79121611152
+79121611153
+79128600411
+79128600412
+79128600415
+79128601550
+79128601678
+79128601760
+79128601944
+79128602734
+79128602745
+79128602746
+79125607091
+79125607135
+79125607149
+79125607184
+79125607217
+79125607237
+79125607239
+79125607240
+79125607262
+79125607265
+79121811196
+79121811197
+79121811242
+79121811250
+79121811293
+79121811319
+79121811341
+79121811349
+79121811355
+79121811361
+79121811196
+79121811197
+79121811242
+79121811250
+79121811293
+79121811319
+79121811341
+79121811349
+79121811355
+79121811361
+79121811196
+79121811197
+79121811242
+79121811250
+79121811293
+79121811319
+79121811341
+79121811349
+79121811355
+79121811361
+79125607091
+79125607135
+79125607149
+79125607184
+79125607217
+79125607237
+79125607239
+79125607240
+79125607262
+79125607265
+79125607091
+79125607135
+79125607149
+79125607184
+79125607217
+79125607237
+79125607239
+79125607240
+79125607262
+79125607265
+79121511648
+79121512166
+79121512721
+79121512781
+79121512844
+79121513041
+79121513856
+79121514201
+79121514375
+79121514588
+79121610582
+79121610741
+79121610829
+79121610876
+79121610996
+79121611137
+79121611143
+79121611149
+79121611152
+79121611153
+79121610582
+79121610741
+79121610829
+79121610876
+79121610996
+79121611137
+79121611143
+79121611149
+79121611152
+79121611153
+79121914202
+79121914822
+79121914835
+79121914841
+79121914846
+79121914851
+79121914856
+79121914864
+79121914867
+79121914872
+79121811196
+79121811197
+79121811242
+79121811250
+79121811293
+79121811319
+79121811341
+79121811349
+79121811355
+79121811361
+79129601437
+79129602046
+79129606725
+79129607099
+79129607309
+79129607357
+79129607451
+79129607478
+79129607695
+79129607998
+79121511648
+79121512166
+79121512721
+79121512781
+79121512844
+79121513041
+79121513856
+79121514201
+79121514375
+79121514588
+79121610582
+79121610741
+79121610829
+79121610876
+79121610996
+79121611137
+79121611143
+79121611149
+79121611152
+79121611153
+79121511648
+79121512166
+79121512721
+79121512781
+79121512844
+79121513041
+79121513856
+79121514201
+79121514375
+79121514588
+79121610582
+79121610741
+79121610829
+79121610876
+79121610996
+79121611137
+79121611143
+79121611149
+79121611152
+79121611153
+79125607091
+79125607135
+79125607149
+79125607184
+79125607217
+79125607237
+79125607239
+79125607240
+79125607262
+79125607265
+79129601437
+79129602046
+79129606725
+79129607099
+79129607309
+79129607357
+79129607451
+79129607478
+79129607695
+79129607998
+79121914202
+79121914822
+79121914835
+79121914841
+79121914846
+79121914851
+79121914856
+79121914864
+79121914867
+79121914872
+79121403260
+79121403268
+79121403317
+79121404531
+79121404841
+79121404868
+79121404885
+79121405033
+79121405066
+79121405213
+79121811196
+79121811197
+79121811242
+79121811250
+79121811293
+79121811319
+79121811341
+79121811349
+79121811355
+79121811361
+79125607091
+79125607135
+79125607149
+79125607184
+79125607217
+79125607237
+79125607239
+79125607240
+79125607262
+79125607265
+79129601437
+79129602046
+79129606725
+79129607099
+79129607309
+79129607357
+79129607451
+79129607478
+79129607695
+79129607998
+79121610582
+79121610741
+79121610829
+79121610876
+79121610996
+79121611137
+79121611143
+79121611149
+79121611152
+79121611153
+79129601437
+79129602046
+79129606725
+79129607099
+79129607309
+79129607357
+79129607451
+79129607478
+79129607695
+79129607998
+79129601437
+79129602046
+79129606725
+79129607099
+79129607309
+79129607357
+79129607451
+79129607478
+79129607695
+79129607998
+79128600411
+79128600412
+79128600415
+79128601550
+79128601678
+79128601760
+79128601944
+79128602734
+79128602745
+79128602746
+79121811196
+79121811197
+79121811242
+79121811250
+79121811293
+79121811319
+79121811341
+79121811349
+79121811355
+79121811361
+79121914202
+79121914822
+79121914835
+79121914841
+79121914846
+79121914851
+79121914856
+79121914864
+79121914867
+79121914872
+79121610582
+79121610741
+79121610829
+79121610876
+79121610996
+79121611137
+79121611143
+79121611149
+79121611152
+79121611153
+79129601437
+79129602046
+79129606725
+79129607099
+79129607309
+79129607357
+79129607451
+79129607478
+79129607695
+79129607998
+79121403260
+79121403268
+79121403317
+79121404531
+79121404841
+79121404868
+79121404885
+79121405033
+79121405066
+79121405213
+79121610582
+79121610741
+79121610829
+79121610876
+79121610996
+79121611137
+79121611143
+79121611149
+79121611152
+79121611153
+79121511648
+79121512166
+79121512721
+79121512781
+79121512844
+79121513041
+79121513856
+79121514201
+79121514375
+79121514588
+79121610582
+79121610741
+79121610829
+79121610876
+79121610996
+79121611137
+79121611143
+79121611149
+79121611152
+79121611153
+79121511648
+79121512166
+79121512721
+79121512781
+79121512844
+79121513041
+79121513856
+79121514201
+79121514375
+79121514588
+79128600411
+79128600412
+79128600415
+79128601550
+79128601678
+79128601760
+79128601944
+79128602734
+79128602745
+79128602746
+79121403260
+79121403268
+79121403317
+79121404531
+79121404841
+79121404868
+79121404885
+79121405033
+79121405066
+79121405213
+79125607091
+79125607135
+79125607149
+79125607184
+79125607217
+79125607237
+79125607239
+79125607240
+79125607262
+79125607265
+79121610582
+79121610741
+79121610829
+79121610876
+79121610996
+79121611137
+79121611143
+79121611149
+79121611152
+79121611153
+79128600411
+79128600412
+79128600415
+79128601550
+79128601678
+79128601760
+79128601944
+79128602734
+79128602745
+79128602746
+79121610582
+79121610741
+79121610829
+79121610876
+79121610996
+79121611137
+79121611143
+79121611149
+79121611152
+79121611153
+79121811196
+79121811197
+79121811242
+79121811250
+79121811293
+79121811319
+79121811341
+79121811349
+79121811355
+79121811361
+79121403260
+79121403268
+79121403317
+79121404531
+79121404841
+79121404868
+79121404885
+79121405033
+79121405066
+79121405213
+79125607091
+79125607135
+79125607149
+79125607184
+79125607217
+79125607237
+79125607239
+79125607240
+79125607262
+79125607265
+79128600411
+79128600412
+79128600415
+79128601550
+79128601678
+79128601760
+79128601944
+79128602734
+79128602745
+79128602746
+79129601437
+79129602046
+79129606725
+79129607099
+79129607309
+79129607357
+79129607451
+79129607478
+79129607695
+79129607998
+79128600411
+79128600412
+79128600415
+79128601550
+79128601678
+79128601760
+79128601944
+79128602734
+79128602745
+79128602746
+79121403260
+79121403268
+79121403317
+79121404531
+79121404841
+79121404868
+79121404885
+79121405033
+79121405066
+79121405213
+79121914202
+79121914822
+79121914835
+79121914841
+79121914846
+79121914851
+79121914856
+79121914864
+79121914867
+79121914872
+79121511648
+79121512166
+79121512721
+79121512781
+79121512844
+79121513041
+79121513856
+79121514201
+79121514375
+79121514588
+79121811196
+79121811197
+79121811242
+79121811250
+79121811293
+79121811319
+79121811341
+79121811349
+79121811355
+79121811361
+79125607091
+79125607135
+79125607149
+79125607184
+79125607217
+79125607237
+79125607239
+79125607240
+79125607262
+79125607265
+79121610582
+79121610741
+79121610829
+79121610876
+79121610996
+79121611137
+79121611143
+79121611149
+79121611152
+79121611153
