+79108000451
+79108001219
+79108002038
+79108002121
+79108002502
+79108003158
+79108003306
+79108003364
+79108003432
+79108003434
+79109500205
+79109501246
+79109502461
+79109502774
+79109505237
+79109505246
+79109505253
+79109505256
+79109505258
+79109505263
+79159200450
+79159200462
+79159200715
+79159200799
+79159201066
+79159201117
+79159201118
+79159201134
+79159201160
+79159201209
+79106601905
+79106602437
+79106602993
+79106603927
+79106603932
+79106604827
+79106605644
+79106608548
+79106608649
+79106609507
+79159000947
+79159001804
+79159002386
+79159002684
+79159002791
+79159002792
+79159002880
+79159003389
+79159003531
+79159003552
+79159103523
+79159104372
+79159104698
+79159107250
+79159109092
+79159109201
+79159109258
+79159109530
+79159109715
+79159109716
+79109200027
+79109200162
+79109200170
+79109200187
+79109200214
+79109200216
+79109200241
+79109200253
+79109200261
+79109200285
+79106601905
+79106602437
+79106602993
+79106603927
+79106603932
+79106604827
+79106605644
+79106608548
+79106608649
+79106609507
+79106601905
+79106602437
+79106602993
+79106603927
+79106603932
+79106604827
+79106605644
+79106608548
+79106608649
+79106609507
+79101905495
+79101905499
+79101905593
+79101905801
+79101906069
+79101906371
+79101906671
+79101906980
+79101907467
+79101908060
+79103700231
+79103700271
+79103700275
+79103700323
+79103700371
+79103700454
+79103700685
+79103701081
+79103701311
+79103701467
+79101905495
+79101905499
+79101905593
+79101905801
+79101906069
+79101906371
+79101906671
+79101906980
+79101907467
+79101908060
+79805715540
+79805715564
+79805715569
+79805716686
+79805716691
+79805722271
+79805722273
+79805722278
+79805722279
+79805722285
+79159103523
+79159104372
+79159104698
+79159107250
+79159109092
+79159109201
+79159109258
+79159109530
+79159109715
+79159109716
+79159103523
+79159104372
+79159104698
+79159107250
+79159109092
+79159109201
+79159109258
+79159109530
+79159109715
+79159109716
+79159000947
+79159001804
+79159002386
+79159002684
+79159002791
+79159002792
+79159002880
+79159003389
+79159003531
+79159003552
+79103700231
+79103700271
+79103700275
+79103700323
+79103700371
+79103700454
+79103700685
+79103701081
+79103701311
+79103701467
+79159200450
+79159200462
+79159200715
+79159200799
+79159201066
+79159201117
+79159201118
+79159201134
+79159201160
+79159201209
+79109500205
+79109501246
+79109502461
+79109502774
+79109505237
+79109505246
+79109505253
+79109505256
+79109505258
+79109505263
+79108000451
+79108001219
+79108002038
+79108002121
+79108002502
+79108003158
+79108003306
+79108003364
+79108003432
+79108003434
+79106601905
+79106602437
+79106602993
+79106603927
+79106603932
+79106604827
+79106605644
+79106608548
+79106608649
+79106609507
+79106601905
+79106602437
+79106602993
+79106603927
+79106603932
+79106604827
+79106605644
+79106608548
+79106608649
+79106609507
+79159103523
+79159104372
+79159104698
+79159107250
+79159109092
+79159109201
+79159109258
+79159109530
+79159109715
+79159109716
+79159103523
+79159104372
+79159104698
+79159107250
+79159109092
+79159109201
+79159109258
+79159109530
+79159109715
+79159109716
+79159000947
+79159001804
+79159002386
+79159002684
+79159002791
+79159002792
+79159002880
+79159003389
+79159003531
+79159003552
+79159103523
+79159104372
+79159104698
+79159107250
+79159109092
+79159109201
+79159109258
+79159109530
+79159109715
+79159109716
+79106601905
+79106602437
+79106602993
+79106603927
+79106603932
+79106604827
+79106605644
+79106608548
+79106608649
+79106609507
+79805715540
+79805715564
+79805715569
+79805716686
+79805716691
+79805722271
+79805722273
+79805722278
+79805722279
+79805722285
+79159000947
+79159001804
+79159002386
+79159002684
+79159002791
+79159002792
+79159002880
+79159003389
+79159003531
+79159003552
+79106601905
+79106602437
+79106602993
+79106603927
+79106603932
+79106604827
+79106605644
+79106608548
+79106608649
+79106609507
+79159103523
+79159104372
+79159104698
+79159107250
+79159109092
+79159109201
+79159109258
+79159109530
+79159109715
+79159109716
+79109200027
+79109200162
+79109200170
+79109200187
+79109200214
+79109200216
+79109200241
+79109200253
+79109200261
+79109200285
+79101905495
+79101905499
+79101905593
+79101905801
+79101906069
+79101906371
+79101906671
+79101906980
+79101907467
+79101908060
+79109500205
+79109501246
+79109502461
+79109502774
+79109505237
+79109505246
+79109505253
+79109505256
+79109505258
+79109505263
+79109500205
+79109501246
+79109502461
+79109502774
+79109505237
+79109505246
+79109505253
+79109505256
+79109505258
+79109505263
+79103700271
+79103700275
+79103700323
+79103700371
+79103700454
+79103700685
+79103701081
+79103701311
+79103701467
+79103701587
+79103700271
+79103700275
+79103700323
+79103700371
+79103700454
+79103700685
+79103701081
+79103701311
+79103701467
+79103701587
+79106601905
+79106602437
+79106602993
+79106603927
+79106603932
+79106604827
+79106605644
+79106608548
+79106608649
+79106609507
+79159103523
+79159104372
+79159104698
+79159107250
+79159109092
+79159109201
+79159109258
+79159109530
+79159109715
+79159109716
+79159200450
+79159200462
+79159200715
+79159200799
+79159201066
+79159201117
+79159201118
+79159201134
+79159201160
+79159201209
+79106601905
+79106602437
+79106602993
+79106603927
+79106603932
+79106604827
+79106605644
+79106608548
+79106608649
+79106609507
+79109500205
+79109501246
+79109502461
+79109502774
+79109505237
+79109505246
+79109505253
+79109505256
+79109505258
+79109505263
+79103700271
+79103700275
+79103700323
+79103700371
+79103700454
+79103700685
+79103701081
+79103701311
+79103701467
+79103701587
+79106601905
+79106602437
+79106602993
+79106603927
+79106603932
+79106604827
+79106605644
+79106608548
+79106608649
+79106609507
+79805715540
+79805715564
+79805715569
+79805716686
+79805716691
+79805722271
+79805722273
+79805722278
+79805722279
+79805722285
+79159000947
+79159001804
+79159002386
+79159002684
+79159002791
+79159002792
+79159002880
+79159003389
+79159003531
+79159003552
+79159103523
+79159104372
+79159104698
+79159107250
+79159109092
+79159109201
+79159109258
+79159109530
+79159109715
+79159109716
+79108000451
+79108001219
+79108002038
+79108002121
+79108002502
+79108003158
+79108003306
+79108003364
+79108003432
+79108003434
+79159000947
+79159001804
+79159002386
+79159002684
+79159002791
+79159002792
+79159002880
+79159003389
+79159003531
+79159003552
+79159200462
+79159200715
+79159200799
+79159201066
+79159201117
+79159201118
+79159201134
+79159201160
+79159201209
+79159201289
+79159103523
+79159104372
+79159104698
+79159107250
+79159109092
+79159109201
+79159109258
+79159109530
+79159109715
+79159109716
+79109500205
+79109501246
+79109502461
+79109502774
+79109505237
+79109505246
+79109505253
+79109505256
+79109505258
+79109505263
+79103700271
+79103700275
+79103700323
+79103700371
+79103700454
+79103700685
+79103701081
+79103701311
+79103701467
+79103701587
+79108000451
+79108001219
+79108002038
+79108002121
+79108002502
+79108003158
+79108003306
+79108003364
+79108003432
+79108003434
+79109500205
+79109501246
+79109502461
+79109502774
+79109505237
+79109505246
+79109505253
+79109505256
+79109505258
+79109505263
+79159000947
+79159001804
+79159002386
+79159002684
+79159002791
+79159002792
+79159002880
+79159003389
+79159003531
+79159003552
+79159000947
+79159001804
+79159002386
+79159002684
+79159002791
+79159002792
+79159002880
+79159003389
+79159003531
+79159003552
+79101905495
+79101905499
+79101905593
+79101905801
+79101906069
+79101906371
+79101906671
+79101906980
+79101907467
+79101908060
+79103700271
+79103700275
+79103700323
+79103700371
+79103700454
+79103700685
+79103701081
+79103701311
+79103701467
+79103701587
+79106601905
+79106602437
+79106602993
+79106603927
+79106603932
+79106604827
+79106605644
+79106608548
+79106608649
+79106609507
+79108000451
+79108001219
+79108002038
+79108002121
+79108002502
+79108003158
+79108003306
+79108003364
+79108003432
+79108003434
+79101905495
+79101905499
+79101905593
+79101905801
+79101906069
+79101906371
+79101906671
+79101906980
+79101907467
+79101908060
+79108000451
+79108001219
+79108002038
+79108002121
+79108002502
+79108003158
+79108003306
+79108003364
+79108003432
+79108003434
+79101905495
+79101905499
+79101905593
+79101905801
+79101906069
+79101906371
+79101906671
+79101906980
+79101907467
+79101908060
+79109500205
+79109501246
+79109502461
+79109502774
+79109505237
+79109505246
+79109505253
+79109505256
+79109505258
+79109505263
+79109200027
+79109200162
+79109200170
+79109200187
+79109200214
+79109200216
+79109200241
+79109200253
+79109200261
+79109200285
+79805715540
+79805715564
+79805715569
+79805716686
+79805716691
+79805722271
+79805722273
+79805722278
+79805722279
+79805722285
+79159200462
+79159200715
+79159200799
+79159201066
+79159201117
+79159201118
+79159201134
+79159201160
+79159201209
+79159201289
+79101905495
+79101905499
+79101905593
+79101905801
+79101906069
+79101906371
+79101906671
+79101906980
+79101907467
+79101908060
+79101905495
+79101905499
+79101905593
+79101905801
+79101906069
+79101906371
+79101906671
+79101906980
+79101907467
+79101908060
+79106601905
+79106602437
+79106602993
+79106603927
+79106603932
+79106604827
+79106605644
+79106608548
+79106608649
+79106609507
+79109200027
+79109200162
+79109200170
+79109200187
+79109200214
+79109200216
+79109200241
+79109200253
+79109200261
+79109200285
+79805715540
+79805715564
+79805715569
+79805716686
+79805716691
+79805722271
+79805722273
+79805722278
+79805722279
+79805722285
+79108000451
+79108001219
+79108002038
+79108002121
+79108002502
+79108003158
+79108003306
+79108003364
+79108003432
+79108003434
+79805715540
+79805715564
+79805715569
+79805716686
+79805716691
+79805722271
+79805722273
+79805722278
+79805722279
+79805722285
+79159200462
+79159200715
+79159200799
+79159201066
+79159201117
+79159201118
+79159201134
+79159201160
+79159201209
+79159201289
+79159200462
+79159200715
+79159200799
+79159201066
+79159201117
+79159201118
+79159201134
+79159201160
+79159201209
+79159201289
+79109500205
+79109501246
+79109502461
+79109502774
+79109505237
+79109505246
+79109505253
+79109505256
+79109505258
+79109505263
+79106601905
+79106602437
+79106602993
+79106603927
+79106603932
+79106604827
+79106605644
+79106608548
+79106608649
+79106609507
+79109500205
+79109501246
+79109502461
+79109502774
+79109505237
+79109505246
+79109505253
+79109505256
+79109505258
+79109505263
+79805715540
+79805715564
+79805715569
+79805716686
+79805716691
+79805722271
+79805722273
+79805722278
+79805722279
+79805722285
+79101905495
+79101905499
+79101905593
+79101905801
+79101906069
+79101906371
+79101906671
+79101906980
+79101907467
+79101908060
+79805715540
+79805715564
+79805715569
+79805716686
+79805716691
+79805722271
+79805722273
+79805722278
+79805722279
+79805722285
+79159000947
+79159001804
+79159002386
+79159002684
+79159002791
+79159002792
+79159002880
+79159003389
+79159003531
+79159003552
+79103700271
+79103700275
+79103700323
+79103700371
+79103700454
+79103700685
+79103701081
+79103701311
+79103701467
+79103701587
+79108000451
+79108001219
+79108002038
+79108002121
+79108002502
+79108003158
+79108003306
+79108003364
+79108003432
+79108003434
+79101905495
+79101905499
+79101905593
+79101905801
+79101906069
+79101906371
+79101906671
+79101906980
+79101907467
+79101908060
+79159103523
+79159104372
+79159104698
+79159107250
+79159109092
+79159109201
+79159109258
+79159109530
+79159109715
+79159109716
+79103700271
+79103700275
+79103700323
+79103700371
+79103700454
+79103700685
+79103701081
+79103701311
+79103701467
+79103701587
+79159103523
+79159104372
+79159104698
+79159107250
+79159109092
+79159109201
+79159109258
+79159109530
+79159109715
+79159109716
+79103700271
+79103700275
+79103700323
+79103700371
+79103700454
+79103700685
+79103701081
+79103701311
+79103701467
+79103701587
+79109200027
+79109200162
+79109200170
+79109200187
+79109200214
+79109200216
+79109200241
+79109200253
+79109200261
+79109200285
+79101905495
+79101905499
+79101905593
+79101905801
+79101906069
+79101906371
+79101906671
+79101906980
+79101907467
+79101908060
+79109200027
+79109200162
+79109200170
+79109200187
+79109200214
+79109200216
+79109200241
+79109200253
+79109200261
+79109200285
+79805715540
+79805715564
+79805715569
+79805716686
+79805716691
+79805722271
+79805722273
+79805722278
+79805722279
+79805722285
+79109500205
+79109501246
+79109502461
+79109502774
+79109505237
+79109505246
+79109505253
+79109505256
+79109505258
+79109505263
+79109500205
+79109501246
+79109502461
+79109502774
+79109505237
+79109505246
+79109505253
+79109505256
+79109505258
+79109505263
+79106601905
+79106602437
+79106602993
+79106603927
+79106603932
+79106604827
+79106605644
+79106608548
+79106608649
+79106609507
+79106601905
+79106602437
+79106602993
+79106603927
+79106603932
+79106604827
+79106605644
+79106608548
+79106608649
+79106609507
+79106601905
+79106602437
+79106602993
+79106603927
+79106603932
+79106604827
+79106605644
+79106608548
+79106608649
+79106609507
+79109200027
+79109200162
+79109200170
+79109200187
+79109200214
+79109200216
+79109200241
+79109200253
+79109200261
+79109200285
+79805715540
+79805715564
+79805715569
+79805716686
+79805716691
+79805722271
+79805722273
+79805722278
+79805722279
+79805722285
+79109200027
+79109200162
+79109200170
+79109200187
+79109200214
+79109200216
+79109200241
+79109200253
+79109200261
+79109200285
+79103700271
+79103700275
+79103700323
+79103700371
+79103700454
+79103700685
+79103701081
+79103701311
+79103701467
+79103701587
+79106601905
+79106602437
+79106602993
+79106603927
+79106603932
+79106604827
+79106605644
+79106608548
+79106608649
+79106609507
+79159200462
+79159200715
+79159200799
+79159201066
+79159201117
+79159201118
+79159201134
+79159201160
+79159201209
+79159201289
+79805715540
+79805715564
+79805715569
+79805716686
+79805716691
+79805722271
+79805722273
+79805722278
+79805722279
+79805722285
+79805715540
+79805715564
+79805715569
+79805716686
+79805716691
+79805722271
+79805722273
+79805722278
+79805722279
+79805722285
+79805715540
+79805715564
+79805715569
+79805716686
+79805716691
+79805722271
+79805722273
+79805722278
+79805722279
+79805722285
+79103700271
+79103700275
+79103700323
+79103700371
+79103700454
+79103700685
+79103701081
+79103701311
+79103701467
+79103701587
+79109200027
+79109200162
+79109200170
+79109200187
+79109200214
+79109200216
+79109200241
+79109200253
+79109200261
+79109200285
+79109200027
+79109200162
+79109200170
+79109200187
+79109200214
+79109200216
+79109200241
+79109200253
+79109200261
+79109200285
+79109200027
+79109200162
+79109200170
+79109200187
+79109200214
+79109200216
+79109200241
+79109200253
+79109200261
+79109200285
+79101905495
+79101905499
+79101905593
+79101905801
+79101906069
+79101906371
+79101906671
+79101906980
+79101907467
+79101908060
+79101905495
+79101905499
+79101905593
+79101905801
+79101906069
+79101906371
+79101906671
+79101906980
+79101907467
+79101908060
+79106601905
+79106602437
+79106602993
+79106603927
+79106603932
+79106604827
+79106605644
+79106608548
+79106608649
+79106609507
+79106601905
+79106602437
+79106602993
+79106603927
+79106603932
+79106604827
+79106605644
+79106608548
+79106608649
+79106609507
+79106601905
+79106602437
+79106602993
+79106603927
+79106603932
+79106604827
+79106605644
+79106608548
+79106608649
+79106609507
+79103700271
+79103700275
+79103700323
+79103700371
+79103700454
+79103700685
+79103701081
+79103701311
+79103701467
+79103701587
+79106601905
+79106602437
+79106602993
+79106603927
+79106603932
+79106604827
+79106605644
+79106608548
+79106608649
+79106609507
+79106601905
+79106602437
+79106602993
+79106603927
+79106603932
+79106604827
+79106605644
+79106608548
+79106608649
+79106609507
+79108000451
+79108001219
+79108002038
+79108002121
+79108002502
+79108003158
+79108003306
+79108003364
+79108003432
+79108003434
+79109200027
+79109200162
+79109200170
+79109200187
+79109200214
+79109200216
+79109200241
+79109200253
+79109200261
+79109200285
+79101905495
+79101905499
+79101905593
+79101905801
+79101906069
+79101906371
+79101906671
+79101906980
+79101907467
+79101908060
+79106601905
+79106602437
+79106602993
+79106603927
+79106603932
+79106604827
+79106605644
+79106608548
+79106608649
+79106609507
+79106601905
+79106602437
+79106602993
+79106603927
+79106603932
+79106604827
+79106605644
+79106608548
+79106608649
+79106609507
+79159103523
+79159104372
+79159104698
+79159107250
+79159109092
+79159109201
+79159109258
+79159109530
+79159109715
+79159109716
+79106601905
+79106602437
+79106602993
+79106603927
+79106603932
+79106604827
+79106605644
+79106608548
+79106608649
+79106609507
+79805715540
+79805715564
+79805715569
+79805716686
+79805716691
+79805722271
+79805722273
+79805722278
+79805722279
+79805722285
+79159103523
+79159104372
+79159104698
+79159107250
+79159109092
+79159109201
+79159109258
+79159109530
+79159109715
+79159109716
+79109200027
+79109200162
+79109200170
+79109200187
+79109200214
+79109200216
+79109200241
+79109200253
+79109200261
+79109200285
+79159000947
+79159001804
+79159002386
+79159002684
+79159002791
+79159002792
+79159002880
+79159003389
+79159003531
+79159003552
+79159200462
+79159200715
+79159200799
+79159201066
+79159201117
+79159201118
+79159201134
+79159201160
+79159201209
+79159201289
+79108000451
+79108001219
+79108002038
+79108002121
+79108002502
+79108003158
+79108003306
+79108003364
+79108003432
+79108003434
+79159200462
+79159200715
+79159200799
+79159201066
+79159201117
+79159201118
+79159201134
+79159201160
+79159201209
+79159201289
+79159103523
+79159104372
+79159104698
+79159107250
+79159109092
+79159109201
+79159109258
+79159109530
+79159109715
+79159109716
+79159103523
+79159104372
+79159104698
+79159107250
+79159109092
+79159109201
+79159109258
+79159109530
+79159109715
+79159109716
+79108000451
+79108001219
+79108002038
+79108002121
+79108002502
+79108003158
+79108003306
+79108003364
+79108003432
+79108003434
+79101905495
+79101905499
+79101905593
+79101905801
+79101906069
+79101906371
+79101906671
+79101906980
+79101907467
+79101908060
+79106601905
+79106602437
+79106602993
+79106603927
+79106603932
+79106604827
+79106605644
+79106608548
+79106608649
+79106609507
+79108000451
+79108001219
+79108002038
+79108002121
+79108002502
+79108003158
+79108003306
+79108003364
+79108003432
+79108003434
+79101905495
+79101905499
+79101905593
+79101905801
+79101906069
+79101906371
+79101906671
+79101906980
+79101907467
+79101908060
+79159200462
+79159200715
+79159200799
+79159201066
+79159201117
+79159201118
+79159201134
+79159201160
+79159201209
+79159201289
+79159103523
+79159104372
+79159104698
+79159107250
+79159109092
+79159109201
+79159109258
+79159109530
+79159109715
+79159109716
+79101905495
+79101905499
+79101905593
+79101905801
+79101906069
+79101906371
+79101906671
+79101906980
+79101907467
+79101908060
+79101905495
+79101905499
+79101905593
+79101905801
+79101906069
+79101906371
+79101906671
+79101906980
+79101907467
+79101908060
+79109500205
+79109501246
+79109502461
+79109502774
+79109505237
+79109505246
+79109505253
+79109505256
+79109505258
+79109505263
+79101905495
+79101905499
+79101905593
+79101905801
+79101906069
+79101906371
+79101906671
+79101906980
+79101907467
+79101908060
+79159000947
+79159001804
+79159002386
+79159002684
+79159002791
+79159002792
+79159002880
+79159003389
+79159003531
+79159003552
+79159000947
+79159001804
+79159002386
+79159002684
+79159002791
+79159002792
+79159002880
+79159003389
+79159003531
+79159003552
+79109500205
+79109501246
+79109502461
+79109502774
+79109505237
+79109505246
+79109505253
+79109505256
+79109505258
+79109505263
+79159200462
+79159200715
+79159200799
+79159201066
+79159201117
+79159201118
+79159201134
+79159201160
+79159201209
+79159201289
+79108000451
+79108001219
+79108002038
+79108002121
+79108002502
+79108003158
+79108003306
+79108003364
+79108003432
+79108003434
+79101905495
+79101905499
+79101905593
+79101905801
+79101906069
+79101906371
+79101906671
+79101906980
+79101907467
+79101908060
+79109500205
+79109501246
+79109502461
+79109502774
+79109505237
+79109505246
+79109505253
+79109505256
+79109505258
+79109505263
+79109500205
+79109501246
+79109502461
+79109502774
+79109505237
+79109505246
+79109505253
+79109505256
+79109505258
+79109505263
+79159103523
+79159104372
+79159104698
+79159107250
+79159109092
+79159109201
+79159109258
+79159109530
+79159109715
+79159109716
+79109500205
+79109501246
+79109502461
+79109502774
+79109505237
+79109505246
+79109505253
+79109505256
+79109505258
+79109505263
+79106601905
+79106602437
+79106602993
+79106603927
+79106603932
+79106604827
+79106605644
+79106608548
+79106608649
+79106609507
+79109500205
+79109501246
+79109502461
+79109502774
+79109505237
+79109505246
+79109505253
+79109505256
+79109505258
+79109505263
+79159200462
+79159200715
+79159200799
+79159201066
+79159201117
+79159201118
+79159201134
+79159201160
+79159201209
+79159201289
+79108000451
+79108001219
+79108002038
+79108002121
+79108002502
+79108003158
+79108003306
+79108003364
+79108003432
+79108003434
+79109200027
+79109200162
+79109200170
+79109200187
+79109200214
+79109200216
+79109200241
+79109200253
+79109200261
+79109200285
+79159103523
+79159104372
+79159104698
+79159107250
+79159109092
+79159109201
+79159109258
+79159109530
+79159109715
+79159109716
+79109500205
+79109501246
+79109502461
+79109502774
+79109505237
+79109505246
+79109505253
+79109505256
+79109505258
+79109505263
+79805715540
+79805715564
+79805715569
+79805716686
+79805716691
+79805722271
+79805722273
+79805722278
+79805722279
+79805722285
+79109200027
+79109200162
+79109200170
+79109200187
+79109200214
+79109200216
+79109200241
+79109200253
+79109200261
+79109200285
+79106601905
+79106602437
+79106602993
+79106603927
+79106603932
+79106604827
+79106605644
+79106608548
+79106608649
+79106609507
+79106601905
+79106602437
+79106602993
+79106603927
+79106603932
+79106604827
+79106605644
+79106608548
+79106608649
+79106609507
+79159000947
+79159001804
+79159002386
+79159002684
+79159002791
+79159002792
+79159002880
+79159003389
+79159003531
+79159003552
+79159000947
+79159001804
+79159002386
+79159002684
+79159002791
+79159002792
+79159002880
+79159003389
+79159003531
+79159003552
+79109200027
+79109200162
+79109200170
+79109200187
+79109200214
+79109200216
+79109200241
+79109200253
+79109200261
+79109200285
+79103700271
+79103700275
+79103700323
+79103700371
+79103700454
+79103700685
+79103701081
+79103701311
+79103701467
+79103701587
+79109500205
+79109501246
+79109502461
+79109502774
+79109505237
+79109505246
+79109505253
+79109505256
+79109505258
+79109505263
+79805715540
+79805715564
+79805715569
+79805716686
+79805716691
+79805722271
+79805722273
+79805722278
+79805722279
+79805722285
+79106601905
+79106602437
+79106602993
+79106603927
+79106603932
+79106604827
+79106605644
+79106608548
+79106608649
+79106609507
+79805715540
+79805715564
+79805715569
+79805716686
+79805716691
+79805722271
+79805722273
+79805722278
+79805722279
+79805722285
+79805715540
+79805715564
+79805715569
+79805716686
+79805716691
+79805722271
+79805722273
+79805722278
+79805722279
+79805722285
+79159000947
+79159001804
+79159002386
+79159002684
+79159002791
+79159002792
+79159002880
+79159003389
+79159003531
+79159003552
+79109200027
+79109200162
+79109200170
+79109200187
+79109200214
+79109200216
+79109200241
+79109200253
+79109200261
+79109200285
+79159000947
+79159001804
+79159002386
+79159002684
+79159002791
+79159002792
+79159002880
+79159003389
+79159003531
+79159003552
+79108000451
+79108001219
+79108002038
+79108002121
+79108002502
+79108003158
+79108003306
+79108003364
+79108003432
+79108003434
+79109500205
+79109501246
+79109502461
+79109502774
+79109505237
+79109505246
+79109505253
+79109505256
+79109505258
+79109505263
+79805715540
+79805715564
+79805715569
+79805716686
+79805716691
+79805722271
+79805722273
+79805722278
+79805722279
+79805722285
+79101905495
+79101905499
+79101905593
+79101905801
+79101906069
+79101906371
+79101906671
+79101906980
+79101907467
+79101908060
+79109200027
+79109200162
+79109200170
+79109200187
+79109200214
+79109200216
+79109200241
+79109200253
+79109200261
+79109200285
+79108000451
+79108001219
+79108002038
+79108002121
+79108002502
+79108003158
+79108003306
+79108003364
+79108003432
+79108003434
+79159200462
+79159200715
+79159200799
+79159201066
+79159201117
+79159201118
+79159201134
+79159201160
+79159201209
+79159201289
+79101905495
+79101905499
+79101905593
+79101905801
+79101906069
+79101906371
+79101906671
+79101906980
+79101907467
+79101908060
+79103700271
+79103700275
+79103700323
+79103700371
+79103700454
+79103700685
+79103701081
+79103701311
+79103701467
+79103701587
+79159200462
+79159200715
+79159200799
+79159201066
+79159201117
+79159201118
+79159201134
+79159201160
+79159201209
+79159201289
+79106602437
+79106602993
+79106603927
+79106603932
+79106604827
+79106605644
+79106608548
+79106608649
+79106609507
+79106609513
+79109500205
+79109501246
+79109502461
+79109502774
+79109505237
+79109505246
+79109505253
+79109505256
+79109505258
+79109505263
+79106602437
+79106602993
+79106603927
+79106603932
+79106604827
+79106605644
+79106608548
+79106608649
+79106609507
+79106609513
+79103700271
+79103700275
+79103700323
+79103700371
+79103700454
+79103700685
+79103701081
+79103701311
+79103701467
+79103701587
+79159000947
+79159001804
+79159002386
+79159002684
+79159002791
+79159002792
+79159002880
+79159003389
+79159003531
+79159003552
+79103700271
+79103700275
+79103700323
+79103700371
+79103700454
+79103700685
+79103701081
+79103701311
+79103701467
+79103701587
+79109200027
+79109200162
+79109200170
+79109200187
+79109200214
+79109200216
+79109200241
+79109200253
+79109200261
+79109200285
+79103700271
+79103700275
+79103700323
+79103700371
+79103700454
+79103700685
+79103701081
+79103701311
+79103701467
+79103701587
+79106602437
+79106602993
+79106603927
+79106603932
+79106604827
+79106605644
+79106608548
+79106608649
+79106609507
+79106609513
+79103700271
+79103700275
+79103700323
+79103700371
+79103700454
+79103700685
+79103701081
+79103701311
+79103701467
+79103701587
+79108000451
+79108001219
+79108002038
+79108002121
+79108002502
+79108003158
+79108003306
+79108003364
+79108003432
+79108003434
+79109500205
+79109501246
+79109502461
+79109502774
+79109505237
+79109505246
+79109505253
+79109505256
+79109505258
+79109505263
+79159000947
+79159001804
+79159002386
+79159002684
+79159002791
+79159002792
+79159002880
+79159003389
+79159003531
+79159003552
+79109200027
+79109200162
+79109200170
+79109200187
+79109200214
+79109200216
+79109200241
+79109200253
+79109200261
+79109200285
+79103700271
+79103700275
+79103700323
+79103700371
+79103700454
+79103700685
+79103701081
+79103701311
+79103701467
+79103701587
+79109500205
+79109501246
+79109502461
+79109502774
+79109505237
+79109505246
+79109505253
+79109505256
+79109505258
+79109505263
+79159103523
+79159104372
+79159104698
+79159107250
+79159109092
+79159109201
+79159109258
+79159109530
+79159109715
+79159109716
+79109200027
+79109200162
+79109200170
+79109200187
+79109200214
+79109200216
+79109200241
+79109200253
+79109200261
+79109200285
+79106602437
+79106602993
+79106603927
+79106603932
+79106604827
+79106605644
+79106608548
+79106608649
+79106609507
+79106609513
+79106602437
+79106602993
+79106603927
+79106603932
+79106604827
+79106605644
+79106608548
+79106608649
+79106609507
+79106609513
+79805715540
+79805715564
+79805715569
+79805716686
+79805716691
+79805722271
+79805722273
+79805722278
+79805722279
+79805722285
+79106602437
+79106602993
+79106603927
+79106603932
+79106604827
+79106605644
+79106608548
+79106608649
+79106609507
+79106609513
