+79832656132
+79832656206
+79832656273
+79832656393
+79832656779
+79832657028
+79832657147
+79832657165
+79832657293
+79832657342
+79135270692
+79135272014
+79135272261
+79135272281
+79135272452
+79135272542
+79135272847
+79135273061
+79135273408
+79135273436
+79135601960
+79135607534
+79135607586
+79135607598
+79135607616
+79135607642
+79135607650
+79135607965
+79135608038
+79135608215
+79131700120
+79131702619
+79131702856
+79131706892
+79131707248
+79131709523
+79131709711
+79131710445
+79131711154
+79131711164
+79830554834
+79830555446
+79830556679
+79130360136
+79130366058
+79130366073
+79130366074
+79130366078
+79130366087
+79130366088
+79131900708
+79131903163
+79131903623
+79131903669
+79131903767
+79131904152
+79131904508
+79131907456
+79131907976
+79131908067
+79130360136
+79130366058
+79130366073
+79130366074
+79130366078
+79130366087
+79130366088
+79130366103
+79130366104
+79130366106
+79830755402
+79830755863
+79830700194
+79830700351
+79830700361
+79830700395
+79830700398
+79830700424
+79830700439
+79830700476
+79131900708
+79131903163
+79131903623
+79131903669
+79131903767
+79131904152
+79131904508
+79131907456
+79131907976
+79131908067
+79832803409
+79832803427
+79832803498
+79832803714
+79832803865
+79832804160
+79832804177
+79832805876
+79832805892
+79832805893
+79131801935
+79131801945
+79131802167
+79131802271
+79131802881
+79131802995
+79131803799
+79131803952
+79131803971
+79131803972
+79830554834
+79830555446
+79830556679
+79135070467
+79135070562
+79135070859
+79135070950
+79135071051
+79135071238
+79135071297
+79833601036
+79833602852
+79833603115
+79833603149
+79833603259
+79833603281
+79833603405
+79833603413
+79833603415
+79833603420
+79831602219
+79831602637
+79831602987
+79831603281
+79831604180
+79831604203
+79831604427
+79831604945
+79831605168
+79831605347
+79830554834
+79830555446
+79830556679
+79135102479
+79135104659
+79135106370
+79135106558
+79135106561
+79135106562
+79135106574
+79833601036
+79833602852
+79833603115
+79833603149
+79833603259
+79833603281
+79833603405
+79833603413
+79833603415
+79833603420
+79836102556
+79836102576
+79836102771
+79836102958
+79836103421
+79836103443
+79836103527
+79836103633
+79836103694
+79836103736
+79832903123
+79832905174
+79832905245
+79832906793
+79832907814
+79832907876
+79832908028
+79832908148
+79832908644
+79832909768
+79832656132
+79832656206
+79832656273
+79832656393
+79832656779
+79832657028
+79832657147
+79832657165
+79832657293
+79832657342
+79832000152
+79832001740
+79832002547
+79832003364
+79832004929
+79832005613
+79832007234
+79832007294
+79832007623
+79832007793
+79831400572
+79831401676
+79831401883
+79831401893
+79831401928
+79831403364
+79831403412
+79831403426
+79831403431
+79831403441
+79138300162
+79138300776
+79138301320
+79138301901
+79138303432
+79138304022
+79138304053
+79138304199
+79138304280
+79138304634
+79831500626
+79831501292
+79831501294
+79831501352
+79831501484
+79831502317
+79831502319
+79831502588
+79831506602
+79831506809
+79832903123
+79832905174
+79832905245
+79832906793
+79832907814
+79832907876
+79832908028
+79832908148
+79832908644
+79832909768
+79131900708
+79131903163
+79131903623
+79131903669
+79131903767
+79131904152
+79131904508
+79131907456
+79131907976
+79131908067
+79832000152
+79832001740
+79832002547
+79832003364
+79832004929
+79832005613
+79832007234
+79832007294
+79832007623
+79832007793
+79135330215
+79135332159
+79135332238
+79135332290
+79135332566
+79135333072
+79135333236
+79135333459
+79135334156
+79135334169
+79135701937
+79135701962
+79135701967
+79135701969
+79135702046
+79135702073
+79135702093
+79135702104
+79135702114
+79135702132
+79135330215
+79135332159
+79135332238
+79135332290
+79135332566
+79135333072
+79135333236
+79135333459
+79135334156
+79135334169
+79135501658
+79135501670
+79135501995
+79135502213
+79135502560
+79135503151
+79135503902
+79135504518
+79135505084
+79135505247
+79836102556
+79836102576
+79836102771
+79836102958
+79836103421
+79836103443
+79836103527
+79836103633
+79836103694
+79836103736
+79135601960
+79135607534
+79135607586
+79135607598
+79135607616
+79135607642
+79135607650
+79135607965
+79135608038
+79135608215
+79830773149
+79830776332
+79830776514
+79830777134
+79830777168
+79830777341
+79830755402
+79830755863
+79135330215
+79135332159
+79135070467
+79135070562
+79135070859
+79135070950
+79135071051
+79135071238
+79135071297
+79135071320
+79135071433
+79135071545
+79835000309
+79835000788
+79835000975
+79835002794
+79835005856
+79835007742
+79835008761
+79835008842
+79835008875
+79835009158
+79135701937
+79135701962
+79135701967
+79135701969
+79135702046
+79135702073
+79135702093
+79135702104
+79135702114
+79135702132
+79830773149
+79830776332
+79830776514
+79830777134
+79830777168
+79830777341
+79831500626
+79831501292
+79831501294
+79831501352
+79832903123
+79832905174
+79832905245
+79832906793
+79832907814
+79832907876
+79832908028
+79832908148
+79832908644
+79832909768
+79836102556
+79836102576
+79836102771
+79836102958
+79836103421
+79836103443
+79836103527
+79836103633
+79836103694
+79836103736
+79135095244
+79831602219
+79831602637
+79831602987
+79831603281
+79831604180
+79831604203
+79831604427
+79831604945
+79831605168
+79835000309
+79835000788
+79835000975
+79835002794
+79835005856
+79835007742
+79835008761
+79835008842
+79835008875
+79835009158
+79835990209
+79835993365
+79835995711
+79835995854
+79835999136
+79835999178
+79835999276
+79130360136
+79130366058
+79130366073
+79131801935
+79131801945
+79131802167
+79131802271
+79131802881
+79131802995
+79131803799
+79131803952
+79131803971
+79131803972
+79832903123
+79832905174
+79832905245
+79832906793
+79832907814
+79832907876
+79832908028
+79832908148
+79832908644
+79832909768
+79830773149
+79830776332
+79830776514
+79830777134
+79830777168
+79830777341
+79835000309
+79835000788
+79835000975
+79835002794
+79833601036
+79833602852
+79833603115
+79833603149
+79833603259
+79833603281
+79833603405
+79833603413
+79833603415
+79833603420
+79830505185
+79831500626
+79831501292
+79831501294
+79831501352
+79831501484
+79831502317
+79831502319
+79831502588
+79831506602
+79832000152
+79832001740
+79832002547
+79832003364
+79832004929
+79832005613
+79832007234
+79832007294
+79832007623
+79832007793
+79832000152
+79832001740
+79832002547
+79832003364
+79832004929
+79832005613
+79832007234
+79832007294
+79832007623
+79832007793
+79135270692
+79135272014
+79135272261
+79135272281
+79135272452
+79135272542
+79135272847
+79135273061
+79135273408
+79135273436
+79135903688
+79135906637
+79135906751
+79135907630
+79135907841
+79135909589
+79135909681
+79135909898
+79135910272
+79135910326
+79831400572
+79831401676
+79831401883
+79831401893
+79831401928
+79831403364
+79831403412
+79831403426
+79831403431
+79831403441
+79135903688
+79135906637
+79135906751
+79135907630
+79135907841
+79135909589
+79135909681
+79135909898
+79135910272
+79135910326
+79138300162
+79138300776
+79138301320
+79138301901
+79138303432
+79138304022
+79138304053
+79138304199
+79138304280
+79138304634
+79830554834
+79830555446
+79830556679
+79135102479
+79135104659
+79135106370
+79135106558
+79135106561
+79135106562
+79135106574
+79835990209
+79835993365
+79835995711
+79835995854
+79835999136
+79835999178
+79835999276
+79131700120
+79131702619
+79131702856
+79131900708
+79131903163
+79131903623
+79131903669
+79131903767
+79131904152
+79131904508
+79131907456
+79131907976
+79131908067
+79131900708
+79131903163
+79131903623
+79131903669
+79131903767
+79131904152
+79131904508
+79131907456
+79131907976
+79131908067
+79131900708
+79131903163
+79131903623
+79131903669
+79131903767
+79131904152
+79131904508
+79131907456
+79131907976
+79131908067
+79135501658
+79135501670
+79135501995
+79135502213
+79135502560
+79135503151
+79135503902
+79135504518
+79135505084
+79135505247
+79832903123
+79832905174
+79832905245
+79832906793
+79832907814
+79832907876
+79832908028
+79832908148
+79832908644
+79832909768
+79836102556
+79836102576
+79836102771
+79836102958
+79836103421
+79836103443
+79836103527
+79836103633
+79836103694
+79836103736
+79130404150
+79130404152
+79130404153
+79130404155
+79130404157
+79130404160
+79130404162
+79130404163
+79130404169
+79130404170
+79131801935
+79131801945
+79131802167
+79131802271
+79131802881
+79131802995
+79131803799
+79131803952
+79131803971
+79131803972
+79135330215
+79135332159
+79135332238
+79135332290
+79135332566
+79135333072
+79135333236
+79135333459
+79135334156
+79135334169
+79135601960
+79135607534
+79135607586
+79135607598
+79135607616
+79135607642
+79135607650
+79135607965
+79135608038
+79135608215
+79131700120
+79131702619
+79131702856
+79131706892
+79131707248
+79131709523
+79131709711
+79131710445
+79131711154
+79131711164
+79833601036
+79833602852
+79833603115
+79833603149
+79833603259
+79833603281
+79833603405
+79833603413
+79833603415
+79833603420
+79130360136
+79130366058
+79130366073
+79130366074
+79130366078
+79130366087
+79130366088
+79130366103
+79130366104
+79130366106
+79130404150
+79130404152
+79130404153
+79130404155
+79130404157
+79130404160
+79130404162
+79130404163
+79130404169
+79130404170
+79130404150
+79130404152
+79130404153
+79130404155
+79130404157
+79130404160
+79130404162
+79130404163
+79130404169
+79130404170
+79135601960
+79135607534
+79135607586
+79135607598
+79135607616
+79135607642
+79135607650
+79135607965
+79135608038
+79135608215
+79835000309
+79835000788
+79835000975
+79835002794
+79835005856
+79835007742
+79835008761
+79835008842
+79835008875
+79835009158
+79135800597
+79135801389
+79135801446
+79135801460
+79135801716
+79135802085
+79135802273
+79135802375
+79135802382
+79135802544
+79830505185
+79135701937
+79135701962
+79135701967
+79135701969
+79135702046
+79135702073
+79135702093
+79135702104
+79135702114
+79835725157
+79835726134
+79835726179
+79835726182
+79835726185
+79835726187
+79835726208
+79835726236
+79835726245
+79835726264
+79832000152
+79832001740
+79832002547
+79832003364
+79832004929
+79832005613
+79832007234
+79832007294
+79832007623
+79832007793
+79835725157
+79835726134
+79835726179
+79835726182
+79835726185
+79835726187
+79835726208
+79835726236
+79835726245
+79835726264
+79135330215
+79135332159
+79135332238
+79135332290
+79135332566
+79135333072
+79135333236
+79135333459
+79135334156
+79135334169
+79135270692
+79135272014
+79135272261
+79135272281
+79135272452
+79135272542
+79135272847
+79135273061
+79135273408
+79135273436
+79832656132
+79832656206
+79832656273
+79832656393
+79832656779
+79832657028
+79832657147
+79832657165
+79832657293
+79832657342
+79135601960
+79135607534
+79135607586
+79135607598
+79135607616
+79135607642
+79135607650
+79135607965
+79135608038
+79135608215
+79135095244
+79832803427
+79832803498
+79832803714
+79832803865
+79832804160
+79832804177
+79832805876
+79832805892
+79832805893
+79836102556
+79836102576
+79836102771
+79836102958
+79836103421
+79836103443
+79836103527
+79836103633
+79836103694
+79836103736
+79131700120
+79131702619
+79131702856
+79131706892
+79131707248
+79131709523
+79131709711
+79131710445
+79131711154
+79131711164
+79830554834
+79830555446
+79830556679
+79138300162
+79138300776
+79138301320
+79138301901
+79138303432
+79138304022
+79138304053
+79832000152
+79832001740
+79832002547
+79832003364
+79832004929
+79832005613
+79832007234
+79832007294
+79832007623
+79832007793
+79131801935
+79131801945
+79131802167
+79131802271
+79131802881
+79131802995
+79131803799
+79131803952
+79131803971
+79131803972
+79135601960
+79135607534
+79135607586
+79135607598
+79135607616
+79135607642
+79135607650
+79135607965
+79135608038
+79135608215
+79832656132
+79832656206
+79832656273
+79832656393
+79832656779
+79832657028
+79832657147
+79832657165
+79832657293
+79832657342
+79832656132
+79832656206
+79832656273
+79832656393
+79832656779
+79832657028
+79832657147
+79832657165
+79832657293
+79832657342
+79131801935
+79131801945
+79131802167
+79131802271
+79131802881
+79131802995
+79131803799
+79131803952
+79131803971
+79131803972
+79831400572
+79831401676
+79831401883
+79831401893
+79831401928
+79831403364
+79831403412
+79831403426
+79831403431
+79831403441
+79830773149
+79830776332
+79830776514
+79830777134
+79830777168
+79830777341
+79835725157
+79835726134
+79835726179
+79835726182
+79131700120
+79131702619
+79131702856
+79131706892
+79131707248
+79131709523
+79131709711
+79131710445
+79131711154
+79131711164
+79130360136
+79130366058
+79130366073
+79130366074
+79130366078
+79130366087
+79130366088
+79130366103
+79130366104
+79130366106
+79138300162
+79138300776
+79138301320
+79138301901
+79138303432
+79138304022
+79138304053
+79138304199
+79138304280
+79138304634
+79830554834
+79830555446
+79830556679
+79135601960
+79135607534
+79135607586
+79135607598
+79135607616
+79135607642
+79135607650
+79835000309
+79835000788
+79835000975
+79835002794
+79835005856
+79835007742
+79835008761
+79835008842
+79835008875
+79835009158
+79831602219
+79831602637
+79831602987
+79831603281
+79831604180
+79831604203
+79831604427
+79831604945
+79831605168
+79831605347
+79131900708
+79131903163
+79131903623
+79131903669
+79131903767
+79131904152
+79131904508
+79131907456
+79131907976
+79131908067
+79835000309
+79835000788
+79835000975
+79835002794
+79835005856
+79835007742
+79835008761
+79835008842
+79835008875
+79835009158
+79135903688
+79135906637
+79135906751
+79135907630
+79135907841
+79135909589
+79135909681
+79135909898
+79135910272
+79135910326
+79836102556
+79836102576
+79836102771
+79836102958
+79836103421
+79836103443
+79836103527
+79836103633
+79836103694
+79836103736
+79835725157
+79835726134
+79835726179
+79835726182
+79835726185
+79835726187
+79835726208
+79835726236
+79835726245
+79835726264
+79830755402
+79830755863
+79832000152
+79832001740
+79832002547
+79832003364
+79832004929
+79832005613
+79832007234
+79832007294
+79832656132
+79832656206
+79832656273
+79832656393
+79832656779
+79832657028
+79832657147
+79832657165
+79832657293
+79832657342
+79832000152
+79832001740
+79832002547
+79832003364
+79832004929
+79832005613
+79832007234
+79832007294
+79832007623
+79832007793
+79830505185
+79135601960
+79135607534
+79135607586
+79135607598
+79135607616
+79135607642
+79135607650
+79135607965
+79135608038
+79135903688
+79135906637
+79135906751
+79135907630
+79135907841
+79135909589
+79135909681
+79135909898
+79135910272
+79135910326
+79135070467
+79135070562
+79135070859
+79135070950
+79135071051
+79135071238
+79135071297
+79135071320
+79135071433
+79135071545
+79138300162
+79138300776
+79138301320
+79138301901
+79138303432
+79138304022
+79138304053
+79138304199
+79138304280
+79138304634
+79830773149
+79830776332
+79830776514
+79830777134
+79830777168
+79830777341
+79832000152
+79832001740
+79832002547
+79832003364
+79832803427
+79832803498
+79832803714
+79832803865
+79832804160
+79832804177
+79832805876
+79832805892
+79832805893
+79832805954
+79135209862
+79135210571
+79135211461
+79135211498
+79135211618
+79135211714
+79135212028
+79135213676
+79135213916
+79135214059
+79830505185
+79135102479
+79135104659
+79135106370
+79135106558
+79135106561
+79135106562
+79135106574
+79135106589
+79135106592
+79135601960
+79135607534
+79135607586
+79135607598
+79135607616
+79135607642
+79135607650
+79135607965
+79135608038
+79135608215
+79135501658
+79135501670
+79135501995
+79135502213
+79135502560
+79135503151
+79135503902
+79135504518
+79135505084
+79135505247
+79835000309
+79835000788
+79835000975
+79835002794
+79835005856
+79835007742
+79835008761
+79835008842
+79835008875
+79835009158
+79130360136
+79130366058
+79130366073
+79130366074
+79130366078
+79130366087
+79130366088
+79130366103
+79130366104
+79130366106
+79135102479
+79135104659
+79135106370
+79135106558
+79135106561
+79135106562
+79135106574
+79135106589
+79135106592
+79135106594
+79135070467
+79135070562
+79135070859
+79135070950
+79135071051
+79135071238
+79135071297
+79135071320
+79135071433
+79135071545
+79830505185
+79835725157
+79835726134
+79835726179
+79835726182
+79835726185
+79835726187
+79835726208
+79835726236
+79835726245
+79836102556
+79836102576
+79836102771
+79836102958
+79836103421
+79836103443
+79836103527
+79836103633
+79836103694
+79836103736
+79135501658
+79135501670
+79135501995
+79135502213
+79135502560
+79135503151
+79135503902
+79135504518
+79135505084
+79135505247
+79135102479
+79135104659
+79135106370
+79135106558
+79135106561
+79135106562
+79135106574
+79135106589
+79135106592
+79135106594
+79831500626
+79831501292
+79831501294
+79831501352
+79831501484
+79831502317
+79831502319
+79831502588
+79831506602
+79831506809
+79832656132
+79832656206
+79832656273
+79832656393
+79832656779
+79832657028
+79832657147
+79832657165
+79832657293
+79832657342
+79131900708
+79131903163
+79131903623
+79131903669
+79131903767
+79131904152
+79131904508
+79131907456
+79131907976
+79131908067
+79830755402
+79830755863
+79832803427
+79832803498
+79832803714
+79832803865
+79832804160
+79832804177
+79832805876
+79832805892
+79135070467
+79135070562
+79135070859
+79135070950
+79135071051
+79135071238
+79135071297
+79135071320
+79135071433
+79135071545
+79831400572
+79831401676
+79831401883
+79831401893
+79831401928
+79831403364
+79831403412
+79831403426
+79831403431
+79831403441
+79135270692
+79135272014
+79135272261
+79135272281
+79135272452
+79135272542
+79135272847
+79135273061
+79135273408
+79135273436
+79830773149
+79830776332
+79830776514
+79830777134
+79830777168
+79830777341
+79830505185
+79830700194
+79830700351
+79830700361
+79135330215
+79135332159
+79135332238
+79135332290
+79135332566
+79135333072
+79135333236
+79135333459
+79135334156
+79135334169
+79832000152
+79832001740
+79832002547
+79832003364
+79832004929
+79832005613
+79832007234
+79832007294
+79832007623
+79832007793
+79135701937
+79135701962
+79135701967
+79135701969
+79135702046
+79135702073
+79135702093
+79135702104
+79135702114
+79135702132
+79135102479
+79135104659
+79135106370
+79135106558
+79135106561
+79135106562
+79135106574
+79135106589
+79135106592
+79135106594
+79135903688
+79135906637
+79135906751
+79135907630
+79135907841
+79135909589
+79135909681
+79135909898
+79135910272
+79135910326
+79830505185
+79131700120
+79131702619
+79131702856
+79131706892
+79131707248
+79131709523
+79131709711
+79131710445
+79131711154
+79830505185
+79830554834
+79830555446
+79830556679
+79832656132
+79832656206
+79832656273
+79832656393
+79832656779
+79832657028
+79135800597
+79135801389
+79135801446
+79135801460
+79135801716
+79135802085
+79135802273
+79135802375
+79135802382
+79135802544
+79135903688
+79135906637
+79135906751
+79135907630
+79135907841
+79135909589
+79135909681
+79135909898
+79135910272
+79135910326
+79832803427
+79832803498
+79832803714
+79832803865
+79832804160
+79832804177
+79832805876
+79832805892
+79832805893
+79832805954
+79830505185
+79830700194
+79830700351
+79830700361
+79830700395
+79830700398
+79830700424
+79830700439
+79830700476
+79830700478
+79836102556
+79836102576
+79836102771
+79836102958
+79836103421
+79836103443
+79836103527
+79836103633
+79836103694
+79836103736
+79832656132
+79832656206
+79832656273
+79832656393
+79832656779
+79832657028
+79832657147
+79832657165
+79832657293
+79832657342
+79832903123
+79832905174
+79832905245
+79832906793
+79832907814
+79832907876
+79832908028
+79832908148
+79832908644
+79832909768
+79835725157
+79835726134
+79835726179
+79835726182
+79835726185
+79835726187
+79835726208
+79835726236
+79835726245
+79835726264
+79135102479
+79135104659
+79135106370
+79135106558
+79135106561
+79135106562
+79135106574
+79135106589
+79135106592
+79135106594
+79135501658
+79135501670
+79135501995
+79135502213
+79135502560
+79135503151
+79135503902
+79135504518
+79135505084
+79135505247
+79135209862
+79135210571
+79135211461
+79135211498
+79135211618
+79135211714
+79135212028
+79135213676
+79135213916
+79135214059
+79830505185
+79832000152
+79832001740
+79832002547
+79832003364
+79832004929
+79832005613
+79832007234
+79832007294
+79832007623
+79830755402
+79830755863
+79135601960
+79135607534
+79135607586
+79135607598
+79135607616
+79135607642
+79135607650
+79135607965
+79832903123
+79832905174
+79832905245
+79832906793
+79832907814
+79832907876
+79832908028
+79832908148
+79832908644
+79832909768
+79831500626
+79831501292
+79831501294
+79831501352
+79831501484
+79831502317
+79831502319
+79831502588
+79831506602
+79831506809
+79135102479
+79135104659
+79135106370
+79135106558
+79135106561
+79135106562
+79135106574
+79135106589
+79135106592
+79135106594
+79836102556
+79836102576
+79836102771
+79836102958
+79836103421
+79836103443
+79836103527
+79836103633
+79836103694
+79836103736
+79135270692
+79135272014
+79135272261
+79135272281
+79135272452
+79135272542
+79135272847
+79135273061
+79135273408
+79135273436
+79135102479
+79135104659
+79135106370
+79135106558
+79135106561
+79135106562
+79135106574
+79135106589
+79135106592
+79135106594
+79135270692
+79135272014
+79135272261
+79135272281
+79135272452
+79135272542
+79135272847
+79135273061
+79135273408
+79135273436
+79135102479
+79135104659
+79135106370
+79135106558
+79135106561
+79135106562
+79135106574
+79135106589
+79135106592
+79135106594
+79835990209
+79835993365
+79835995711
+79835995854
+79835999136
+79835999178
+79835999276
+79833601036
+79833602852
+79833603115
+79835000309
+79835000788
+79835000975
+79835002794
+79835005856
+79835007742
+79835008761
+79835008842
+79835008875
+79835009158
+79830505185
+79135070467
+79135070562
+79135070859
+79135070950
+79135071051
+79135071238
+79135071297
+79135071320
+79135071433
+79832903123
+79832905174
+79832905245
+79832906793
+79832907814
+79832907876
+79832908028
+79832908148
+79832908644
+79832909768
+79830755402
+79830755863
+79135270692
+79135272014
+79135272261
+79135272281
+79135272452
+79135272542
+79135272847
+79135273061
