+79125201867
+79125202011
+79125202042
+79125202045
+79125202054
+79125202072
+79125202083
+79125202089
+79125202108
+79125202110
+79195600071
+79195600241
+79195601292
+79195601322
+79195601404
+79195601435
+79195601451
+79195601520
+79195601583
+79195601629
+79828000379
+79828000853
+79828000857
+79828000893
+79828002459
+79828002817
+79828002818
+79828002832
+79828002854
+79828002896
+79125706843
+79125706847
+79125706852
+79125706857
+79125706894
+79125706922
+79125706932
+79125706936
+79125706939
+79125706944
+79195700552
+79195700601
+79195700856
+79195700967
+79195701110
+79195701311
+79195701338
+79195701408
+79195701444
+79195701451
+79195700552
+79195700601
+79195700856
+79195700967
+79195701110
+79195701311
+79195701338
+79195701408
+79195701444
+79195701451
+79828000379
+79828000853
+79828000857
+79828000893
+79828002459
+79828002817
+79828002818
+79828002832
+79828002854
+79828002896
+79823951799
+79823951956
+79823952091
+79823952093
+79823952103
+79823952144
+79823952167
+79823952186
+79823952198
+79823952201
+79195800318
+79195800503
+79195800679
+79195800757
+79195800924
+79195800931
+79195801462
+79195801742
+79195802140
+79195802503
+79824208098
+79824208599
+79824209414
+79824209430
+79824209536
+79824209976
+79824209990
+79824209992
+79824209993
+79824209994
+79195800318
+79195800503
+79195800679
+79195800757
+79195800924
+79195800931
+79195801462
+79195801742
+79195802140
+79195802503
+79128303507
+79128304180
+79128305265
+79128305287
+79128305567
+79128305579
+79128305982
+79128305985
+79128306002
+79128306437
+79823951799
+79823951956
+79823952091
+79823952093
+79823952103
+79823952144
+79823952167
+79823952186
+79823952198
+79823952201
+79125201867
+79125202011
+79125202042
+79125202045
+79125202054
+79125202072
+79125202083
+79125202089
+79125202108
+79125202110
+79195600071
+79195600241
+79195601292
+79195601322
+79195601404
+79195601435
+79195601451
+79195601520
+79195601583
+79195601629
+79128303507
+79128304180
+79128305265
+79128305287
+79128305567
+79128305579
+79128305982
+79128305985
+79128306002
+79128306437
+79129706465
+79129706841
+79129707198
+79129707826
+79129707856
+79129707864
+79129708001
+79129708169
+79129708190
+79129708272
+79129706465
+79129706841
+79129707198
+79129707826
+79129707856
+79129707864
+79129708001
+79129708169
+79129708190
+79129708272
+79195800318
+79195800503
+79195800679
+79195800757
+79195800924
+79195800931
+79195801462
+79195801742
+79195802140
+79195802503
+79195700552
+79195700601
+79195700856
+79195700967
+79195701110
+79195701311
+79195701338
+79195701408
+79195701444
+79195701451
+79120631245
+79120631282
+79120631286
+79120631288
+79120631289
+79120631290
+79120631292
+79120631294
+79120631295
+79120631296
+79195600071
+79195600241
+79195601292
+79195601322
+79195601404
+79195601435
+79195601451
+79195601520
+79195601583
+79195601629
+79828000379
+79828000853
+79828000857
+79828000893
+79828002459
+79828002817
+79828002818
+79828002832
+79828002854
+79828002896
+79129706465
+79129706841
+79129707198
+79129707826
+79129707856
+79129707864
+79129708001
+79129708169
+79129708190
+79129708272
+79195800318
+79195800503
+79195800679
+79195800757
+79195800924
+79195800931
+79195801462
+79195801742
+79195802140
+79195802503
+79195903180
+79195903183
+79195903189
+79195903194
+79195903196
+79195903198
+79195903208
+79195903211
+79195903213
+79195903216
+79195903180
+79195903183
+79195903189
+79195903194
+79195903196
+79195903198
+79195903208
+79195903211
+79195903213
+79195903216
+79125201867
+79125202011
+79125202042
+79125202045
+79125202054
+79125202072
+79125202083
+79125202089
+79125202108
+79125202110
+79125201867
+79125202011
+79125202042
+79125202045
+79125202054
+79125202072
+79125202083
+79125202089
+79125202108
+79125202110
+79125201867
+79125202011
+79125202042
+79125202045
+79125202054
+79125202072
+79125202083
+79125202089
+79125202108
+79125202110
+79195800318
+79195800503
+79195800679
+79195800757
+79195800924
+79195800931
+79195801462
+79195801742
+79195802140
+79195802503
+79195600071
+79195600241
+79195601292
+79195601322
+79195601404
+79195601435
+79195601451
+79195601520
+79195601583
+79195601629
+79195700552
+79195700601
+79195700856
+79195700967
+79195701110
+79195701311
+79195701338
+79195701408
+79195701444
+79195701451
+79195903180
+79195903183
+79195903189
+79195903194
+79195903196
+79195903198
+79195903208
+79195903211
+79195903213
+79195903216
+79120631245
+79120631282
+79120631286
+79120631288
+79120631289
+79120631290
+79120631292
+79120631294
+79120631295
+79120631296
+79824208098
+79824208599
+79824209414
+79824209430
+79824209536
+79824209976
+79824209990
+79824209992
+79824209993
+79824209994
+79195800318
+79195800503
+79195800679
+79195800757
+79195800924
+79195800931
+79195801462
+79195801742
+79195802140
+79195802503
+79195903180
+79195903183
+79195903189
+79195903194
+79195903196
+79195903198
+79195903208
+79195903211
+79195903213
+79195903216
+79129706465
+79129706841
+79129707198
+79129707826
+79129707856
+79129707864
+79129708001
+79129708169
+79129708190
+79129708272
+79129706465
+79129706841
+79129707198
+79129707826
+79129707856
+79129707864
+79129708001
+79129708169
+79129708190
+79129708272
+79125201867
+79125202011
+79125202042
+79125202045
+79125202054
+79125202072
+79125202083
+79125202089
+79125202108
+79125202110
+79195600071
+79195600241
+79195601292
+79195601322
+79195601404
+79195601435
+79195601451
+79195601520
+79195601583
+79195601629
+79195903180
+79195903183
+79195903189
+79195903194
+79195903196
+79195903198
+79195903208
+79195903211
+79195903213
+79195903216
+79823951799
+79823951956
+79823952091
+79823952093
+79823952103
+79823952144
+79823952167
+79823952186
+79823952198
+79823952201
+79823951799
+79823951956
+79823952091
+79823952093
+79823952103
+79823952144
+79823952167
+79823952186
+79823952198
+79823952201
+79828000379
+79828000853
+79828000857
+79828000893
+79828002459
+79828002817
+79828002818
+79828002832
+79828002854
+79828002896
+79824208098
+79824208599
+79824209414
+79824209430
+79824209536
+79824209976
+79824209990
+79824209992
+79824209993
+79824209994
+79195800318
+79195800503
+79195800679
+79195800757
+79195800924
+79195800931
+79195801462
+79195801742
+79195802140
+79195802503
+79823951799
+79823951956
+79823952091
+79823952093
+79823952103
+79823952144
+79823952167
+79823952186
+79823952198
+79823952201
+79195903180
+79195903183
+79195903189
+79195903194
+79195903196
+79195903198
+79195903208
+79195903211
+79195903213
+79195903216
+79129706465
+79129706841
+79129707198
+79129707826
+79129707856
+79129707864
+79129708001
+79129708169
+79129708190
+79129708272
+79125706843
+79125706847
+79125706852
+79125706857
+79125706894
+79125706922
+79125706932
+79125706936
+79125706939
+79125706944
+79129706465
+79129706841
+79129707198
+79129707826
+79129707856
+79129707864
+79129708001
+79129708169
+79129708190
+79129708272
+79824208098
+79824208599
+79824209414
+79824209430
+79824209536
+79824209976
+79824209990
+79824209992
+79824209993
+79824209994
+79195800318
+79195800503
+79195800679
+79195800757
+79195800924
+79195800931
+79195801462
+79195801742
+79195802140
+79195802503
+79823951799
+79823951956
+79823952091
+79823952093
+79823952103
+79823952144
+79823952167
+79823952186
+79823952198
+79823952201
+79125706843
+79125706847
+79125706852
+79125706857
+79125706894
+79125706922
+79125706932
+79125706936
+79125706939
+79125706944
+79824208098
+79824208599
+79824209414
+79824209430
+79824209536
+79824209976
+79824209990
+79824209992
+79824209993
+79824209994
+79195800318
+79195800503
+79195800679
+79195800757
+79195800924
+79195800931
+79195801462
+79195801742
+79195802140
+79195802503
+79195600071
+79195600241
+79195601292
+79195601322
+79195601404
+79195601435
+79195601451
+79195601520
+79195601583
+79195601629
+79195600071
+79195600241
+79195601292
+79195601322
+79195601404
+79195601435
+79195601451
+79195601520
+79195601583
+79195601629
+79195600071
+79195600241
+79195601292
+79195601322
+79195601404
+79195601435
+79195601451
+79195601520
+79195601583
+79195601629
+79195800318
+79195800503
+79195800679
+79195800757
+79195800924
+79195800931
+79195801462
+79195801742
+79195802140
+79195802503
+79129706465
+79129706841
+79129707198
+79129707826
+79129707856
+79129707864
+79129708001
+79129708169
+79129708190
+79129708272
+79195600071
+79195600241
+79195601292
+79195601322
+79195601404
+79195601435
+79195601451
+79195601520
+79195601583
+79195601629
+79125706843
+79125706847
+79125706852
+79125706857
+79125706894
+79125706922
+79125706932
+79125706936
+79125706939
+79125706944
+79125201867
+79125202011
+79125202042
+79125202045
+79125202054
+79125202072
+79125202083
+79125202089
+79125202108
+79125202110
+79195700552
+79195700601
+79195700856
+79195700967
+79195701110
+79195701311
+79195701338
+79195701408
+79195701444
+79195701451
+79823951799
+79823951956
+79823952091
+79823952093
+79823952103
+79823952144
+79823952167
+79823952186
+79823952198
+79823952201
+79120631245
+79120631282
+79120631286
+79120631288
+79120631289
+79120631290
+79120631292
+79120631294
+79120631295
+79120631296
+79828000379
+79828000853
+79828000857
+79828000893
+79828002459
+79828002817
+79828002818
+79828002832
+79828002854
+79828002896
+79120631245
+79120631282
+79120631286
+79120631288
+79120631289
+79120631290
+79120631292
+79120631294
+79120631295
+79120631296
+79195600071
+79195600241
+79195601292
+79195601322
+79195601404
+79195601435
+79195601451
+79195601520
+79195601583
+79195601629
+79195600071
+79195600241
+79195601292
+79195601322
+79195601404
+79195601435
+79195601451
+79195601520
+79195601583
+79195601629
+79828000379
+79828000853
+79828000857
+79828000893
+79828002459
+79828002817
+79828002818
+79828002832
+79828002854
+79828002896
+79129706465
+79129706841
+79129707198
+79129707826
+79129707856
+79129707864
+79129708001
+79129708169
+79129708190
+79129708272
+79125201867
+79125202011
+79125202042
+79125202045
+79125202054
+79125202072
+79125202083
+79125202089
+79125202108
+79125202110
+79195600071
+79195600241
+79195601292
+79195601322
+79195601404
+79195601435
+79195601451
+79195601520
+79195601583
+79195601629
+79824208098
+79824208599
+79824209414
+79824209430
+79824209536
+79824209976
+79824209990
+79824209992
+79824209993
+79824209994
+79195800318
+79195800503
+79195800679
+79195800757
+79195800924
+79195800931
+79195801462
+79195801742
+79195802140
+79195802503
+79195903180
+79195903183
+79195903189
+79195903194
+79195903196
+79195903198
+79195903208
+79195903211
+79195903213
+79195903216
+79828000379
+79828000853
+79828000857
+79828000893
+79828002459
+79828002817
+79828002818
+79828002832
+79828002854
+79828002896
+79823951799
+79823951956
+79823952091
+79823952093
+79823952103
+79823952144
+79823952167
+79823952186
+79823952198
+79823952201
+79129706465
+79129706841
+79129707198
+79129707826
+79129707856
+79129707864
+79129708001
+79129708169
+79129708190
+79129708272
+79824208098
+79824208599
+79824209414
+79824209430
+79824209536
+79824209976
+79824209990
+79824209992
+79824209993
+79824209994
+79828000379
+79828000853
+79828000857
+79828000893
+79828002459
+79828002817
+79828002818
+79828002832
+79828002854
+79828002896
+79120631245
+79120631282
+79120631286
+79120631288
+79120631289
+79120631290
+79120631292
+79120631294
+79120631295
+79120631296
+79125706843
+79125706847
+79125706852
+79125706857
+79125706894
+79125706922
+79125706932
+79125706936
+79125706939
+79125706944
+79129706465
+79129706841
+79129707198
+79129707826
+79129707856
+79129707864
+79129708001
+79129708169
+79129708190
+79129708272
+79828000379
+79828000853
+79828000857
+79828000893
+79828002459
+79828002817
+79828002818
+79828002832
+79828002854
+79828002896
+79125706843
+79125706847
+79125706852
+79125706857
+79125706894
+79125706922
+79125706932
+79125706936
+79125706939
+79125706944
+79824208098
+79824208599
+79824209414
+79824209430
+79824209536
+79824209976
+79824209990
+79824209992
+79824209993
+79824209994
+79128303507
+79128304180
+79128305265
+79128305287
+79128305567
+79128305579
+79128305982
+79128305985
+79128306002
+79128306437
+79195700552
+79195700601
+79195700856
+79195700967
+79195701110
+79195701311
+79195701338
+79195701408
+79195701444
+79195701451
+79824208098
+79824208599
+79824209414
+79824209430
+79824209536
+79824209976
+79824209990
+79824209992
+79824209993
+79824209994
+79120631245
+79120631282
+79120631286
+79120631288
+79120631289
+79120631290
+79120631292
+79120631294
+79120631295
+79120631296
+79824208098
+79824208599
+79824209414
+79824209430
+79824209536
+79824209976
+79824209990
+79824209992
+79824209993
+79824209994
+79125706843
+79125706847
+79125706852
+79125706857
+79125706894
+79125706922
+79125706932
+79125706936
+79125706939
+79125706944
+79195600071
+79195600241
+79195601292
+79195601322
+79195601404
+79195601435
+79195601451
+79195601520
+79195601583
+79195601629
+79195700552
+79195700601
+79195700856
+79195700967
+79195701110
+79195701311
+79195701338
+79195701408
+79195701444
+79195701451
+79195600071
+79195600241
+79195601292
+79195601322
+79195601404
+79195601435
+79195601451
+79195601520
+79195601583
+79195601629
+79195700552
+79195700601
+79195700856
+79195700967
+79195701110
+79195701311
+79195701338
+79195701408
+79195701444
+79195701451
+79195600071
+79195600241
+79195601292
+79195601322
+79195601404
+79195601435
+79195601451
+79195601520
+79195601583
+79195601629
+79195800318
+79195800503
+79195800679
+79195800757
+79195800924
+79195800931
+79195801462
+79195801742
+79195802140
+79195802503
+79120631245
+79120631282
+79120631286
+79120631288
+79120631289
+79120631290
+79120631292
+79120631294
+79120631295
+79120631296
+79125706843
+79125706847
+79125706852
+79125706857
+79125706894
+79125706922
+79125706932
+79125706936
+79125706939
+79125706944
+79125706843
+79125706847
+79125706852
+79125706857
+79125706894
+79125706922
+79125706932
+79125706936
+79125706939
+79125706944
+79129706465
+79129706841
+79129707198
+79129707826
+79129707856
+79129707864
+79129708001
+79129708169
+79129708190
+79129708272
+79195700552
+79195700601
+79195700856
+79195700967
+79195701110
+79195701311
+79195701338
+79195701408
+79195701444
+79195701451
+79828000379
+79828000853
+79828000857
+79828000893
+79828002459
+79828002817
+79828002818
+79828002832
+79828002854
+79828002896
+79128303507
+79128304180
+79128305265
+79128305287
+79128305567
+79128305579
+79128305982
+79128305985
+79128306002
+79128306437
+79828000379
+79828000853
+79828000857
+79828000893
+79828002459
+79828002817
+79828002818
+79828002832
+79828002854
+79828002896
+79128303507
+79128304180
+79128305265
+79128305287
+79128305567
+79128305579
+79128305982
+79128305985
+79128306002
+79128306437
+79129706465
+79129706841
+79129707198
+79129707826
+79129707856
+79129707864
+79129708001
+79129708169
+79129708190
+79129708272
+79824208098
+79824208599
+79824209414
+79824209430
+79824209536
+79824209976
+79824209990
+79824209992
+79824209993
+79824209994
+79195903180
+79195903183
+79195903189
+79195903194
+79195903196
+79195903198
+79195903208
+79195903211
+79195903213
+79195903216
+79195700552
+79195700601
+79195700856
+79195700967
+79195701110
+79195701311
+79195701338
+79195701408
+79195701444
+79195701451
+79195600071
+79195600241
+79195601292
+79195601322
+79195601404
+79195601435
+79195601451
+79195601520
+79195601583
+79195601629
+79125706843
+79125706847
+79125706852
+79125706857
+79125706894
+79125706922
+79125706932
+79125706936
+79125706939
+79125706944
+79823951799
+79823951956
+79823952091
+79823952093
+79823952103
+79823952144
+79823952167
+79823952186
+79823952198
+79823952201
+79120631245
+79120631282
+79120631286
+79120631288
+79120631289
+79120631290
+79120631292
+79120631294
+79120631295
+79120631296
+79824208098
+79824208599
+79824209414
+79824209430
+79824209536
+79824209976
+79824209990
+79824209992
+79824209993
+79824209994
+79195903180
+79195903183
+79195903189
+79195903194
+79195903196
+79195903198
+79195903208
+79195903211
+79195903213
+79195903216
+79195800318
+79195800503
+79195800679
+79195800757
+79195800924
+79195800931
+79195801462
+79195801742
+79195802140
+79195802503
+79828000379
+79828000853
+79828000857
+79828000893
+79828002459
+79828002817
+79828002818
+79828002832
+79828002854
+79828002896
+79125706843
+79125706847
+79125706852
+79125706857
+79125706894
+79125706922
+79125706932
+79125706936
+79125706939
+79125706944
+79195700552
+79195700601
+79195700856
+79195700967
+79195701110
+79195701311
+79195701338
+79195701408
+79195701444
+79195701451
+79195600071
+79195600241
+79195601292
+79195601322
+79195601404
+79195601435
+79195601451
+79195601520
+79195601583
+79195601629
+79128303507
+79128304180
+79128305265
+79128305287
+79128305567
+79128305579
+79128305982
+79128305985
+79128306002
+79128306437
+79125201867
+79125202011
+79125202042
+79125202045
+79125202054
+79125202072
+79125202083
+79125202089
+79125202108
+79125202110
+79195903180
+79195903183
+79195903189
+79195903194
+79195903196
+79195903198
+79195903208
+79195903211
+79195903213
+79195903216
+79120631245
+79120631282
+79120631286
+79120631288
+79120631289
+79120631290
+79120631292
+79120631294
+79120631295
+79120631296
+79823951799
+79823951956
+79823952091
+79823952093
+79823952103
+79823952144
+79823952167
+79823952186
+79823952198
+79823952201
+79824208098
+79824208599
+79824209414
+79824209430
+79824209536
+79824209976
+79824209990
+79824209992
+79824209993
+79824209994
+79129706465
+79129706841
+79129707198
+79129707826
+79129707856
+79129707864
+79129708001
+79129708169
+79129708190
+79129708272
+79828000379
+79828000853
+79828000857
+79828000893
+79828002459
+79828002817
+79828002818
+79828002832
+79828002854
+79828002896
+79824208098
+79824208599
+79824209414
+79824209430
+79824209536
+79824209976
+79824209990
+79824209992
+79824209993
+79824209994
+79195600071
+79195600241
+79195601292
+79195601322
+79195601404
+79195601435
+79195601451
+79195601520
+79195601583
+79195601629
+79128303507
+79128304180
+79128305265
+79128305287
+79128305567
+79128305579
+79128305982
+79128305985
+79128306002
+79128306437
+79195600071
+79195600241
+79195601292
+79195601322
+79195601404
+79195601435
+79195601451
+79195601520
+79195601583
+79195601629
+79195800318
+79195800503
+79195800679
+79195800757
+79195800924
+79195800931
+79195801462
+79195801742
+79195802140
+79195802503
+79128303507
+79128304180
+79128305265
+79128305287
+79128305567
+79128305579
+79128305982
+79128305985
+79128306002
+79128306437
+79129706465
+79129706841
+79129707198
+79129707826
+79129707856
+79129707864
+79129708001
+79129708169
+79129708190
+79129708272
+79195600071
+79195600241
+79195601292
+79195601322
+79195601404
+79195601435
+79195601451
+79195601520
+79195601583
+79195601629
+79195700552
+79195700601
+79195700856
+79195700967
+79195701110
+79195701311
+79195701338
+79195701408
+79195701444
+79195701451
+79195700552
+79195700601
+79195700856
+79195700967
+79195701110
+79195701311
+79195701338
+79195701408
+79195701444
+79195701451
+79195600071
+79195600241
+79195601292
+79195601322
+79195601404
+79195601435
+79195601451
+79195601520
+79195601583
+79195601629
+79824208098
+79824208599
+79824209414
+79824209430
+79824209536
+79824209976
+79824209990
+79824209992
+79824209993
+79824209994
+79129706465
+79129706841
+79129707198
+79129707826
+79129707856
+79129707864
+79129708001
+79129708169
+79129708190
+79129708272
+79120631245
+79120631282
+79120631286
+79120631288
+79120631289
+79120631290
+79120631292
+79120631294
+79120631295
+79120631296
+79823951799
+79823951956
+79823952091
+79823952093
+79823952103
+79823952144
+79823952167
+79823952186
+79823952198
+79823952201
+79824208098
+79824208599
+79824209414
+79824209430
+79824209536
+79824209976
+79824209990
+79824209992
+79824209993
+79824209994
+79824208098
+79824208599
+79824209414
+79824209430
+79824209536
+79824209976
+79824209990
+79824209992
+79824209993
+79824209994
+79129706465
+79129706841
+79129707198
+79129707826
+79129707856
+79129707864
+79129708001
+79129708169
+79129708190
+79129708272
+79823951799
+79823951956
+79823952091
+79823952093
+79823952103
+79823952144
+79823952167
+79823952186
+79823952198
+79823952201
+79125706843
+79125706847
+79125706852
+79125706857
+79125706894
+79125706922
+79125706932
+79125706936
+79125706939
+79125706944
+79195800318
+79195800503
+79195800679
+79195800757
+79195800924
+79195800931
+79195801462
+79195801742
+79195802140
+79195802503
+79125706843
+79125706847
+79125706852
+79125706857
+79125706894
+79125706922
+79125706932
+79125706936
+79125706939
+79125706944
+79125706843
+79125706847
+79125706852
+79125706857
+79125706894
+79125706922
+79125706932
+79125706936
+79125706939
+79125706944
+79125706843
+79125706847
+79125706852
+79125706857
+79125706894
+79125706922
+79125706932
+79125706936
+79125706939
+79125706944
+79195800318
+79195800503
+79195800679
+79195800757
+79195800924
+79195800931
+79195801462
+79195801742
+79195802140
+79195802503
+79824208098
+79824208599
+79824209414
+79824209430
+79824209536
+79824209976
+79824209990
+79824209992
+79824209993
+79824209994
+79195800318
+79195800503
+79195800679
+79195800757
+79195800924
+79195800931
+79195801462
+79195801742
+79195802140
+79195802503
+79195903180
+79195903183
+79195903189
+79195903194
+79195903196
+79195903198
+79195903208
+79195903211
+79195903213
+79195903216
+79195700552
+79195700601
+79195700856
+79195700967
+79195701110
+79195701311
+79195701338
+79195701408
+79195701444
+79195701451
+79128303507
+79128304180
+79128305265
+79128305287
+79128305567
+79128305579
+79128305982
+79128305985
+79128306002
+79128306437
+79195700552
+79195700601
+79195700856
+79195700967
+79195701110
+79195701311
+79195701338
+79195701408
+79195701444
+79195701451
+79823951799
+79823951956
+79823952091
+79823952093
+79823952103
+79823952144
+79823952167
+79823952186
+79823952198
+79823952201
+79120631245
+79120631282
+79120631286
+79120631288
+79120631289
+79120631290
+79120631292
+79120631294
+79120631295
+79120631296
+79824208098
+79824208599
+79824209414
+79824209430
+79824209536
+79824209976
+79824209990
+79824209992
+79824209993
+79824209994
+79195600071
+79195600241
+79195601292
+79195601322
+79195601404
+79195601435
+79195601451
+79195601520
+79195601583
+79195601629
+79125706843
+79125706847
+79125706852
+79125706857
+79125706894
+79125706922
+79125706932
+79125706936
+79125706939
+79125706944
+79129706465
+79129706841
+79129707198
+79129707826
+79129707856
+79129707864
+79129708001
+79129708169
+79129708190
+79129708272
+79125706843
+79125706847
+79125706852
+79125706857
+79125706894
+79125706922
+79125706932
+79125706936
+79125706939
+79125706944
+79828000379
+79828000853
+79828000857
+79828000893
+79828002459
+79828002817
+79828002818
+79828002832
+79828002854
+79828002896
+79128303507
+79128304180
+79128305265
+79128305287
+79128305567
+79128305579
+79128305982
+79128305985
+79128306002
+79128306437
+79823951799
+79823951956
+79823952091
+79823952093
+79823952103
+79823952144
+79823952167
+79823952186
+79823952198
+79823952201
+79195800318
+79195800503
+79195800679
+79195800757
+79195800924
+79195800931
+79195801462
+79195801742
+79195802140
+79195802503
+79195903180
+79195903183
+79195903189
+79195903194
+79195903196
+79195903198
+79195903208
+79195903211
+79195903213
+79195903216
+79195600071
+79195600241
+79195601292
+79195601322
+79195601404
+79195601435
+79195601451
+79195601520
+79195601583
+79195601629
+79120631245
+79120631282
+79120631286
+79120631288
+79120631289
+79120631290
+79120631292
+79120631294
+79120631295
+79120631296
+79824208098
+79824208599
+79824209414
+79824209430
+79824209536
+79824209976
+79824209990
+79824209992
+79824209993
+79824209994
+79125706843
+79125706847
+79125706852
+79125706857
+79125706894
+79125706922
+79125706932
+79125706936
+79125706939
+79125706944
+79823951799
+79823951956
+79823952091
+79823952093
+79823952103
+79823952144
+79823952167
+79823952186
+79823952198
+79823952201
+79824208098
+79824208599
+79824209414
+79824209430
+79824209536
+79824209976
+79824209990
+79824209992
+79824209993
+79824209994
+79828000379
+79828000853
+79828000857
+79828000893
+79828002459
+79828002817
+79828002818
+79828002832
+79828002854
+79828002896
+79129706465
+79129706841
+79129707198
+79129707826
+79129707856
+79129707864
+79129708001
+79129708169
+79129708190
+79129708272
+79129706465
+79129706841
+79129707198
+79129707826
+79129707856
+79129707864
+79129708001
+79129708169
+79129708190
+79129708272
+79828000379
+79828000853
+79828000857
+79828000893
+79828002459
+79828002817
+79828002818
+79828002832
+79828002854
+79828002896
+79120631245
+79120631282
+79120631286
+79120631288
+79120631289
+79120631290
+79120631292
+79120631294
+79120631295
+79120631296
+79128303507
+79128304180
+79128305265
+79128305287
+79128305567
+79128305579
+79128305982
+79128305985
+79128306002
+79128306437
+79824208098
+79824208599
+79824209414
+79824209430
+79824209536
+79824209976
+79824209990
+79824209992
+79824209993
+79824209994
+79128303507
+79128304180
+79128305265
+79128305287
+79128305567
+79128305579
+79128305982
+79128305985
+79128306002
+79128306437
+79120631245
+79120631282
+79120631286
+79120631288
+79120631289
+79120631290
+79120631292
+79120631294
+79120631295
+79120631296
+79125706843
+79125706847
+79125706852
+79125706857
+79125706894
+79125706922
+79125706932
+79125706936
+79125706939
+79125706944
+79195600071
+79195600241
+79195601292
+79195601322
+79195601404
+79195601435
+79195601451
+79195601520
+79195601583
+79195601629
+79828000379
+79828000853
+79828000857
+79828000893
+79828002459
+79828002817
+79828002818
+79828002832
+79828002854
+79828002896
