+79807915723
+79807915726
+79807915728
+79807915729
+79807915730
+79807915731
+79807915732
+79807915734
+79807915735
+79807915736
+79102706663
+79102706668
+79102706669
+79102706685
+79102706703
+79102706706
+79102706714
+79102706723
+79102706727
+79102706741
+79192101436
+79192102085
+79192102556
+79192102825
+79192102903
+79192102914
+79192102932
+79192103018
+79192103235
+79192103238
+79191300279
+79191300398
+79191300419
+79191300669
+79191301054
+79191301327
+79191301809
+79191302540
+79191302706
+79191303981
+79807915723
+79807915726
+79807915728
+79807915729
+79807915730
+79807915731
+79807915732
+79807915734
+79807915735
+79807915736
+79155108507
+79155108515
+79155108516
+79155108519
+79155108523
+79155108524
+79155108527
+79155108533
+79155108536
+79155108596
+79192101436
+79192102085
+79192102556
+79192102825
+79192102903
+79192102914
+79192102932
+79192103018
+79192103235
+79192103238
+79192707634
+79192707669
+79192707684
+79192707685
+79192707697
+79192707743
+79192707815
+79192707822
+79192707831
+79192707851
+79103101925
+79103102229
+79103102239
+79103102241
+79103102243
+79103102245
+79103102270
+79103102359
+79103102399
+79103102455
+79100518437
+79100518483
+79100518485
+79100518486
+79100518487
+79100518488
+79100518489
+79100518490
+79100518491
+79100518492
+79155108507
+79155108515
+79155108516
+79155108519
+79155108523
+79155108524
+79155108527
+79155108533
+79155108536
+79155108596
+79102706663
+79102706668
+79102706669
+79102706685
+79102706703
+79102706706
+79102706714
+79102706723
+79102706727
+79102706741
+79103101925
+79103102229
+79103102239
+79103102241
+79103102243
+79103102245
+79103102270
+79103102359
+79103102399
+79103102455
+79155108507
+79155108515
+79155108516
+79155108519
+79155108523
+79155108524
+79155108527
+79155108533
+79155108536
+79155108596
+79107301624
+79107301682
+79107302025
+79107302268
+79107302493
+79107302741
+79107302787
+79107303526
+79107303592
+79107303618
+79155108507
+79155108515
+79155108516
+79155108519
+79155108523
+79155108524
+79155108527
+79155108533
+79155108536
+79155108596
+79191300279
+79191300398
+79191300419
+79191300669
+79191301054
+79191301327
+79191301809
+79191302540
+79191302706
+79191303981
+79107404186
+79107405071
+79107405279
+79107405664
+79107408156
+79107409129
+79107409446
+79107409774
+79107409824
+79107409882
+79192707634
+79192707669
+79192707684
+79192707685
+79192707697
+79192707743
+79192707815
+79192707822
+79192707831
+79192707851
+79192101436
+79192102085
+79192102556
+79192102825
+79192102903
+79192102914
+79192102932
+79192103018
+79192103235
+79192103238
+79191300279
+79191300398
+79191300419
+79191300669
+79191301054
+79191301327
+79191301809
+79191302540
+79191302706
+79191303981
+79107301624
+79107301682
+79107302025
+79107302268
+79107302493
+79107302741
+79107302787
+79107303526
+79107303592
+79107303618
+79192101436
+79192102085
+79192102556
+79192102825
+79192102903
+79192102914
+79192102932
+79192103018
+79192103235
+79192103238
+79807915723
+79807915726
+79807915728
+79807915729
+79807915730
+79807915731
+79807915732
+79807915734
+79807915735
+79807915736
+79100518437
+79100518483
+79100518485
+79100518486
+79100518487
+79100518488
+79100518489
+79100518490
+79100518491
+79100518492
+79192707634
+79192707669
+79192707684
+79192707685
+79192707697
+79192707743
+79192707815
+79192707822
+79192707831
+79192707851
+79155108507
+79155108515
+79155108516
+79155108519
+79155108523
+79155108524
+79155108527
+79155108533
+79155108536
+79155108596
+79192101436
+79192102085
+79192102556
+79192102825
+79192102903
+79192102914
+79192102932
+79192103018
+79192103235
+79192103238
+79807915723
+79807915726
+79807915728
+79807915729
+79807915730
+79807915731
+79807915732
+79807915734
+79807915735
+79807915736
+79102706663
+79102706668
+79102706669
+79102706685
+79102706703
+79102706706
+79102706714
+79102706723
+79102706727
+79102706741
+79192707634
+79192707669
+79192707684
+79192707685
+79192707697
+79192707743
+79192707815
+79192707822
+79192707831
+79192707851
+79192101436
+79192102085
+79192102556
+79192102825
+79192102903
+79192102914
+79192102932
+79192103018
+79192103235
+79192103238
+79191700980
+79191703144
+79191705621
+79191705631
+79191705634
+79191705679
+79191705704
+79191705711
+79191705742
+79191705780
+79102706663
+79102706668
+79102706669
+79102706685
+79102706703
+79102706706
+79102706714
+79102706723
+79102706727
+79102706741
+79155108507
+79155108515
+79155108516
+79155108519
+79155108523
+79155108524
+79155108527
+79155108533
+79155108536
+79155108596
+79100518437
+79100518483
+79100518485
+79100518486
+79100518487
+79100518488
+79100518489
+79100518490
+79100518491
+79100518492
+79102706663
+79102706668
+79102706669
+79102706685
+79102706703
+79102706706
+79102706714
+79102706723
+79102706727
+79102706741
+79102108455
+79102108493
+79102108499
+79102108545
+79102108601
+79102108621
+79102108661
+79102108791
+79102108798
+79102108913
+79107301624
+79107301682
+79107302025
+79107302268
+79107302493
+79107302741
+79107302787
+79107303526
+79107303592
+79107303618
+79107301624
+79107301682
+79107302025
+79107302268
+79107302493
+79107302741
+79107302787
+79107303526
+79107303592
+79107303618
+79191300279
+79191300398
+79191300419
+79191300669
+79191301054
+79191301327
+79191301809
+79191302540
+79191302706
+79191303981
+79191300279
+79191300398
+79191300419
+79191300669
+79191301054
+79191301327
+79191301809
+79191302540
+79191302706
+79191303981
+79102706663
+79102706668
+79102706669
+79102706685
+79102706703
+79102706706
+79102706714
+79102706723
+79102706727
+79102706741
+79100518437
+79100518483
+79100518485
+79100518486
+79100518487
+79100518488
+79100518489
+79100518490
+79100518491
+79100518492
+79102108455
+79102108493
+79102108499
+79102108545
+79102108601
+79102108621
+79102108661
+79102108791
+79102108798
+79102108913
+79102108455
+79102108493
+79102108499
+79102108545
+79102108601
+79102108621
+79102108661
+79102108791
+79102108798
+79102108913
+79107404186
+79107405071
+79107405279
+79107405664
+79107408156
+79107409129
+79107409446
+79107409774
+79107409824
+79107409882
+79192101436
+79192102085
+79192102556
+79192102825
+79192102903
+79192102914
+79192102932
+79192103018
+79192103235
+79192103238
+79155108507
+79155108515
+79155108516
+79155108519
+79155108523
+79155108524
+79155108527
+79155108533
+79155108536
+79155108596
+79107404186
+79107405071
+79107405279
+79107405664
+79107408156
+79107409129
+79107409446
+79107409774
+79107409824
+79107409882
+79102108455
+79102108493
+79102108499
+79102108545
+79102108601
+79102108621
+79102108661
+79102108791
+79102108798
+79102108913
+79107404186
+79107405071
+79107405279
+79107405664
+79107408156
+79107409129
+79107409446
+79107409774
+79107409824
+79107409882
+79191300279
+79191300398
+79191300419
+79191300669
+79191301054
+79191301327
+79191301809
+79191302540
+79191302706
+79191303981
+79102108455
+79102108493
+79102108499
+79102108545
+79102108601
+79102108621
+79102108661
+79102108791
+79102108798
+79102108913
+79102108455
+79102108493
+79102108499
+79102108545
+79102108601
+79102108621
+79102108661
+79102108791
+79102108798
+79102108913
+79807915723
+79807915726
+79807915728
+79807915729
+79807915730
+79807915731
+79807915732
+79807915734
+79807915735
+79807915736
+79191700980
+79191703144
+79191705621
+79191705631
+79191705634
+79191705679
+79191705704
+79191705711
+79191705742
+79191705780
+79155108507
+79155108515
+79155108516
+79155108519
+79155108523
+79155108524
+79155108527
+79155108533
+79155108536
+79155108596
+79103101925
+79103102229
+79103102239
+79103102241
+79103102243
+79103102245
+79103102270
+79103102359
+79103102399
+79103102455
+79100518437
+79100518483
+79100518485
+79100518486
+79100518487
+79100518488
+79100518489
+79100518490
+79100518491
+79100518492
+79103101925
+79103102229
+79103102239
+79103102241
+79103102243
+79103102245
+79103102270
+79103102359
+79103102399
+79103102455
+79107404186
+79107405071
+79107405279
+79107405664
+79107408156
+79107409129
+79107409446
+79107409774
+79107409824
+79107409882
+79103101925
+79103102229
+79103102239
+79103102241
+79103102243
+79103102245
+79103102270
+79103102359
+79103102399
+79103102455
+79192707634
+79192707669
+79192707684
+79192707685
+79192707697
+79192707743
+79192707815
+79192707822
+79192707831
+79192707851
+79100518437
+79100518483
+79100518485
+79100518486
+79100518487
+79100518488
+79100518489
+79100518490
+79100518491
+79100518492
+79102706663
+79102706668
+79102706669
+79102706685
+79102706703
+79102706706
+79102706714
+79102706723
+79102706727
+79102706741
+79102108455
+79102108493
+79102108499
+79102108545
+79102108601
+79102108621
+79102108661
+79102108791
+79102108798
+79102108913
+79107301624
+79107301682
+79107302025
+79107302268
+79107302493
+79107302741
+79107302787
+79107303526
+79107303592
+79107303618
+79102108455
+79102108493
+79102108499
+79102108545
+79102108601
+79102108621
+79102108661
+79102108791
+79102108798
+79102108913
+79102706663
+79102706668
+79102706669
+79102706685
+79102706703
+79102706706
+79102706714
+79102706723
+79102706727
+79102706741
+79107404186
+79107405071
+79107405279
+79107405664
+79107408156
+79107409129
+79107409446
+79107409774
+79107409824
+79107409882
+79192101436
+79192102085
+79192102556
+79192102825
+79192102903
+79192102914
+79192102932
+79192103018
+79192103235
+79192103238
+79102108455
+79102108493
+79102108499
+79102108545
+79102108601
+79102108621
+79102108661
+79102108791
+79102108798
+79102108913
+79102108455
+79102108493
+79102108499
+79102108545
+79102108601
+79102108621
+79102108661
+79102108791
+79102108798
+79102108913
+79103101925
+79103102229
+79103102239
+79103102241
+79103102243
+79103102245
+79103102270
+79103102359
+79103102399
+79103102455
+79191300279
+79191300398
+79191300419
+79191300669
+79191301054
+79191301327
+79191301809
+79191302540
+79191302706
+79191303981
+79107404186
+79107405071
+79107405279
+79107405664
+79107408156
+79107409129
+79107409446
+79107409774
+79107409824
+79107409882
+79102108455
+79102108493
+79102108499
+79102108545
+79102108601
+79102108621
+79102108661
+79102108791
+79102108798
+79102108913
+79191700980
+79191703144
+79191705621
+79191705631
+79191705634
+79191705679
+79191705704
+79191705711
+79191705742
+79191705780
+79107404186
+79107405071
+79107405279
+79107405664
+79107408156
+79107409129
+79107409446
+79107409774
+79107409824
+79107409882
+79100518437
+79100518483
+79100518485
+79100518486
+79100518487
+79100518488
+79100518489
+79100518490
+79100518491
+79100518492
+79100518437
+79100518483
+79100518485
+79100518486
+79100518487
+79100518488
+79100518489
+79100518490
+79100518491
+79100518492
+79107301624
+79107301682
+79107302025
+79107302268
+79107302493
+79107302741
+79107302787
+79107303526
+79107303592
+79107303618
+79191700980
+79191703144
+79191705621
+79191705631
+79191705634
+79191705679
+79191705704
+79191705711
+79191705742
+79191705780
+79191700980
+79191703144
+79191705621
+79191705631
+79191705634
+79191705679
+79191705704
+79191705711
+79191705742
+79191705780
+79192101436
+79192102085
+79192102556
+79192102825
+79192102903
+79192102914
+79192102932
+79192103018
+79192103235
+79192103238
+79107301624
+79107301682
+79107302025
+79107302268
+79107302493
+79107302741
+79107302787
+79107303526
+79107303592
+79107303618
+79192101436
+79192102085
+79192102556
+79192102825
+79192102903
+79192102914
+79192102932
+79192103018
+79192103235
+79192103238
+79107301624
+79107301682
+79107302025
+79107302268
+79107302493
+79107302741
+79107302787
+79107303526
+79107303592
+79107303618
+79107404186
+79107405071
+79107405279
+79107405664
+79107408156
+79107409129
+79107409446
+79107409774
+79107409824
+79107409882
+79102706663
+79102706668
+79102706669
+79102706685
+79102706703
+79102706706
+79102706714
+79102706723
+79102706727
+79102706741
+79807915723
+79807915726
+79807915728
+79807915729
+79807915730
+79807915731
+79807915732
+79807915734
+79807915735
+79807915736
+79102108455
+79102108493
+79102108499
+79102108545
+79102108601
+79102108621
+79102108661
+79102108791
+79102108798
+79102108913
+79807915723
+79807915726
+79807915728
+79807915729
+79807915730
+79807915731
+79807915732
+79807915734
+79807915735
+79807915736
+79107301624
+79107301682
+79107302025
+79107302268
+79107302493
+79107302741
+79107302787
+79107303526
+79107303592
+79107303618
+79191700980
+79191703144
+79191705621
+79191705631
+79191705634
+79191705679
+79191705704
+79191705711
+79191705742
+79191705780
+79102706663
+79102706668
+79102706669
+79102706685
+79102706703
+79102706706
+79102706714
+79102706723
+79102706727
+79102706741
+79191700980
+79191703144
+79191705621
+79191705631
+79191705634
+79191705679
+79191705704
+79191705711
+79191705742
+79191705780
+79100518437
+79100518483
+79100518485
+79100518486
+79100518487
+79100518488
+79100518489
+79100518490
+79100518491
+79100518492
+79155108507
+79155108515
+79155108516
+79155108519
+79155108523
+79155108524
+79155108527
+79155108533
+79155108536
+79155108596
+79107404186
+79107405071
+79107405279
+79107405664
+79107408156
+79107409129
+79107409446
+79107409774
+79107409824
+79107409882
+79191700980
+79191703144
+79191705621
+79191705631
+79191705634
+79191705679
+79191705704
+79191705711
+79191705742
+79191705780
+79191700980
+79191703144
+79191705621
+79191705631
+79191705634
+79191705679
+79191705704
+79191705711
+79191705742
+79191705780
+79192101436
+79192102085
+79192102556
+79192102825
+79192102903
+79192102914
+79192102932
+79192103018
+79192103235
+79192103238
+79107404186
+79107405071
+79107405279
+79107405664
+79107408156
+79107409129
+79107409446
+79107409774
+79107409824
+79107409882
+79192101436
+79192102085
+79192102556
+79192102825
+79192102903
+79192102914
+79192102932
+79192103018
+79192103235
+79192103238
+79807915723
+79807915726
+79807915728
+79807915729
+79807915730
+79807915731
+79807915732
+79807915734
+79807915735
+79807915736
+79192707634
+79192707669
+79192707684
+79192707685
+79192707697
+79192707743
+79192707815
+79192707822
+79192707831
+79192707851
+79191300279
+79191300398
+79191300419
+79191300669
+79191301054
+79191301327
+79191301809
+79191302540
+79191302706
+79191303981
+79192707634
+79192707669
+79192707684
+79192707685
+79192707697
+79192707743
+79192707815
+79192707822
+79192707831
+79192707851
+79102108455
+79102108493
+79102108499
+79102108545
+79102108601
+79102108621
+79102108661
+79102108791
+79102108798
+79102108913
+79191300279
+79191300398
+79191300419
+79191300669
+79191301054
+79191301327
+79191301809
+79191302540
+79191302706
+79191303981
+79107404186
+79107405071
+79107405279
+79107405664
+79107408156
+79107409129
+79107409446
+79107409774
+79107409824
+79107409882
+79100518437
+79100518483
+79100518485
+79100518486
+79100518487
+79100518488
+79100518489
+79100518490
+79100518491
+79100518492
+79192101436
+79192102085
+79192102556
+79192102825
+79192102903
+79192102914
+79192102932
+79192103018
+79192103235
+79192103238
+79192101436
+79192102085
+79192102556
+79192102825
+79192102903
+79192102914
+79192102932
+79192103018
+79192103235
+79192103238
+79107301624
+79107301682
+79107302025
+79107302268
+79107302493
+79107302741
+79107302787
+79107303526
+79107303592
+79107303618
+79107404186
+79107405071
+79107405279
+79107405664
+79107408156
+79107409129
+79107409446
+79107409774
+79107409824
+79107409882
+79191700980
+79191703144
+79191705621
+79191705631
+79191705634
+79191705679
+79191705704
+79191705711
+79191705742
+79191705780
+79191700980
+79191703144
+79191705621
+79191705631
+79191705634
+79191705679
+79191705704
+79191705711
+79191705742
+79191705780
+79107404186
+79107405071
+79107405279
+79107405664
+79107408156
+79107409129
+79107409446
+79107409774
+79107409824
+79107409882
+79107301624
+79107301682
+79107302025
+79107302268
+79107302493
+79107302741
+79107302787
+79107303526
+79107303592
+79107303618
+79102706663
+79102706668
+79102706669
+79102706685
+79102706703
+79102706706
+79102706714
+79102706723
+79102706727
+79102706741
+79107301624
+79107301682
+79107302025
+79107302268
+79107302493
+79107302741
+79107302787
+79107303526
+79107303592
+79107303618
+79107301624
+79107301682
+79107302025
+79107302268
+79107302493
+79107302741
+79107302787
+79107303526
+79107303592
+79107303618
+79155108507
+79155108515
+79155108516
+79155108519
+79155108523
+79155108524
+79155108527
+79155108533
+79155108536
+79155108596
+79155108507
+79155108515
+79155108516
+79155108519
+79155108523
+79155108524
+79155108527
+79155108533
+79155108536
+79155108596
+79191700980
+79191703144
+79191705621
+79191705631
+79191705634
+79191705679
+79191705704
+79191705711
+79191705742
+79191705780
+79107301624
+79107301682
+79107302025
+79107302268
+79107302493
+79107302741
+79107302787
+79107303526
+79107303592
+79107303618
+79191700980
+79191703144
+79191705621
+79191705631
+79191705634
+79191705679
+79191705704
+79191705711
+79191705742
+79191705780
+79102108455
+79102108493
+79102108499
+79102108545
+79102108601
+79102108621
+79102108661
+79102108791
+79102108798
+79102108913
+79155108507
+79155108515
+79155108516
+79155108519
+79155108523
+79155108524
+79155108527
+79155108533
+79155108536
+79155108596
+79192101436
+79192102085
+79192102556
+79192102825
+79192102903
+79192102914
+79192102932
+79192103018
+79192103235
+79192103238
+79191300279
+79191300398
+79191300419
+79191300669
+79191301054
+79191301327
+79191301809
+79191302540
+79191302706
+79191303981
+79192707634
+79192707669
+79192707684
+79192707685
+79192707697
+79192707743
+79192707815
+79192707822
+79192707831
+79192707851
+79191300279
+79191300398
+79191300419
+79191300669
+79191301054
+79191301327
+79191301809
+79191302540
+79191302706
+79191303981
+79191300279
+79191300398
+79191300419
+79191300669
+79191301054
+79191301327
+79191301809
+79191302540
+79191302706
+79191303981
+79102108455
+79102108493
+79102108499
+79102108545
+79102108601
+79102108621
+79102108661
+79102108791
+79102108798
+79102108913
+79102108455
+79102108493
+79102108499
+79102108545
+79102108601
+79102108621
+79102108661
+79102108791
+79102108798
+79102108913
+79102706663
+79102706668
+79102706669
+79102706685
+79102706703
+79102706706
+79102706714
+79102706723
+79102706727
+79102706741
+79102108455
+79102108493
+79102108499
+79102108545
+79102108601
+79102108621
+79102108661
+79102108791
+79102108798
+79102108913
+79100518437
+79100518483
+79100518485
+79100518486
+79100518487
+79100518488
+79100518489
+79100518490
+79100518491
+79100518492
+79107404186
+79107405071
+79107405279
+79107405664
+79107408156
+79107409129
+79107409446
+79107409774
+79107409824
+79107409882
+79107301624
+79107301682
+79107302025
+79107302268
+79107302493
+79107302741
+79107302787
+79107303526
+79107303592
+79107303618
+79102108455
+79102108493
+79102108499
+79102108545
+79102108601
+79102108621
+79102108661
+79102108791
+79102108798
+79102108913
+79191700980
+79191703144
+79191705621
+79191705631
+79191705634
+79191705679
+79191705704
+79191705711
+79191705742
+79191705780
+79107404186
+79107405071
+79107405279
+79107405664
+79107408156
+79107409129
+79107409446
+79107409774
+79107409824
+79107409882
+79192101436
+79192102085
+79192102556
+79192102825
+79192102903
+79192102914
+79192102932
+79192103018
+79192103235
+79192103238
+79102706663
+79102706668
+79102706669
+79102706685
+79102706703
+79102706706
+79102706714
+79102706723
+79102706727
+79102706741
+79155108507
+79155108515
+79155108516
+79155108519
+79155108523
+79155108524
+79155108527
+79155108533
+79155108536
+79155108596
+79192101436
+79192102085
+79192102556
+79192102825
+79192102903
+79192102914
+79192102932
+79192103018
+79192103235
+79192103238
+79807915723
+79807915726
+79807915728
+79807915729
+79807915730
+79807915731
+79807915732
+79807915734
+79807915735
+79807915736
+79100518437
+79100518483
+79100518485
+79100518486
+79100518487
+79100518488
+79100518489
+79100518490
+79100518491
+79100518492
+79192101436
+79192102085
+79192102556
+79192102825
+79192102903
+79192102914
+79192102932
+79192103018
+79192103235
+79192103238
+79102108455
+79102108493
+79102108499
+79102108545
+79102108601
+79102108621
+79102108661
+79102108791
+79102108798
+79102108913
+79102108455
+79102108493
+79102108499
+79102108545
+79102108601
+79102108621
+79102108661
+79102108791
+79102108798
+79102108913
+79155108507
+79155108515
+79155108516
+79155108519
+79155108523
+79155108524
+79155108527
+79155108533
+79155108536
+79155108596
+79191700980
+79191703144
+79191705621
+79191705631
+79191705634
+79191705679
+79191705704
+79191705711
+79191705742
+79191705780
+79107404186
+79107405071
+79107405279
+79107405664
+79107408156
+79107409129
+79107409446
+79107409774
+79107409824
+79107409882
+79192101436
+79192102085
+79192102556
+79192102825
+79192102903
+79192102914
+79192102932
+79192103018
+79192103235
+79192103238
+79192707634
+79192707669
+79192707684
+79192707685
+79192707697
+79192707743
+79192707815
+79192707822
+79192707831
+79192707851
+79192707634
+79192707669
+79192707684
+79192707685
+79192707697
+79192707743
+79192707815
+79192707822
+79192707831
+79192707851
+79102706663
+79102706668
+79102706669
+79102706685
+79102706703
+79102706706
+79102706714
+79102706723
+79102706727
+79102706741
+79807915723
+79807915726
+79807915728
+79807915729
+79807915730
+79807915731
+79807915732
+79807915734
+79807915735
+79807915736
+79807915723
+79807915726
+79807915728
+79807915729
+79807915730
+79807915731
+79807915732
+79807915734
+79807915735
+79807915736
+79103101925
+79103102229
+79103102239
+79103102241
+79103102243
+79103102245
+79103102270
+79103102359
+79103102399
+79103102455
+79192101436
+79192102085
+79192102556
+79192102825
+79192102903
+79192102914
+79192102932
+79192103018
+79192103235
+79192103238
+79192707634
+79192707669
+79192707684
+79192707685
+79192707697
+79192707743
+79192707815
+79192707822
+79192707831
+79192707851
+79107404186
+79107405071
+79107405279
+79107405664
+79107408156
+79107409129
+79107409446
+79107409774
+79107409824
+79107409882
+79100518437
+79100518483
+79100518485
+79100518486
+79100518487
+79100518488
+79100518489
+79100518490
+79100518491
+79100518492
+79102706663
+79102706668
+79102706669
+79102706685
+79102706703
+79102706706
+79102706714
+79102706723
+79102706727
+79102706741
+79107404186
+79107405071
+79107405279
+79107405664
+79107408156
+79107409129
+79107409446
+79107409774
+79107409824
+79107409882
+79107404186
+79107405071
+79107405279
+79107405664
+79107408156
+79107409129
+79107409446
+79107409774
+79107409824
+79107409882
+79107404186
+79107405071
+79107405279
+79107405664
+79107408156
+79107409129
+79107409446
+79107409774
+79107409824
+79107409882
+79107404186
+79107405071
+79107405279
+79107405664
+79107408156
+79107409129
+79107409446
+79107409774
+79107409824
+79107409882
