+79802507363
+79802507375
+79802507411
+79802507467
+79802507498
+79802507504
+79802507529
+79802507573
+79802507585
+79802507591
+79192502318
+79192503381
+79192503816
+79192505539
+79192507523
+79192509198
+79192510715
+79192510803
+79192511193
+79192511930
+79107422945
+79107423235
+79107424324
+79107424378
+79107424396
+79107424413
+79107424581
+79107424870
+79107424973
+79107425102
+79103502059
+79103502699
+79103505224
+79103509247
+79103510004
+79103510527
+79103510682
+79103511432
+79103513965
+79103514238
+79802613187
+79802616149
+79802616175
+79802616377
+79802616617
+79802616625
+79802616981
+79802617154
+79802617156
+79802617163
+79802507363
+79802507375
+79802507411
+79802507467
+79802507498
+79802507504
+79802507529
+79802507573
+79802507585
+79802507591
+79155504786
+79155504819
+79155505396
+79155505439
+79155506143
+79155506155
+79155506503
+79155506861
+79155507146
+79155507237
+79802613187
+79802616149
+79802616175
+79802616377
+79802616617
+79802616625
+79802616981
+79802617154
+79802617156
+79802617163
+79103501565
+79103502059
+79103502699
+79103505224
+79103509247
+79103510004
+79103510527
+79103510682
+79103511432
+79103513965
+79158505674
+79158505932
+79158506136
+79158506172
+79158507419
+79158507617
+79158508649
+79158509057
+79158509061
+79158509758
+79802613187
+79802616149
+79802616175
+79802616377
+79802616617
+79802616625
+79802616981
+79802617154
+79802617156
+79802617163
+79107422945
+79107423235
+79107424324
+79107424378
+79107424396
+79107424413
+79107424581
+79107424870
+79107424973
+79107425102
+79158505674
+79158505932
+79158506136
+79158506172
+79158507419
+79158507617
+79158508649
+79158509057
+79158509061
+79158509758
+79107422945
+79107423235
+79107424324
+79107424378
+79107424396
+79107424413
+79107424581
+79107424870
+79107424973
+79107425102
+79192502318
+79192503381
+79192503816
+79192505539
+79192507523
+79192509198
+79192510715
+79192510803
+79192511193
+79192511930
+79803500799
+79803502246
+79803502393
+79803505668
+79803506209
+79803506210
+79803507425
+79803509081
+79803509837
+79803510015
+79107422945
+79107423235
+79107424324
+79107424378
+79107424396
+79107424413
+79107424581
+79107424870
+79107424973
+79107425102
+79102541472
+79102541509
+79102541527
+79102541561
+79102541564
+79102541567
+79102541578
+79102541583
+79102541590
+79102541600
+79192502318
+79192503381
+79192503816
+79192505539
+79192507523
+79192509198
+79192510715
+79192510803
+79192511193
+79192511930
+79103501565
+79103502059
+79103502699
+79103505224
+79103509247
+79103510004
+79103510527
+79103510682
+79103511432
+79103513965
+79107394591
+79107399467
+79155504786
+79155504819
+79155505396
+79155505439
+79155506143
+79155506155
+79155506503
+79155506861
+79107394591
+79107399467
+79802507363
+79802507375
+79802507411
+79802507467
+79802507498
+79802507504
+79802507529
+79802507573
+79191604483
+79191604954
+79191605209
+79191605269
+79191605323
+79191605380
+79191605433
+79191605451
+79191605456
+79191605914
+79103501565
+79103502059
+79103502699
+79103505224
+79103509247
+79103510004
+79103510527
+79103510682
+79103511432
+79103513965
+79191604483
+79191604954
+79191605209
+79191605269
+79191605323
+79191605380
+79191605433
+79191605451
+79191605456
+79191605914
+79155504786
+79155504819
+79155505396
+79155505439
+79155506143
+79155506155
+79155506503
+79155506861
+79155507146
+79155507237
+79155504786
+79155504819
+79155505396
+79155505439
+79155506143
+79155506155
+79155506503
+79155506861
+79155507146
+79155507237
+79802613187
+79802616149
+79802616175
+79802616377
+79802616617
+79802616625
+79802616981
+79802617154
+79802617156
+79802617163
+79155504786
+79155504819
+79155505396
+79155505439
+79155506143
+79155506155
+79155506503
+79155506861
+79155507146
+79155507237
+79802507363
+79802507375
+79802507411
+79802507467
+79802507498
+79802507504
+79802507529
+79802507573
+79802507585
+79802507591
+79107422945
+79107423235
+79107424324
+79107424378
+79107424396
+79107424581
+79107424870
+79107424973
+79107425102
+79107425249
+79103501565
+79103502059
+79103502699
+79103505224
+79103509247
+79103510004
+79103510527
+79103510682
+79103511432
+79103513965
+79102541472
+79102541509
+79102541527
+79102541561
+79102541564
+79102541567
+79102541578
+79102541583
+79102541590
+79102541600
+79158505674
+79158505932
+79158506136
+79158506172
+79158507419
+79158507617
+79158508649
+79158509057
+79158509061
+79158509758
+79803500799
+79803502246
+79803502393
+79803505668
+79803506209
+79803506210
+79803507425
+79803509081
+79803509837
+79803510015
+79102541472
+79102541509
+79102541527
+79102541561
+79102541564
+79102541567
+79102541578
+79102541583
+79102541590
+79102541600
+79107394591
+79107399467
+79158505674
+79158505932
+79158506136
+79158506172
+79158507419
+79158507617
+79158508649
+79158509057
+79803500799
+79803502246
+79803502393
+79803505668
+79803506209
+79803506210
+79803507425
+79803509081
+79803509837
+79803510015
+79107422945
+79107423235
+79107424324
+79107424378
+79107424396
+79107424581
+79107424870
+79107424973
+79107425102
+79107425249
+79102541472
+79102541509
+79102541527
+79102541561
+79102541564
+79102541567
+79102541578
+79102541583
+79102541590
+79102541600
+79803500799
+79803502246
+79803502393
+79803505668
+79803506209
+79803506210
+79803507425
+79803509081
+79803509837
+79803510015
+79107394591
+79107399467
+79107422945
+79107423235
+79107424324
+79107424378
+79107424396
+79107424581
+79107424870
+79107424973
+79802507363
+79802507375
+79802507411
+79802507467
+79802507498
+79802507504
+79802507529
+79802507573
+79802507585
+79802507591
+79107422945
+79107423235
+79107424324
+79107424378
+79107424396
+79107424581
+79107424870
+79107424973
+79107425102
+79107425249
+79802507363
+79802507375
+79802507411
+79802507467
+79802507498
+79802507504
+79802507529
+79802507573
+79802507585
+79802507591
+79191604483
+79191604954
+79191605209
+79191605269
+79191605380
+79191605433
+79191605451
+79191605456
+79191605914
+79191605938
+79103501565
+79103502059
+79103502699
+79103505224
+79103509247
+79103510004
+79103510527
+79103510682
+79103511432
+79103513965
+79802613187
+79802616149
+79802616175
+79802616377
+79802616617
+79802616625
+79802616981
+79802617154
+79802617156
+79802617163
+79102541472
+79102541509
+79102541527
+79102541561
+79102541564
+79102541567
+79102541578
+79102541583
+79102541590
+79102541600
+79107422945
+79107423235
+79107424324
+79107424378
+79107424396
+79107424581
+79107424870
+79107424973
+79107425102
+79107425249
+79155504786
+79155504819
+79155505396
+79155505439
+79155506143
+79155506155
+79155506503
+79155506861
+79155507146
+79155507237
+79802507363
+79802507375
+79802507411
+79802507467
+79802507498
+79802507504
+79802507529
+79802507573
+79802507585
+79802507591
+79107394591
+79107399467
+79191604483
+79191604954
+79191605209
+79191605269
+79191605380
+79191605433
+79191605451
+79191605456
+79155504786
+79155504819
+79155505396
+79155505439
+79155506143
+79155506155
+79155506503
+79155506861
+79155507146
+79155507237
+79103501565
+79103502059
+79103502699
+79103505224
+79103509247
+79103510004
+79103510527
+79103510682
+79103511432
+79103513965
+79102541472
+79102541509
+79102541527
+79102541561
+79102541564
+79102541567
+79102541578
+79102541583
+79102541590
+79102541600
+79802613187
+79802616149
+79802616175
+79802616377
+79802616617
+79802616625
+79802616981
+79802617154
+79802617156
+79802617163
+79192502318
+79192503381
+79192503816
+79192505539
+79192507523
+79192509198
+79192510715
+79192510803
+79192511193
+79192511930
+79802507363
+79802507375
+79802507411
+79802507467
+79802507498
+79802507504
+79802507529
+79802507573
+79802507585
+79802507591
+79155504786
+79155504819
+79155505396
+79155505439
+79155506143
+79155506155
+79155506503
+79155506861
+79155507146
+79155507237
+79192502318
+79192503381
+79192503816
+79192505539
+79192507523
+79192509198
+79192510715
+79192510803
+79192511193
+79192511930
+79803500799
+79803502246
+79803502393
+79803505668
+79803506209
+79803506210
+79803507425
+79803509081
+79803509837
+79803510015
+79191604483
+79191604954
+79191605209
+79191605269
+79191605380
+79191605433
+79191605451
+79191605456
+79191605914
+79191605938
+79107394591
+79107399467
+79102541472
+79102541509
+79102541527
+79102541561
+79102541564
+79102541567
+79102541578
+79102541583
+79191604483
+79191604954
+79191605209
+79191605269
+79191605380
+79191605433
+79191605451
+79191605456
+79191605914
+79191605938
+79802507363
+79802507375
+79802507411
+79802507467
+79802507498
+79802507504
+79802507529
+79802507573
+79802507585
+79802507591
+79803500799
+79803502246
+79803502393
+79803505668
+79803506209
+79803506210
+79803507425
+79803509081
+79803509837
+79803510015
+79191604483
+79191604954
+79191605209
+79191605269
+79191605380
+79191605433
+79191605451
+79191605456
+79191605914
+79191605938
+79192502318
+79192503381
+79192503816
+79192505539
+79192507523
+79192509198
+79192510715
+79192510803
+79192511193
+79192511930
+79155504786
+79155504819
+79155505396
+79155505439
+79155506143
+79155506155
+79155506503
+79155506861
+79155507146
+79155507237
+79107394591
+79107399467
+79107422945
+79107423235
+79107424324
+79107424378
+79107424396
+79107424581
+79107424870
+79107424973
+79802507363
+79802507375
+79802507411
+79802507467
+79802507498
+79802507504
+79802507529
+79802507573
+79802507585
+79802507591
+79107394591
+79107399467
+79191604483
+79191604954
+79191605209
+79191605269
+79191605380
+79191605433
+79191605451
+79191605456
+79155504786
+79155504819
+79155505396
+79155505439
+79155506143
+79155506155
+79155506503
+79155506861
+79155507146
+79155507237
+79107394591
+79107399467
+79802613187
+79802616149
+79802616175
+79802616377
+79802616617
+79802616625
+79802616981
+79802617154
+79107394591
+79107399467
+79107422945
+79107423235
+79107424324
+79107424378
+79107424396
+79107424581
+79107424870
+79107424973
+79102541472
+79102541509
+79102541527
+79102541561
+79102541564
+79102541567
+79102541578
+79102541583
+79102541590
+79102541600
+79107394591
+79107399467
+79155504786
+79155504819
+79155505396
+79155505439
+79155506143
+79155506155
+79155506503
+79155506861
+79107394591
+79107399467
+79155504786
+79155504819
+79155505396
+79155505439
+79155506143
+79155506155
+79155506503
+79155506861
+79103501565
+79103502059
+79103502699
+79103505224
+79103509247
+79103510004
+79103510527
+79103510682
+79103511432
+79103513965
+79191604483
+79191604954
+79191605209
+79191605269
+79191605380
+79191605433
+79191605451
+79191605456
+79191605914
+79191605938
+79191604483
+79191604954
+79191605209
+79191605269
+79191605380
+79191605433
+79191605451
+79191605456
+79191605914
+79191605938
+79192502318
+79192503381
+79192503816
+79192505539
+79192507523
+79192509198
+79192510715
+79192510803
+79192511193
+79192511930
+79192502318
+79192503381
+79192503816
+79192505539
+79192507523
+79192509198
+79192510715
+79192510803
+79192511193
+79192511930
+79158505674
+79158505932
+79158506136
+79158506172
+79158507419
+79158507617
+79158508649
+79158509057
+79158509061
+79158509758
+79102541472
+79102541509
+79102541527
+79102541561
+79102541564
+79102541567
+79102541578
+79102541583
+79102541590
+79102541600
+79192502318
+79192503381
+79192503816
+79192505539
+79192507523
+79192509198
+79192510715
+79192510803
+79192511193
+79192511930
+79155504786
+79155504819
+79155505396
+79155505439
+79155506143
+79155506155
+79155506503
+79155506861
+79155507146
+79155507237
+79803500799
+79803502246
+79803502393
+79803505668
+79803506209
+79803506210
+79803507425
+79803509081
+79803509837
+79803510015
+79107394591
+79107399467
+79803500799
+79803502246
+79803502393
+79803505668
+79803506209
+79803506210
+79803507425
+79803509081
+79802613187
+79802616149
+79802616175
+79802616377
+79802616617
+79802616625
+79802616981
+79802617154
+79802617156
+79802617163
+79158505674
+79158505932
+79158506136
+79158506172
+79158507419
+79158507617
+79158508649
+79158509057
+79158509061
+79158509758
+79107394591
+79107399467
+79802616149
+79802616175
+79802616377
+79802616617
+79802616625
+79802616981
+79802617154
+79802617156
+79107394591
+79107399467
+79158505674
+79158505932
+79158506136
+79158506172
+79158507419
+79158507617
+79158508649
+79158509057
+79107394591
+79107399467
+79803500799
+79803502246
+79803502393
+79803505668
+79803506209
+79803506210
+79803507425
+79803509081
+79802507363
+79802507375
+79802507411
+79802507467
+79802507498
+79802507504
+79802507529
+79802507573
+79802507585
+79802507591
+79107394591
+79107399467
+79803500799
+79803502246
+79803502393
+79803505668
+79803506209
+79803506210
+79803507425
+79803509081
+79158505674
+79158505932
+79158506136
+79158506172
+79158507419
+79158507617
+79158508649
+79158509057
+79158509061
+79158509758
+79802507363
+79802507375
+79802507411
+79802507467
+79802507498
+79802507504
+79802507529
+79802507573
+79802507585
+79802507591
+79155504786
+79155504819
+79155505396
+79155505439
+79155506143
+79155506155
+79155506503
+79155506861
+79155507146
+79155507237
+79192502318
+79192503381
+79192503816
+79192505539
+79192507523
+79192509198
+79192510715
+79192510803
+79192511193
+79192511930
+79192502318
+79192503381
+79192503816
+79192505539
+79192507523
+79192509198
+79192510715
+79192510803
+79192511193
+79192511930
+79107394591
+79107399467
+79802507363
+79802507375
+79802507411
+79802507467
+79802507498
+79802507504
+79802507529
+79802507573
+79107394591
+79107399467
+79107422945
+79107423235
+79107424324
+79107424378
+79107424396
+79107424581
+79107424870
+79107424973
+79107394591
+79107399467
+79192502318
+79192503381
+79192503816
+79192505539
+79192507523
+79192509198
+79192510715
+79192510803
+79191604483
+79191604954
+79191605209
+79191605269
+79191605380
+79191605433
+79191605451
+79191605456
+79191605914
+79191605938
+79191604483
+79191604954
+79191605209
+79191605269
+79191605380
+79191605433
+79191605451
+79191605456
+79191605914
+79191605938
+79191604483
+79191604954
+79191605209
+79191605269
+79191605380
+79191605433
+79191605451
+79191605456
+79191605914
+79191605938
+79192502318
+79192503381
+79192503816
+79192505539
+79192507523
+79192509198
+79192510715
+79192510803
+79192511193
+79192511930
+79192502318
+79192503381
+79192503816
+79192505539
+79192507523
+79192509198
+79192510715
+79192510803
+79192511193
+79192511930
+79107394591
+79107399467
+79103501565
+79103502059
+79103502699
+79103505224
+79103509247
+79103510004
+79103510527
+79103510682
+79102541472
+79102541509
+79102541527
+79102541561
+79102541564
+79102541567
+79102541578
+79102541583
+79102541590
+79102541600
+79802507363
+79802507375
+79802507411
+79802507467
+79802507498
+79802507504
+79802507529
+79802507573
+79802507585
+79802507591
+79102541472
+79102541509
+79102541527
+79102541561
+79102541564
+79102541567
+79102541578
+79102541583
+79102541590
+79102541600
+79155504786
+79155504819
+79155505396
+79155505439
+79155506143
+79155506155
+79155506503
+79155506861
+79155507146
+79155507237
+79102541472
+79102541509
+79102541527
+79102541561
+79102541564
+79102541567
+79102541578
+79102541583
+79102541590
+79102541600
+79803500799
+79803502246
+79803502393
+79803505668
+79803506209
+79803506210
+79803507425
+79803509081
+79803509837
+79803510015
+79158505674
+79158505932
+79158506136
+79158506172
+79158507419
+79158507617
+79158508649
+79158509057
+79158509061
+79158509758
+79102541472
+79102541509
+79102541527
+79102541561
+79102541564
+79102541567
+79102541578
+79102541583
+79102541590
+79102541600
+79158505674
+79158505932
+79158506136
+79158506172
+79158507419
+79158507617
+79158508649
+79158509057
+79158509061
+79158509758
+79802616149
+79802616175
+79802616377
+79802616617
+79802616625
+79802616981
+79802617154
+79802617156
+79802617163
+79802617164
+79803500799
+79803502246
+79803502393
+79803505668
+79803506209
+79803506210
+79803507425
+79803509081
+79803509837
+79803510015
+79103501565
+79103502059
+79103502699
+79103505224
+79103509247
+79103510004
+79103510527
+79103510682
+79103511432
+79103513965
+79107394591
+79107399467
+79102541472
+79102541509
+79102541527
+79102541561
+79102541564
+79102541567
+79102541578
+79102541583
+79107394591
+79107399467
+79803500799
+79803502246
+79803502393
+79803505668
+79803506209
+79803506210
+79803507425
+79803509081
+79155504786
+79155504819
+79155505396
+79155505439
+79155506143
+79155506155
+79155506503
+79155506861
+79155507146
+79155507237
+79802507363
+79802507375
+79802507411
+79802507467
+79802507498
+79802507504
+79802507529
+79802507573
+79802507585
+79802507591
+79802616149
+79802616175
+79802616377
+79802616617
+79802616625
+79802616981
+79802617154
+79802617156
+79802617163
+79802617164
+79802616149
+79802616175
+79802616377
+79802616617
+79802616625
+79802616981
+79802617154
+79802617156
+79802617163
+79802617164
+79192502318
+79192503381
+79192503816
+79192505539
+79192507523
+79192509198
+79192510715
+79192510803
+79192511193
+79192511930
+79191604483
+79191604954
+79191605209
+79191605269
+79191605380
+79191605433
+79191605451
+79191605456
+79191605914
+79191605938
+79102541472
+79102541509
+79102541527
+79102541561
+79102541564
+79102541567
+79102541578
+79102541583
+79102541590
+79102541600
+79192502318
+79192503381
+79192503816
+79192505539
+79192507523
+79192509198
+79192510715
+79192510803
+79192511193
+79192511930
+79107394591
+79107399467
+79192502318
+79192503381
+79192503816
+79192505539
+79192507523
+79192509198
+79192510715
+79192510803
+79802507363
+79802507375
+79802507411
+79802507467
+79802507498
+79802507504
+79802507529
+79802507573
+79802507585
+79802507591
+79155504786
+79155504819
+79155505396
+79155505439
+79155506143
+79155506155
+79155506503
+79155506861
+79155507146
+79155507237
+79191604483
+79191604954
+79191605209
+79191605269
+79191605380
+79191605433
+79191605451
+79191605456
+79191605914
+79191605938
+79802507363
+79802507375
+79802507411
+79802507467
+79802507498
+79802507504
+79802507529
+79802507573
+79802507585
+79802507591
+79155504786
+79155504819
+79155505396
+79155505439
+79155506143
+79155506155
+79155506503
+79155506861
+79155507146
+79155507237
+79107422945
+79107423235
+79107424324
+79107424378
+79107424396
+79107424581
+79107424870
+79107424973
+79107425102
+79107425249
+79802507363
+79802507375
+79802507411
+79802507467
+79802507498
+79802507504
+79802507529
+79802507573
+79802507585
+79802507591
+79107394591
+79107399467
+79158505674
+79158505932
+79158506136
+79158506172
+79158507419
+79158507617
+79158508649
+79158509057
+79103501565
+79103502059
+79103502699
+79103505224
+79103509247
+79103510004
+79103510527
+79103510682
+79103511432
+79103513965
+79107422945
+79107423235
+79107424324
+79107424378
+79107424396
+79107424581
+79107424870
+79107424973
+79107425102
+79107425249
+79192502318
+79192503381
+79192503816
+79192505539
+79192507523
+79192509198
+79192510715
+79192510803
+79192511193
+79192511930
+79191604483
+79191604954
+79191605209
+79191605269
+79191605380
+79191605433
+79191605451
+79191605456
+79191605914
+79191605938
+79802616149
+79802616175
+79802616377
+79802616617
+79802616625
+79802616981
+79802617154
+79802617156
+79802617163
+79802617164
+79191604483
+79191604954
+79191605209
+79191605269
+79191605380
+79191605433
+79191605451
+79191605456
+79191605914
+79191605938
+79102541472
+79102541509
+79102541527
+79102541561
+79102541564
+79102541567
+79102541578
+79102541583
+79102541590
+79102541600
+79107394591
+79107399467
+79103501565
+79103502059
+79103502699
+79103505224
+79103509247
+79103510004
+79103510527
+79103510682
+79802507363
+79802507375
+79802507411
+79802507467
+79802507498
+79802507504
+79802507529
+79802507573
+79802507585
+79802507591
+79802507363
+79802507375
+79802507411
+79802507467
+79802507498
+79802507504
+79802507529
+79802507573
+79802507585
+79802507591
+79102541472
+79102541509
+79102541527
+79102541561
+79102541564
+79102541567
+79102541578
+79102541583
+79102541590
+79102541600
+79102541472
+79102541509
+79102541527
+79102541561
+79102541564
+79102541567
+79102541578
+79102541583
+79102541590
+79102541600
+79802507363
+79802507375
+79802507411
+79802507467
+79802507498
+79802507504
+79802507529
+79802507573
+79802507585
+79802507591
+79102541472
+79102541509
+79102541527
+79102541561
+79102541564
+79102541567
+79102541578
+79102541583
+79102541590
+79102541600
+79107394591
+79107399467
+79191604483
+79191604954
+79191605209
+79191605269
+79191605380
+79191605433
+79191605451
+79191605456
+79107394591
+79107399467
+79192502318
+79192503381
+79192503816
+79192505539
+79192507523
+79192509198
+79192510715
+79192510803
+79103501565
+79103502059
+79103502699
+79103505224
+79103509247
+79103510004
+79103510527
+79103510682
+79103511432
+79103513965
+79802507363
+79802507375
+79802507411
+79802507467
+79802507498
+79802507504
+79802507529
+79802507573
+79802507585
+79802507591
+79155504786
+79155504819
+79155505396
+79155505439
+79155506143
+79155506155
+79155506503
+79155506861
+79155507146
+79155507237
+79191604483
+79191604954
+79191605209
+79191605269
+79191605380
+79191605433
+79191605451
+79191605456
+79191605914
+79191605938
+79803500799
+79803502246
+79803502393
+79803505668
+79803506209
+79803506210
+79803507425
+79803509081
+79803509837
+79803510015
+79802616149
+79802616175
+79802616377
+79802616617
+79802616625
+79802616981
+79802617154
+79802617156
+79802617163
+79802617164
+79102541472
+79102541509
+79102541527
+79102541561
+79102541564
+79102541567
+79102541578
+79102541583
+79102541590
+79102541600
+79192502318
+79192503381
+79192503816
+79192505539
+79192507523
+79192509198
+79192510715
+79192510803
+79192511193
+79192511930
+79107422945
+79107423235
+79107424324
+79107424378
+79107424396
+79107424581
+79107424870
+79107424973
+79107425102
+79107425249
+79191604483
+79191604954
+79191605209
+79191605269
+79191605380
+79191605433
+79191605451
+79191605456
+79191605914
+79191605938
+79192502318
+79192503381
+79192503816
+79192505539
+79192507523
+79192509198
+79192510715
+79192510803
+79192511193
+79192511930
+79158505674
+79158505932
+79158506136
+79158506172
+79158507419
+79158507617
+79158508649
+79158509057
+79158509061
+79158509758
+79107394591
+79107399467
+79155504786
+79155504819
+79155505396
+79155505439
+79155506143
+79155506155
+79155506503
+79155506861
+79191604483
+79191604954
+79191605209
+79191605269
+79191605380
+79191605433
+79191605451
+79191605456
+79191605914
+79191605938
+79803500799
+79803502246
+79803502393
+79803505668
+79803506209
+79803506210
+79803507425
+79803509081
+79803509837
+79803510015
+79103501565
+79103502059
+79103502699
+79103505224
+79103509247
+79103510004
+79103510527
+79103510682
+79103511432
+79103513965
+79191604483
+79191604954
+79191605209
+79191605269
+79191605380
+79191605433
+79191605451
+79191605456
+79191605914
+79191605938
+79107394591
+79107399467
+79803500799
+79803502246
+79803502393
+79803505668
+79803506209
+79803506210
+79803507425
+79803509081
+79803500799
+79803502246
+79803502393
+79803505668
+79803506209
+79803506210
+79803507425
+79803509081
+79803509837
+79803510015
+79192502318
+79192503381
+79192503816
+79192505539
+79192507523
+79192509198
+79192510715
+79192510803
+79192511193
+79192511930
+79803500799
+79803502246
+79803502393
+79803505668
+79803506209
+79803506210
+79803507425
+79803509081
+79803509837
+79803510015
+79102541472
+79102541509
+79102541527
+79102541561
+79102541564
+79102541567
+79102541578
+79102541583
+79102541590
+79102541600
+79802616149
+79802616175
+79802616377
+79802616617
+79802616625
+79802616981
+79802617154
+79802617156
+79802617163
+79802617164
+79107394591
+79107399467
+79802616149
+79802616175
+79802616377
+79802616617
+79802616625
+79802616981
+79802617154
+79802617156
+79192502318
+79192503381
+79192503816
+79192505539
+79192507523
+79192509198
+79192510715
+79192510803
+79192511193
+79192511930
+79107422945
+79107423235
+79107424324
+79107424378
+79107424396
+79107424581
+79107424870
+79107424973
+79107425102
+79107425249
+79803500799
+79803502246
+79803502393
+79803505668
+79803506209
+79803506210
+79803507425
+79803509081
+79803509837
+79803510015
+79802507363
+79802507375
+79802507411
+79802507467
+79802507498
+79802507504
+79802507529
+79802507573
+79802507585
+79802507591
+79802616149
+79802616175
+79802616377
+79802616617
+79802616625
+79802616981
+79802617154
+79802617156
+79802617163
+79802617164
+79191604483
+79191604954
+79191605209
+79191605269
+79191605380
+79191605433
+79191605451
+79191605456
+79191605914
+79191605938
+79158505674
+79158505932
+79158506136
+79158506172
+79158507419
+79158507617
+79158508649
+79158509057
+79158509061
+79158509758
+79802507363
+79802507375
+79802507411
+79802507467
+79802507498
+79802507504
+79802507529
+79802507573
+79802507585
+79802507591
+79803500799
+79803502246
+79803502393
+79803505668
+79803506209
+79803506210
+79803507425
+79803509081
+79803509837
+79803510015
+79802616149
+79802616175
+79802616377
+79802616617
+79802616625
+79802616981
+79802617154
+79802617156
+79802617163
+79802617164
+79107422945
+79107423235
+79107424324
+79107424378
+79107424396
+79107424581
+79107424870
+79107424973
+79107425102
+79107425249
+79107394591
+79107399467
+79107422945
+79107423235
+79107424324
+79107424378
+79107424396
+79107424581
+79107424870
+79107424973
+79192502318
+79192503381
+79192503816
+79192505539
+79192507523
+79192509198
+79192510715
+79192510803
+79192511193
+79192511930
+79191604483
+79191604954
+79191605209
+79191605269
+79191605380
+79191605433
+79191605451
+79191605456
+79191605914
+79191605938
+79192502318
+79192503381
+79192503816
+79192505539
+79192507523
+79192509198
+79192510715
+79192510803
+79192511193
+79192511930
+79158505674
+79158505932
+79158506136
+79158506172
+79158507419
+79158507617
+79158508649
+79158509057
+79158509061
+79158509758
+79107394591
+79107399467
+79103501565
+79103502059
+79103502699
+79103505224
+79103509247
+79103510004
+79103510527
+79103510682
+79102541472
+79102541509
+79102541527
+79102541561
+79102541564
+79102541567
+79102541578
+79102541583
+79102541590
+79102541600
+79803500799
+79803502246
+79803502393
+79803505668
+79803506209
+79803506210
+79803507425
+79803509081
+79803509837
+79803510015
+79192502318
+79192503381
+79192503816
+79192505539
+79192507523
+79192509198
+79192510715
+79192510803
+79192511193
+79192511930
+79191604483
+79191604954
+79191605209
+79191605269
+79191605380
+79191605433
+79191605451
+79191605456
+79191605914
+79191605938
+79802616149
+79802616175
+79802616377
+79802616617
+79802616625
+79802616981
+79802617154
+79802617156
+79802617163
+79802617164
+79192502318
+79192503381
+79192503816
+79192505539
+79192507523
+79192509198
+79192510715
+79192510803
+79192511193
+79192511930
+79802616149
+79802616175
+79802616377
+79802616617
+79802616625
+79802616981
+79802617154
+79802617156
+79802617163
+79802617164
+79802507363
+79802507375
+79802507411
+79802507467
+79802507498
+79802507504
+79802507529
+79802507573
+79802507585
+79802507591
+79191604483
+79191604954
+79191605209
+79191605269
+79191605380
+79191605433
+79191605451
+79191605456
+79191605914
+79191605938
+79107394591
+79107399467
+79192502318
+79192503381
+79192503816
+79192505539
+79192507523
+79192509198
+79192510715
+79192510803
+79155504786
+79155504819
+79155505396
+79155505439
+79155506143
+79155506155
+79155506503
+79155506861
+79155507146
+79155507237
+79802507363
+79802507375
+79802507411
+79802507467
+79802507498
+79802507504
+79802507529
+79802507573
+79802507585
+79802507591
+79102541472
+79102541509
+79102541527
+79102541561
+79102541564
+79102541567
+79102541578
+79102541583
+79102541590
+79102541600
+79192502318
+79192503381
+79192503816
+79192505539
+79192507523
+79192509198
+79192510715
+79192510803
+79192511193
+79192511930
