+79886650027
+79886650042
+79886650173
+79886650174
+79886650195
+79886650414
+79886650840
+79886650841
+79886651261
+79886651272
+79888101573
+79888101581
+79888101603
+79888101604
+79888101607
+79888101609
+79888101611
+79888101620
+79888101621
+79888101625
+79188103852
+79188103867
+79188103870
+79188103871
+79188103874
+79188103875
+79188103876
+79188103877
+79188103878
+79188103879
+79888200043
+79888200046
+79888201592
+79888201593
+79888201596
+79888201601
+79888201602
+79888201657
+79888201668
+79888201684
+79886650027
+79886650042
+79886650173
+79886650174
+79886650195
+79886650414
+79886650840
+79886650841
+79886651261
+79886651272
+79888101573
+79888101581
+79888101603
+79888101604
+79888101607
+79888101609
+79888101611
+79888101620
+79888101621
+79888101625
+79888101573
+79888101581
+79888101603
+79888101604
+79888101607
+79888101609
+79888101611
+79888101620
+79888101621
+79888101625
+79888101573
+79888101581
+79888101603
+79888101604
+79888101607
+79888101609
+79888101611
+79888101620
+79888101621
+79888101625
+79886650027
+79886650042
+79886650173
+79886650174
+79886650195
+79886650414
+79886650840
+79886650841
+79886651261
+79886651272
+79881201230
+79881201247
+79881201491
+79881201503
+79881201527
+79881201528
+79881202367
+79881202412
+79881202531
+79881202532
+79188103852
+79188103867
+79188103870
+79188103871
+79188103874
+79188103875
+79188103876
+79188103877
+79188103878
+79188103879
+79888200043
+79888200046
+79888201592
+79888201593
+79888201596
+79888201601
+79888201602
+79888201657
+79888201668
+79888201684
+79888101573
+79888101581
+79888101603
+79888101604
+79888101607
+79888101609
+79888101611
+79888101620
+79888101621
+79888101625
+79888000260
+79888000327
+79888000419
+79888000428
+79888000459
+79888000473
+79888000478
+79888000479
+79888000481
+79888000491
+79888200043
+79888200046
+79888201592
+79888201593
+79888201596
+79888201601
+79888201602
+79888201657
+79888201668
+79888201684
+79888101573
+79888101581
+79888101603
+79888101604
+79888101607
+79888101609
+79888101611
+79888101620
+79888101621
+79888101625
+79888101573
+79888101581
+79888101603
+79888101604
+79888101607
+79888101609
+79888101611
+79888101620
+79888101621
+79888101625
+79188103852
+79188103867
+79188103870
+79188103871
+79188103874
+79188103875
+79188103876
+79188103877
+79188103878
+79188103879
+79886650027
+79886650042
+79886650173
+79886650174
+79886650195
+79886650414
+79886650840
+79886650841
+79886651261
+79886651272
+79888101573
+79888101581
+79888101603
+79888101604
+79888101607
+79888101609
+79888101611
+79888101620
+79888101621
+79888101625
+79886650027
+79886650042
+79886650173
+79886650174
+79886650195
+79886650414
+79886650840
+79886650841
+79886651261
+79886651272
+79881201230
+79881201247
+79881201491
+79881201503
+79881201527
+79881201528
+79881202367
+79881202412
+79881202531
+79881202532
+79881201230
+79881201247
+79881201491
+79881201503
+79881201527
+79881201528
+79881202367
+79881202412
+79881202531
+79881202532
+79888101573
+79888101581
+79888101603
+79888101604
+79888101607
+79888101609
+79888101611
+79888101620
+79888101621
+79888101625
+79888000260
+79888000327
+79888000419
+79888000428
+79888000459
+79888000473
+79888000478
+79888000479
+79888000481
+79888000491
+79888200043
+79888200046
+79888201592
+79888201593
+79888201596
+79888201601
+79888201602
+79888201657
+79888201668
+79888201684
+79188103852
+79188103867
+79188103870
+79188103871
+79188103874
+79188103875
+79188103876
+79188103877
+79188103878
+79188103879
+79888000260
+79888000327
+79888000419
+79888000428
+79888000459
+79888000473
+79888000478
+79888000479
+79888000481
+79888000491
+79188103852
+79188103867
+79188103870
+79188103871
+79188103874
+79188103875
+79188103876
+79188103877
+79188103878
+79188103879
+79886650027
+79886650042
+79886650173
+79886650174
+79886650195
+79886650414
+79886650840
+79886650841
+79886651261
+79886651272
+79888200043
+79888200046
+79888201592
+79888201593
+79888201596
+79888201601
+79888201602
+79888201657
+79888201668
+79888201684
+79888101573
+79888101581
+79888101603
+79888101604
+79888101607
+79888101609
+79888101611
+79888101620
+79888101621
+79888101625
+79888200043
+79888200046
+79888201592
+79888201593
+79888201596
+79888201601
+79888201602
+79888201657
+79888201668
+79888201684
+79881201230
+79881201247
+79881201491
+79881201503
+79881201527
+79881201528
+79881202367
+79881202412
+79881202531
+79881202532
+79888200043
+79888200046
+79888201592
+79888201593
+79888201596
+79888201601
+79888201602
+79888201657
+79888201668
+79888201684
+79888000260
+79888000327
+79888000419
+79888000428
+79888000459
+79888000473
+79888000478
+79888000479
+79888000481
+79888000491
+79188103852
+79188103867
+79188103870
+79188103871
+79188103874
+79188103875
+79188103876
+79188103877
+79188103878
+79188103879
+79888101573
+79888101581
+79888101603
+79888101604
+79888101607
+79888101609
+79888101611
+79888101620
+79888101621
+79888101625
+79881201230
+79881201247
+79881201491
+79881201503
+79881201527
+79881201528
+79881202367
+79881202412
+79881202531
+79881202532
+79886650027
+79886650042
+79886650173
+79886650174
+79886650195
+79886650414
+79886650840
+79886650841
+79886651261
+79886651272
+79888200043
+79888200046
+79888201592
+79888201593
+79888201596
+79888201601
+79888201602
+79888201657
+79888201668
+79888201684
+79188103852
+79188103867
+79188103870
+79188103871
+79188103874
+79188103875
+79188103876
+79188103877
+79188103878
+79188103879
+79886650027
+79886650042
+79886650173
+79886650174
+79886650195
+79886650414
+79886650840
+79886650841
+79886651261
+79886651272
+79886650027
+79886650042
+79886650173
+79886650174
+79886650195
+79886650414
+79886650840
+79886650841
+79886651261
+79886651272
+79188103852
+79188103867
+79188103870
+79188103871
+79188103874
+79188103875
+79188103876
+79188103877
+79188103878
+79188103879
+79888101573
+79888101580
+79888101581
+79888101603
+79888101604
+79888101607
+79888101609
+79888101611
+79888101620
+79888101621
+79888000260
+79888000327
+79888000419
+79888000428
+79888000459
+79888000473
+79888000478
+79888000479
+79888000481
+79888000491
+79881201230
+79881201247
+79881201491
+79881201503
+79881201527
+79881201528
+79881202367
+79881202412
+79881202531
+79881202532
+79888000260
+79888000327
+79888000419
+79888000428
+79888000459
+79888000473
+79888000478
+79888000479
+79888000481
+79888000491
+79886650027
+79886650042
+79886650173
+79886650174
+79886650195
+79886650414
+79886650840
+79886650841
+79886651261
+79886651272
+79888200043
+79888200046
+79888201592
+79888201593
+79888201596
+79888201601
+79888201602
+79888201657
+79888201668
+79888201684
+79888200043
+79888200046
+79888201592
+79888201593
+79888201596
+79888201601
+79888201602
+79888201657
+79888201668
+79888201684
+79881201230
+79881201247
+79881201491
+79881201503
+79881201527
+79881201528
+79881202367
+79881202412
+79881202531
+79881202532
+79888000260
+79888000327
+79888000419
+79888000428
+79888000459
+79888000473
+79888000478
+79888000479
+79888000481
+79888000491
+79188103852
+79188103867
+79188103870
+79188103871
+79188103874
+79188103875
+79188103876
+79188103877
+79188103878
+79188103879
+79888000260
+79888000327
+79888000419
+79888000428
+79888000459
+79888000473
+79888000478
+79888000479
+79888000481
+79888000491
+79888101573
+79888101580
+79888101581
+79888101603
+79888101604
+79888101607
+79888101609
+79888101611
+79888101620
+79888101621
+79888000260
+79888000327
+79888000419
+79888000428
+79888000459
+79888000473
+79888000478
+79888000479
+79888000481
+79888000491
+79188103852
+79188103867
+79188103870
+79188103871
+79188103874
+79188103875
+79188103876
+79188103877
+79188103878
+79188103879
+79888200043
+79888200046
+79888201592
+79888201593
+79888201596
+79888201601
+79888201602
+79888201657
+79888201668
+79888201684
+79886650027
+79886650042
+79886650173
+79886650174
+79886650195
+79886650414
+79886650840
+79886650841
+79886651261
+79886651272
+79888000260
+79888000327
+79888000419
+79888000428
+79888000459
+79888000473
+79888000478
+79888000479
+79888000481
+79888000491
+79886650027
+79886650042
+79886650173
+79886650174
+79886650195
+79886650414
+79886650840
+79886650841
+79886651261
+79886651272
+79888000260
+79888000327
+79888000419
+79888000428
+79888000459
+79888000473
+79888000478
+79888000479
+79888000481
+79888000491
+79888000260
+79888000327
+79888000419
+79888000428
+79888000459
+79888000473
+79888000478
+79888000479
+79888000481
+79888000491
+79888000260
+79888000327
+79888000419
+79888000428
+79888000459
+79888000473
+79888000478
+79888000479
+79888000481
+79888000491
+79188103852
+79188103867
+79188103870
+79188103871
+79188103874
+79188103875
+79188103876
+79188103877
+79188103878
+79188103879
+79881201230
+79881201247
+79881201491
+79881201503
+79881201527
+79881201528
+79881202367
+79881202412
+79881202531
+79881202532
+79888000260
+79888000327
+79888000419
+79888000428
+79888000459
+79888000473
+79888000478
+79888000479
+79888000481
+79888000491
+79881201230
+79881201247
+79881201491
+79881201503
+79881201527
+79881201528
+79881202367
+79881202412
+79881202531
+79881202532
+79188103852
+79188103867
+79188103870
+79188103871
+79188103874
+79188103875
+79188103876
+79188103877
+79188103878
+79188103879
+79886650027
+79886650042
+79886650173
+79886650174
+79886650195
+79886650414
+79886650840
+79886650841
+79886651261
+79886651272
+79888101573
+79888101580
+79888101581
+79888101603
+79888101604
+79888101607
+79888101609
+79888101611
+79888101620
+79888101621
+79888000260
+79888000327
+79888000419
+79888000428
+79888000459
+79888000473
+79888000478
+79888000479
+79888000481
+79888000491
+79886650027
+79886650042
+79886650173
+79886650174
+79886650195
+79886650414
+79886650840
+79886650841
+79886651261
+79886651272
+79888000260
+79888000327
+79888000419
+79888000428
+79888000459
+79888000473
+79888000478
+79888000479
+79888000481
+79888000491
+79888000260
+79888000327
+79888000419
+79888000428
+79888000459
+79888000473
+79888000478
+79888000479
+79888000481
+79888000491
+79886650027
+79886650042
+79886650173
+79886650174
+79886650195
+79886650414
+79886650840
+79886650841
+79886651261
+79886651272
+79881201230
+79881201247
+79881201491
+79881201503
+79881201527
+79881201528
+79881202367
+79881202412
+79881202531
+79881202532
+79888000260
+79888000327
+79888000419
+79888000428
+79888000459
+79888000473
+79888000478
+79888000479
+79888000481
+79888000491
+79881201230
+79881201247
+79881201491
+79881201503
+79881201527
+79881201528
+79881202367
+79881202412
+79881202531
+79881202532
+79888101573
+79888101580
+79888101581
+79888101603
+79888101604
+79888101607
+79888101609
+79888101611
+79888101620
+79888101621
+79881201230
+79881201247
+79881201491
+79881201503
+79881201527
+79881201528
+79881202367
+79881202412
+79881202531
+79881202532
+79888000260
+79888000327
+79888000419
+79888000428
+79888000459
+79888000473
+79888000478
+79888000479
+79888000481
+79888000491
+79881201230
+79881201247
+79881201491
+79881201503
+79881201527
+79881201528
+79881202367
+79881202412
+79881202531
+79881202532
+79888101573
+79888101580
+79888101581
+79888101603
+79888101604
+79888101607
+79888101609
+79888101611
+79888101620
+79888101621
+79888101573
+79888101580
+79888101581
+79888101603
+79888101604
+79888101607
+79888101609
+79888101611
+79888101620
+79888101621
+79886650027
+79886650042
+79886650173
+79886650174
+79886650195
+79886650414
+79886650840
+79886650841
+79886651261
+79886651272
+79881201230
+79881201247
+79881201491
+79881201503
+79881201527
+79881201528
+79881202367
+79881202412
+79881202531
+79881202532
+79188103852
+79188103867
+79188103870
+79188103871
+79188103874
+79188103875
+79188103876
+79188103877
+79188103878
+79188103879
+79188103852
+79188103867
+79188103870
+79188103871
+79188103874
+79188103875
+79188103876
+79188103877
+79188103878
+79188103879
+79888200043
+79888200046
+79888201592
+79888201593
+79888201596
+79888201601
+79888201602
+79888201657
+79888201668
+79888201684
+79886650027
+79886650042
+79886650173
+79886650174
+79886650195
+79886650414
+79886650840
+79886650841
+79886651261
+79886651272
+79888200043
+79888200046
+79888201592
+79888201593
+79888201596
+79888201601
+79888201602
+79888201657
+79888201668
+79888201684
+79888200043
+79888200046
+79888201592
+79888201593
+79888201596
+79888201601
+79888201602
+79888201657
+79888201668
+79888201684
+79188103852
+79188103867
+79188103870
+79188103871
+79188103874
+79188103875
+79188103876
+79188103877
+79188103878
+79188103879
+79888000260
+79888000327
+79888000419
+79888000428
+79888000459
+79888000473
+79888000478
+79888000479
+79888000481
+79888000491
+79888101573
+79888101580
+79888101581
+79888101603
+79888101604
+79888101607
+79888101609
+79888101611
+79888101620
+79888101621
+79888200043
+79888200046
+79888201592
+79888201593
+79888201596
+79888201601
+79888201602
+79888201657
+79888201668
+79888201684
+79888101573
+79888101580
+79888101581
+79888101603
+79888101604
+79888101607
+79888101609
+79888101611
+79888101620
+79888101621
+79888000260
+79888000327
+79888000419
+79888000428
+79888000459
+79888000473
+79888000478
+79888000479
+79888000481
+79888000491
+79888101573
+79888101580
+79888101581
+79888101603
+79888101604
+79888101607
+79888101609
+79888101611
+79888101620
+79888101621
+79888101573
+79888101580
+79888101581
+79888101603
+79888101604
+79888101607
+79888101609
+79888101611
+79888101620
+79888101621
+79881201230
+79881201247
+79881201491
+79881201503
+79881201527
+79881201528
+79881202367
+79881202412
+79881202531
+79881202532
+79886650027
+79886650042
+79886650173
+79886650174
+79886650195
+79886650414
+79886650840
+79886650841
+79886651261
+79886651272
+79888200043
+79888200046
+79888201592
+79888201593
+79888201596
+79888201601
+79888201602
+79888201657
+79888201668
+79888201684
+79886650027
+79886650042
+79886650173
+79886650174
+79886650195
+79886650414
+79886650840
+79886650841
+79886651261
+79886651272
+79881201230
+79881201247
+79881201491
+79881201503
+79881201527
+79881201528
+79881202367
+79881202412
+79881202531
+79881202532
+79888200043
+79888200046
+79888201592
+79888201593
+79888201596
+79888201601
+79888201602
+79888201657
+79888201668
+79888201684
+79888000260
+79888000327
+79888000419
+79888000428
+79888000459
+79888000473
+79888000478
+79888000479
+79888000481
+79888000491
+79888200043
+79888200046
+79888201592
+79888201593
+79888201596
+79888201601
+79888201602
+79888201657
+79888201668
+79888201684
+79188103852
+79188103867
+79188103870
+79188103871
+79188103874
+79188103875
+79188103876
+79188103877
+79188103878
+79188103879
+79888000260
+79888000327
+79888000419
+79888000428
+79888000459
+79888000473
+79888000478
+79888000479
+79888000481
+79888000491
+79888200043
+79888200046
+79888201592
+79888201593
+79888201596
+79888201601
+79888201602
+79888201657
+79888201668
+79888201684
+79888000260
+79888000327
+79888000419
+79888000428
+79888000459
+79888000473
+79888000478
+79888000479
+79888000481
+79888000491
+79881201230
+79881201247
+79881201491
+79881201503
+79881201527
+79881201528
+79881202367
+79881202412
+79881202531
+79881202532
+79188103852
+79188103867
+79188103870
+79188103871
+79188103874
+79188103875
+79188103876
+79188103877
+79188103878
+79188103879
+79886650027
+79886650042
+79886650173
+79886650174
+79886650195
+79886650414
+79886650840
+79886650841
+79886651261
+79886651272
+79188103852
+79188103867
+79188103870
+79188103871
+79188103874
+79188103875
+79188103876
+79188103877
+79188103878
+79188103879
+79888200043
+79888200046
+79888201592
+79888201593
+79888201596
+79888201601
+79888201602
+79888201657
+79888201668
+79888201684
+79886650027
+79886650042
+79886650173
+79886650174
+79886650195
+79886650414
+79886650840
+79886650841
+79886651261
+79886651272
+79888101573
+79888101580
+79888101581
+79888101603
+79888101604
+79888101607
+79888101609
+79888101611
+79888101620
+79888101621
+79188103852
+79188103867
+79188103870
+79188103871
+79188103874
+79188103875
+79188103876
+79188103877
+79188103878
+79188103879
+79888200043
+79888200046
+79888201592
+79888201593
+79888201596
+79888201601
+79888201602
+79888201657
+79888201668
+79888201684
+79888000260
+79888000327
+79888000419
+79888000428
+79888000459
+79888000473
+79888000478
+79888000479
+79888000481
+79888000491
+79881201230
+79881201247
+79881201491
+79881201503
+79881201527
+79881201528
+79881202367
+79881202412
+79881202531
+79881202532
+79888000260
+79888000327
+79888000419
+79888000428
+79888000459
+79888000473
+79888000478
+79888000479
+79888000481
+79888000491
+79188103852
+79188103867
+79188103870
+79188103871
+79188103874
+79188103875
+79188103876
+79188103877
+79188103878
+79188103879
+79886650027
+79886650042
+79886650173
+79886650174
+79886650195
+79886650414
+79886650840
+79886650841
+79886651261
+79886651272
+79881201230
+79881201247
+79881201491
+79881201503
+79881201527
+79881201528
+79881202367
+79881202412
+79881202531
+79881202532
+79881201230
+79881201247
+79881201491
+79881201503
+79881201527
+79881201528
+79881202367
+79881202412
+79881202531
+79881202532
+79888200043
+79888200046
+79888201592
+79888201593
+79888201596
+79888201601
+79888201602
+79888201657
+79888201668
+79888201684
+79888200043
+79888200046
+79888201592
+79888201593
+79888201596
+79888201601
+79888201602
+79888201657
+79888201668
+79888201684
+79888101573
+79888101580
+79888101581
+79888101603
+79888101604
+79888101607
+79888101609
+79888101611
+79888101620
+79888101621
+79888000260
+79888000327
+79888000419
+79888000428
+79888000459
+79888000473
+79888000478
+79888000479
+79888000481
+79888000491
+79188103852
+79188103867
+79188103870
+79188103871
+79188103874
+79188103875
+79188103876
+79188103877
+79188103878
+79188103879
+79881201230
+79881201247
+79881201491
+79881201503
+79881201527
+79881201528
+79881202367
+79881202412
+79881202531
+79881202532
+79881201230
+79881201247
+79881201491
+79881201503
+79881201527
+79881201528
+79881202367
+79881202412
+79881202531
+79881202532
+79888101573
+79888101580
+79888101581
+79888101603
+79888101604
+79888101607
+79888101609
+79888101611
+79888101620
+79888101621
+79188103852
+79188103867
+79188103870
+79188103871
+79188103874
+79188103875
+79188103876
+79188103877
+79188103878
+79188103879
+79888000260
+79888000327
+79888000419
+79888000428
+79888000459
+79888000473
+79888000478
+79888000479
+79888000481
+79888000491
+79188103852
+79188103867
+79188103870
+79188103871
+79188103874
+79188103875
+79188103876
+79188103877
+79188103878
+79188103879
+79188103852
+79188103867
+79188103870
+79188103871
+79188103874
+79188103875
+79188103876
+79188103877
+79188103878
+79188103879
+79888101573
+79888101580
+79888101581
+79888101603
+79888101604
+79888101607
+79888101609
+79888101611
+79888101620
+79888101621
+79888000260
+79888000327
+79888000419
+79888000428
+79888000459
+79888000473
+79888000478
+79888000479
+79888000481
+79888000491
+79888000260
+79888000327
+79888000419
+79888000428
+79888000459
+79888000473
+79888000478
+79888000479
+79888000481
+79888000491
+79888101573
+79888101580
+79888101581
+79888101603
+79888101604
+79888101607
+79888101609
+79888101611
+79888101620
+79888101621
+79886650027
+79886650042
+79886650173
+79886650174
+79886650195
+79886650414
+79886650840
+79886650841
+79886651261
+79886651272
+79888101573
+79888101580
+79888101581
+79888101603
+79888101604
+79888101607
+79888101609
+79888101611
+79888101620
+79888101621
+79881201230
+79881201247
+79881201491
+79881201503
+79881201527
+79881201528
+79881202367
+79881202412
+79881202531
+79881202532
+79888200043
+79888200046
+79888201592
+79888201593
+79888201596
+79888201601
+79888201602
+79888201657
+79888201668
+79888201684
+79188103852
+79188103867
+79188103870
+79188103871
+79188103874
+79188103875
+79188103876
+79188103877
+79188103878
+79188103879
+79188103852
+79188103867
+79188103870
+79188103871
+79188103874
+79188103875
+79188103876
+79188103877
+79188103878
+79188103879
+79888200043
+79888200046
+79888201592
+79888201593
+79888201596
+79888201601
+79888201602
+79888201657
+79888201668
+79888201684
+79881201230
+79881201247
+79881201491
+79881201503
+79881201527
+79881201528
+79881202367
+79881202412
+79881202531
+79881202532
+79888000260
+79888000327
+79888000419
+79888000428
+79888000459
+79888000473
+79888000478
+79888000479
+79888000481
+79888000491
+79888000260
+79888000327
+79888000419
+79888000428
+79888000459
+79888000473
+79888000478
+79888000479
+79888000481
+79888000491
+79188103852
+79188103867
+79188103870
+79188103871
+79188103874
+79188103875
+79188103876
+79188103877
+79188103878
+79188103879
+79888200043
+79888200046
+79888201592
+79888201593
+79888201596
+79888201601
+79888201602
+79888201657
+79888201668
+79888201684
+79888101573
+79888101580
+79888101581
+79888101603
+79888101604
+79888101607
+79888101609
+79888101611
+79888101620
+79888101621
+79188103852
+79188103867
+79188103870
+79188103871
+79188103874
+79188103875
+79188103876
+79188103877
+79188103878
+79188103879
+79881201230
+79881201247
+79881201491
+79881201503
+79881201527
+79881201528
+79881202367
+79881202412
+79881202531
+79881202532
+79888200043
+79888200046
+79888201592
+79888201593
+79888201596
+79888201601
+79888201602
+79888201657
+79888201668
+79888201684
+79888101573
+79888101580
+79888101581
+79888101603
+79888101604
+79888101607
+79888101609
+79888101611
+79888101620
+79888101621
+79888000260
+79888000327
+79888000419
+79888000428
+79888000459
+79888000473
+79888000478
+79888000479
+79888000481
+79888000491
+79888101573
+79888101580
+79888101581
+79888101603
+79888101604
+79888101607
+79888101609
+79888101611
+79888101620
+79888101621
+79888101573
+79888101580
+79888101581
+79888101603
+79888101604
+79888101607
+79888101609
+79888101611
+79888101620
+79888101621
+79888000260
+79888000327
+79888000419
+79888000428
+79888000459
+79888000473
+79888000478
+79888000479
+79888000481
+79888000491
+79888200043
+79888200046
+79888201592
+79888201593
+79888201596
+79888201601
+79888201602
+79888201657
+79888201668
+79888201684
+79888200043
+79888200046
+79888201592
+79888201593
+79888201596
+79888201601
+79888201602
+79888201657
+79888201668
+79888201684
+79188103852
+79188103867
+79188103870
+79188103871
+79188103874
+79188103875
+79188103876
+79188103877
+79188103878
+79188103879
+79881201230
+79881201247
+79881201491
+79881201503
+79881201527
+79881201528
+79881202367
+79881202412
+79881202531
+79881202532
+79188103852
+79188103867
+79188103870
+79188103871
+79188103874
+79188103875
+79188103876
+79188103877
+79188103878
+79188103879
+79888000260
+79888000327
+79888000419
+79888000428
+79888000459
+79888000473
+79888000478
+79888000479
+79888000481
+79888000491
+79888000260
+79888000327
+79888000419
+79888000428
+79888000459
+79888000473
+79888000478
+79888000479
+79888000481
+79888000491
+79888000260
+79888000327
+79888000419
+79888000428
+79888000459
+79888000473
+79888000478
+79888000479
+79888000481
+79888000491
+79888101573
+79888101580
+79888101581
+79888101603
+79888101604
+79888101607
+79888101609
+79888101611
+79888101620
+79888101621
+79886650027
+79886650042
+79886650173
+79886650174
+79886650195
+79886650414
+79886650840
+79886650841
+79886651261
+79886651272
+79888000260
+79888000327
+79888000419
+79888000428
+79888000459
+79888000473
+79888000478
+79888000479
+79888000481
+79888000491
+79888101573
+79888101580
+79888101581
+79888101603
+79888101604
+79888101607
+79888101609
+79888101611
+79888101620
+79888101621
+79888000260
+79888000327
+79888000419
+79888000428
+79888000459
+79888000473
+79888000478
+79888000479
+79888000481
+79888000491
+79888000260
+79888000327
+79888000419
+79888000428
+79888000459
+79888000473
+79888000478
+79888000479
+79888000481
+79888000491
+79888200043
+79888200046
+79888201592
+79888201593
+79888201596
+79888201601
+79888201602
+79888201657
+79888201668
+79888201684
+79188103852
+79188103867
+79188103870
+79188103871
+79188103874
+79188103875
+79188103876
+79188103877
+79188103878
+79188103879
+79888000260
+79888000327
+79888000419
+79888000428
+79888000459
+79888000473
+79888000478
+79888000479
+79888000481
+79888000491
+79888000260
+79888000327
+79888000419
+79888000428
+79888000459
+79888000473
+79888000478
+79888000479
+79888000481
+79888000491
+79188103852
+79188103867
+79188103870
+79188103871
+79188103874
+79188103875
+79188103876
+79188103877
+79188103878
+79188103879
+79188103852
+79188103867
+79188103870
+79188103871
+79188103874
+79188103875
+79188103876
+79188103877
+79188103878
+79188103879
+79888101573
+79888101580
+79888101581
+79888101603
+79888101604
+79888101607
+79888101609
+79888101611
+79888101620
+79888101621
+79188103852
+79188103867
+79188103870
+79188103871
+79188103874
+79188103875
+79188103876
+79188103877
+79188103878
+79188103879
+79888101573
+79888101580
+79888101581
+79888101603
+79888101604
+79888101607
+79888101609
+79888101611
+79888101620
+79888101621
+79881201230
+79881201247
+79881201491
+79881201503
+79881201527
+79881201528
+79881202367
+79881202412
+79881202531
+79881202532
+79888200043
+79888200046
+79888201592
+79888201593
+79888201596
+79888201601
+79888201602
+79888201657
+79888201668
+79888201684
+79888200043
+79888200046
+79888201592
+79888201593
+79888201596
+79888201601
+79888201602
+79888201657
+79888201668
+79888201684
+79888200043
+79888200046
+79888201592
+79888201593
+79888201596
+79888201601
+79888201602
+79888201657
+79888201668
+79888201684
+79888200043
+79888200046
+79888201592
+79888201593
+79888201596
+79888201601
+79888201602
+79888201657
+79888201668
+79888201684
