+79170034778
+79170034952
+79170034968
+79170035086
+79170035096
+79170035097
+79170035108
+79170035143
+79170035187
+79170035194
+79179901345
+79179901369
+79179901601
+79179901708
+79179901864
+79179901973
+79179902172
+79179902501
+79179903533
+79179904402
+79876901419
+79876901428
+79876901457
+79876901462
+79876901470
+79876901493
+79876901496
+79876901505
+79876901513
+79876901543
+79176900134
+79176900138
+79176900148
+79176900158
+79176900160
+79176900219
+79176900246
+79176900254
+79176900271
+79176900276
+79170034778
+79170034952
+79170034968
+79170035086
+79170035096
+79170035097
+79170035108
+79170035143
+79170035187
+79170035194
+79197800244
+79197800257
+79197800258
+79197800340
+79197800379
+79197800457
+79197800461
+79197800470
+79197800471
+79197800473
+79876901419
+79876901428
+79876901457
+79876901462
+79876901470
+79876901493
+79876901496
+79876901505
+79876901513
+79876901543
+79179901345
+79179901369
+79179901601
+79179901708
+79179901864
+79179901973
+79179902172
+79179902501
+79179903533
+79179904402
+79170034778
+79170034952
+79170034968
+79170035086
+79170035096
+79170035097
+79170035108
+79170035143
+79170035187
+79170035194
+79197870423
+79197870673
+79197870674
+79197870675
+79197870677
+79197870678
+79197870679
+79197870696
+79197870705
+79197870832
+79876901419
+79876901428
+79876901457
+79876901462
+79876901470
+79876901493
+79876901496
+79876901505
+79876901513
+79876901543
+79197850277
+79197850338
+79197850340
+79197850345
+79197850360
+79197850363
+79197850410
+79197850418
+79197850425
+79197850455
+79170034778
+79170034952
+79170034968
+79170035086
+79170035096
+79170035097
+79170035108
+79170035143
+79170035187
+79170035194
+79176900134
+79176900138
+79176900148
+79176900158
+79176900160
+79176900219
+79176900246
+79176900254
+79176900271
+79176900276
+79197870423
+79197870673
+79197870674
+79197870675
+79197870677
+79197870678
+79197870679
+79197870696
+79197870705
+79197870832
+79879900378
+79879901292
+79879901342
+79879901347
+79879901360
+79879901372
+79879901374
+79879901392
+79879901394
+79879901401
+79170720071
+79170720190
+79170720658
+79170720660
+79170720676
+79170720677
+79170720681
+79170720682
+79170720687
+79170720696
+79875700692
+79875701096
+79875701142
+79875701156
+79875701276
+79875701302
+79875701327
+79875701331
+79875701332
+79875701336
+79170720071
+79170720190
+79170720658
+79170720660
+79170720676
+79170720677
+79170720681
+79170720682
+79170720687
+79170720696
+79875650154
+79875650327
+79875650358
+79875650361
+79875650366
+79875650367
+79875650376
+79875650378
+79875650381
+79875650386
+79875700692
+79875701096
+79875701142
+79875701156
+79875701276
+79875701302
+79875701327
+79875701331
+79875701332
+79875701336
+79197850277
+79197850338
+79197850340
+79197850345
+79197850360
+79197850363
+79197850410
+79197850418
+79197850425
+79197850455
+79176900134
+79176900138
+79176900148
+79176900158
+79176900160
+79176900219
+79176900246
+79176900254
+79176900271
+79176900276
+79179901345
+79179901369
+79179901601
+79179901708
+79179901864
+79179901973
+79179902172
+79179902501
+79179903533
+79179904402
+79875694126
+79875694129
+79875694130
+79875694132
+79875694138
+79875694139
+79875694141
+79875694143
+79875694144
+79875694147
+79875700692
+79875701096
+79875701142
+79875701156
+79875701276
+79875701302
+79875701327
+79875701331
+79875701332
+79875701336
+79179901345
+79179901369
+79179901601
+79179901708
+79179901864
+79179901973
+79179902172
+79179902501
+79179903533
+79179904402
+79170720071
+79170720190
+79170720658
+79170720660
+79170720676
+79170720677
+79170720681
+79170720682
+79170720687
+79170720696
+79170680169
+79170680421
+79170680483
+79170681076
+79170681125
+79170681148
+79170681175
+79170681183
+79170681203
+79170681279
+79176900134
+79176900138
+79176900148
+79176900158
+79176900160
+79176900219
+79176900246
+79176900254
+79176900271
+79176900276
+79179901345
+79179901369
+79179901601
+79179901708
+79179901864
+79179901973
+79179902172
+79179902501
+79179903533
+79179904402
+79876901419
+79876901428
+79876901457
+79876901462
+79876901470
+79876901493
+79876901496
+79876901505
+79876901513
+79876901543
+79870100039
+79870100043
+79870100048
+79870100052
+79870100053
+79870100054
+79870100056
+79870100058
+79870100059
+79870100062
+79875694126
+79875694129
+79875694130
+79875694132
+79875694138
+79875694139
+79875694141
+79875694143
+79875694144
+79875694147
+79170680169
+79170680421
+79170680483
+79170681076
+79170681125
+79170681148
+79170681175
+79170681183
+79170681203
+79170681279
+79875650154
+79875650327
+79875650358
+79875650361
+79875650366
+79875650367
+79875650376
+79875650378
+79875650381
+79875650386
+79876901419
+79876901428
+79876901457
+79876901462
+79876901470
+79876901493
+79876901496
+79876901505
+79876901513
+79876901543
+79879900378
+79879901292
+79879901342
+79879901347
+79879901360
+79879901372
+79879901374
+79879901392
+79879901394
+79879901401
+79875650154
+79875650327
+79875650358
+79875650361
+79875650366
+79875650367
+79875650376
+79875650378
+79875650381
+79875650386
+79870100039
+79870100043
+79870100048
+79870100052
+79870100053
+79870100054
+79870100056
+79870100058
+79870100059
+79870100062
+79197800244
+79197800257
+79197800258
+79197800340
+79197800379
+79197800457
+79197800461
+79197800470
+79197800471
+79197800473
+79879900378
+79879901292
+79879901342
+79879901347
+79879901360
+79879901372
+79879901374
+79879901392
+79879901394
+79879901401
+79170720071
+79170720190
+79170720658
+79170720660
+79170720676
+79170720677
+79170720681
+79170720682
+79170720687
+79170720696
+79875700692
+79875701096
+79875701142
+79875701156
+79875701276
+79875701302
+79875701327
+79875701331
+79875701332
+79875701336
+79170720071
+79170720190
+79170720658
+79170720660
+79170720676
+79170720677
+79170720681
+79170720682
+79170720687
+79170720696
+79870100039
+79870100043
+79870100048
+79870100052
+79870100053
+79870100054
+79870100056
+79870100058
+79870100059
+79870100062
+79875694126
+79875694129
+79875694130
+79875694132
+79875694138
+79875694139
+79875694141
+79875694143
+79875694144
+79875694147
+79197870423
+79197870673
+79197870674
+79197870675
+79197870677
+79197870678
+79197870679
+79197870696
+79197870705
+79197870832
+79879900378
+79879901292
+79879901342
+79879901347
+79879901360
+79879901372
+79879901374
+79879901392
+79879901394
+79879901401
+79875700692
+79875701096
+79875701142
+79875701156
+79875701276
+79875701302
+79875701327
+79875701331
+79875701332
+79875701336
+79879900378
+79879901292
+79879901342
+79879901347
+79879901360
+79879901372
+79879901374
+79879901392
+79879901394
+79879901401
+79870100039
+79870100043
+79870100048
+79870100052
+79870100053
+79870100054
+79870100056
+79870100058
+79870100059
+79870100062
+79876901419
+79876901428
+79876901457
+79876901462
+79876901470
+79876901493
+79876901496
+79876901505
+79876901513
+79876901543
+79197850277
+79197850338
+79197850340
+79197850345
+79197850360
+79197850363
+79197850410
+79197850418
+79197850425
+79197850455
+79197800244
+79197800257
+79197800258
+79197800340
+79197800379
+79197800457
+79197800461
+79197800470
+79197800471
+79197800473
+79170680169
+79170680421
+79170680483
+79170681076
+79170681125
+79170681148
+79170681175
+79170681183
+79170681203
+79170681279
+79176900134
+79176900138
+79176900148
+79176900158
+79176900160
+79176900219
+79176900246
+79176900254
+79176900271
+79176900276
+79875650154
+79875650327
+79875650358
+79875650361
+79875650366
+79875650367
+79875650376
+79875650378
+79875650381
+79875650386
+79197850277
+79197850338
+79197850340
+79197850345
+79197850360
+79197850363
+79197850410
+79197850418
+79197850425
+79197850455
+79170680169
+79170680421
+79170680483
+79170681076
+79170681125
+79170681148
+79170681175
+79170681183
+79170681203
+79170681279
+79197870423
+79197870673
+79197870674
+79197870675
+79197870677
+79197870678
+79197870679
+79197870696
+79197870705
+79197870832
+79870100039
+79870100043
+79870100048
+79870100052
+79870100053
+79870100054
+79870100056
+79870100058
+79870100059
+79870100062
+79875694126
+79875694129
+79875694130
+79875694132
+79875694138
+79875694139
+79875694141
+79875694143
+79875694144
+79875694147
+79879900378
+79879901292
+79879901342
+79879901347
+79879901360
+79879901372
+79879901374
+79879901392
+79879901394
+79879901401
+79876800052
+79876800106
+79876800147
+79876800496
+79876800497
+79876800619
+79876800622
+79876800626
+79876800637
+79876800639
+79870100039
+79870100043
+79870100048
+79870100052
+79870100053
+79870100054
+79870100056
+79870100058
+79870100059
+79870100062
+79197870423
+79197870673
+79197870674
+79197870675
+79197870677
+79197870678
+79197870679
+79197870696
+79197870705
+79197870832
+79875650154
+79875650327
+79875650358
+79875650361
+79875650366
+79875650367
+79875650376
+79875650378
+79875650381
+79875650386
+79876901419
+79876901428
+79876901457
+79876901462
+79876901470
+79876901493
+79876901496
+79876901505
+79876901513
+79876901543
+79176900134
+79176900138
+79176900148
+79176900158
+79176900160
+79176900219
+79176900246
+79176900254
+79176900271
+79176900276
+79176900134
+79176900138
+79176900148
+79176900158
+79176900160
+79176900219
+79176900246
+79176900254
+79176900271
+79176900276
+79170720071
+79170720190
+79170720658
+79170720660
+79170720676
+79170720677
+79170720681
+79170720682
+79170720687
+79170720696
+79170034778
+79170034952
+79170034968
+79170035086
+79170035096
+79170035097
+79170035108
+79170035143
+79170035187
+79170035194
+79197870423
+79197870673
+79197870674
+79197870675
+79197870677
+79197870678
+79197870679
+79197870696
+79197870705
+79197870832
+79197800244
+79197800257
+79197800258
+79197800340
+79197800379
+79197800457
+79197800461
+79197800470
+79197800471
+79197800473
+79875694126
+79875694129
+79875694130
+79875694132
+79875694138
+79875694139
+79875694141
+79875694143
+79875694144
+79875694147
+79170680169
+79170680421
+79170680483
+79170681076
+79170681125
+79170681148
+79170681175
+79170681183
+79170681203
+79170681279
+79176900134
+79176900138
+79176900148
+79176900158
+79176900160
+79176900219
+79176900246
+79176900254
+79176900271
+79176900276
+79875694126
+79875694129
+79875694130
+79875694132
+79875694138
+79875694139
+79875694141
+79875694143
+79875694144
+79875694147
+79875650154
+79875650327
+79875650358
+79875650361
+79875650366
+79875650367
+79875650376
+79875650378
+79875650381
+79875650386
+79870100039
+79870100043
+79870100048
+79870100052
+79870100053
+79870100054
+79870100056
+79870100058
+79870100059
+79870100062
+79197870423
+79197870673
+79197870674
+79197870675
+79197870677
+79197870678
+79197870679
+79197870696
+79197870705
+79197870832
+79170034778
+79170034952
+79170034968
+79170035086
+79170035096
+79170035097
+79170035108
+79170035143
+79170035187
+79170035194
+79870100039
+79870100043
+79870100048
+79870100052
+79870100053
+79870100054
+79870100056
+79870100058
+79870100059
+79870100062
+79870100039
+79870100043
+79870100048
+79870100052
+79870100053
+79870100054
+79870100056
+79870100058
+79870100059
+79870100062
+79879900378
+79879901292
+79879901342
+79879901347
+79879901360
+79879901372
+79879901374
+79879901392
+79879901394
+79879901401
+79197870423
+79197870673
+79197870674
+79197870675
+79197870677
+79197870678
+79197870679
+79197870696
+79197870705
+79197870832
+79876901419
+79876901428
+79876901457
+79876901462
+79876901470
+79876901493
+79876901496
+79876901505
+79876901513
+79876901543
+79179901345
+79179901369
+79179901601
+79179901708
+79179901864
+79179901973
+79179902172
+79179902501
+79179903533
+79179904402
+79876800052
+79876800106
+79876800147
+79876800496
+79876800497
+79876800619
+79876800622
+79876800626
+79876800637
+79876800639
+79875694126
+79875694129
+79875694130
+79875694132
+79875694138
+79875694139
+79875694141
+79875694143
+79875694144
+79875694147
+79170034778
+79170034952
+79170034968
+79170035086
+79170035096
+79170035097
+79170035108
+79170035143
+79170035187
+79170035194
+79875700692
+79875701096
+79875701142
+79875701156
+79875701276
+79875701302
+79875701327
+79875701331
+79875701332
+79875701336
+79197870423
+79197870673
+79197870674
+79197870675
+79197870677
+79197870678
+79197870679
+79197870696
+79197870705
+79197870832
+79876901419
+79876901428
+79876901457
+79876901462
+79876901470
+79876901493
+79876901496
+79876901505
+79876901513
+79876901543
+79197850277
+79197850338
+79197850340
+79197850345
+79197850360
+79197850363
+79197850410
+79197850418
+79197850425
+79197850455
+79876800052
+79876800106
+79876800147
+79876800496
+79876800497
+79876800619
+79876800622
+79876800626
+79876800637
+79876800639
+79179901345
+79179901369
+79179901601
+79179901708
+79179901864
+79179901973
+79179902172
+79179902501
+79179903533
+79179904402
+79875694126
+79875694129
+79875694130
+79875694132
+79875694138
+79875694139
+79875694141
+79875694143
+79875694144
+79875694147
+79876800052
+79876800106
+79876800147
+79876800496
+79876800497
+79876800619
+79876800622
+79876800626
+79876800637
+79876800639
+79170720071
+79170720190
+79170720658
+79170720660
+79170720676
+79170720677
+79170720681
+79170720682
+79170720687
+79170720696
+79197850277
+79197850338
+79197850340
+79197850345
+79197850360
+79197850363
+79197850410
+79197850418
+79197850425
+79197850455
+79170720071
+79170720190
+79170720658
+79170720660
+79170720676
+79170720677
+79170720681
+79170720682
+79170720687
+79170720696
+79197850277
+79197850338
+79197850340
+79197850345
+79197850360
+79197850363
+79197850410
+79197850418
+79197850425
+79197850455
+79875650154
+79875650327
+79875650358
+79875650361
+79875650366
+79875650367
+79875650376
+79875650378
+79875650381
+79875650386
+79875700692
+79875701096
+79875701142
+79875701156
+79875701276
+79875701302
+79875701327
+79875701331
+79875701332
+79875701336
+79870100039
+79870100043
+79870100048
+79870100052
+79870100053
+79870100054
+79870100056
+79870100058
+79870100059
+79870100062
+79197800244
+79197800257
+79197800258
+79197800340
+79197800379
+79197800457
+79197800461
+79197800470
+79197800471
+79197800473
+79197800244
+79197800257
+79197800258
+79197800340
+79197800379
+79197800457
+79197800461
+79197800470
+79197800471
+79197800473
+79879900378
+79879901292
+79879901342
+79879901347
+79879901360
+79879901372
+79879901374
+79879901392
+79879901394
+79879901401
+79879900378
+79879901292
+79879901342
+79879901347
+79879901360
+79879901372
+79879901374
+79879901392
+79879901394
+79879901401
+79197850277
+79197850338
+79197850340
+79197850345
+79197850360
+79197850363
+79197850410
+79197850418
+79197850425
+79197850455
+79197870423
+79197870673
+79197870674
+79197870675
+79197870677
+79197870678
+79197870679
+79197870696
+79197870705
+79197870832
+79170680169
+79170680421
+79170680483
+79170681076
+79170681125
+79170681148
+79170681175
+79170681183
+79170681203
+79170681279
+79176900134
+79176900138
+79176900148
+79176900158
+79176900160
+79176900219
+79176900246
+79176900254
+79176900271
+79176900276
+79876901419
+79876901428
+79876901457
+79876901462
+79876901470
+79876901493
+79876901496
+79876901505
+79876901513
+79876901543
+79870100039
+79870100043
+79870100048
+79870100052
+79870100053
+79870100054
+79870100056
+79870100058
+79870100059
+79870100062
+79197800244
+79197800257
+79197800258
+79197800340
+79197800379
+79197800457
+79197800461
+79197800470
+79197800471
+79197800473
+79179901345
+79179901369
+79179901601
+79179901708
+79179901864
+79179901973
+79179902172
+79179902501
+79179903533
+79179904402
+79170680169
+79170680421
+79170680483
+79170681076
+79170681125
+79170681148
+79170681175
+79170681183
+79170681203
+79170681279
+79170680169
+79170680421
+79170680483
+79170681076
+79170681125
+79170681148
+79170681175
+79170681183
+79170681203
+79170681279
+79197850277
+79197850338
+79197850340
+79197850345
+79197850360
+79197850363
+79197850410
+79197850418
+79197850425
+79197850455
+79176900134
+79176900138
+79176900148
+79176900158
+79176900160
+79176900219
+79176900246
+79176900254
+79176900271
+79176900276
+79875700692
+79875701096
+79875701142
+79875701156
+79875701276
+79875701302
+79875701327
+79875701331
+79875701332
+79875701336
+79870100039
+79870100043
+79870100048
+79870100052
+79870100053
+79870100054
+79870100056
+79870100058
+79870100059
+79870100062
+79870100039
+79870100043
+79870100048
+79870100052
+79870100053
+79870100054
+79870100056
+79870100058
+79870100059
+79870100062
+79170034778
+79170034952
+79170034968
+79170035086
+79170035096
+79170035097
+79170035108
+79170035143
+79170035187
+79170035194
+79197870423
+79197870673
+79197870674
+79197870675
+79197870677
+79197870678
+79197870679
+79197870696
+79197870705
+79197870832
+79179901345
+79179901369
+79179901601
+79179901708
+79179901864
+79179901973
+79179902172
+79179902501
+79179903533
+79179904402
+79197850277
+79197850338
+79197850340
+79197850345
+79197850360
+79197850363
+79197850410
+79197850418
+79197850425
+79197850455
+79197850277
+79197850338
+79197850340
+79197850345
+79197850360
+79197850363
+79197850410
+79197850418
+79197850425
+79197850455
+79176900134
+79176900138
+79176900148
+79176900158
+79176900160
+79176900219
+79176900246
+79176900254
+79176900271
+79176900276
+79197850277
+79197850338
+79197850340
+79197850345
+79197850360
+79197850363
+79197850410
+79197850418
+79197850425
+79197850455
+79875694126
+79875694129
+79875694130
+79875694132
+79875694138
+79875694139
+79875694141
+79875694143
+79875694144
+79875694147
+79879900378
+79879901292
+79879901342
+79879901347
+79879901360
+79879901372
+79879901374
+79879901392
+79879901394
+79879901401
+79875700692
+79875701096
+79875701142
+79875701156
+79875701276
+79875701302
+79875701327
+79875701331
+79875701332
+79875701336
+79197870423
+79197870673
+79197870674
+79197870675
+79197870677
+79197870678
+79197870679
+79197870696
+79197870705
+79197870832
+79875694126
+79875694129
+79875694130
+79875694132
+79875694138
+79875694139
+79875694141
+79875694143
+79875694144
+79875694147
+79875694126
+79875694129
+79875694130
+79875694132
+79875694138
+79875694139
+79875694141
+79875694143
+79875694144
+79875694147
+79197870423
+79197870673
+79197870674
+79197870675
+79197870677
+79197870678
+79197870679
+79197870696
+79197870705
+79197870832
+79875694126
+79875694129
+79875694130
+79875694132
+79875694138
+79875694139
+79875694141
+79875694143
+79875694144
+79875694147
+79870100039
+79870100043
+79870100048
+79870100052
+79870100053
+79870100054
+79870100056
+79870100058
+79870100059
+79870100062
+79170720071
+79170720190
+79170720658
+79170720660
+79170720676
+79170720677
+79170720681
+79170720682
+79170720687
+79170720696
+79197870423
+79197870673
+79197870674
+79197870675
+79197870677
+79197870678
+79197870679
+79197870696
+79197870705
+79197870832
+79197800244
+79197800257
+79197800258
+79197800340
+79197800379
+79197800457
+79197800461
+79197800470
+79197800471
+79197800473
+79875694126
+79875694129
+79875694130
+79875694132
+79875694138
+79875694139
+79875694141
+79875694143
+79875694144
+79875694147
+79197800244
+79197800257
+79197800258
+79197800340
+79197800379
+79197800457
+79197800461
+79197800470
+79197800471
+79197800473
+79875694126
+79875694129
+79875694130
+79875694132
+79875694138
+79875694139
+79875694141
+79875694143
+79875694144
+79875694147
+79197850277
+79197850338
+79197850340
+79197850345
+79197850360
+79197850363
+79197850410
+79197850418
+79197850425
+79197850455
+79176900134
+79176900138
+79176900148
+79176900158
+79176900160
+79176900219
+79176900246
+79176900254
+79176900271
+79176900276
+79170680169
+79170680421
+79170680483
+79170681076
+79170681125
+79170681148
+79170681175
+79170681183
+79170681203
+79170681279
+79170680169
+79170680421
+79170680483
+79170681076
+79170681125
+79170681148
+79170681175
+79170681183
+79170681203
+79170681279
+79875700692
+79875701096
+79875701142
+79875701156
+79875701276
+79875701302
+79875701327
+79875701331
+79875701332
+79875701336
+79170720071
+79170720190
+79170720658
+79170720660
+79170720676
+79170720677
+79170720681
+79170720682
+79170720687
+79170720696
+79875650154
+79875650327
+79875650358
+79875650361
+79875650366
+79875650367
+79875650376
+79875650378
+79875650381
+79875650386
+79179901345
+79179901369
+79179901601
+79179901708
+79179901864
+79179901973
+79179902172
+79179902501
+79179903533
+79179904402
+79875700692
+79875701096
+79875701142
+79875701156
+79875701276
+79875701302
+79875701327
+79875701331
+79875701332
+79875701336
+79176900134
+79176900138
+79176900148
+79176900158
+79176900160
+79176900219
+79176900246
+79176900254
+79176900271
+79176900276
+79170034778
+79170034952
+79170034968
+79170035086
+79170035096
+79170035097
+79170035108
+79170035143
+79170035187
+79170035194
+79197870423
+79197870673
+79197870674
+79197870675
+79197870677
+79197870678
+79197870679
+79197870696
+79197870705
+79197870832
+79875650154
+79875650327
+79875650358
+79875650361
+79875650366
+79875650367
+79875650376
+79875650378
+79875650381
+79875650386
+79875694126
+79875694129
+79875694130
+79875694132
+79875694138
+79875694139
+79875694141
+79875694143
+79875694144
+79875694147
+79876800052
+79876800106
+79876800147
+79876800496
+79876800497
+79876800619
+79876800622
+79876800626
+79876800637
+79876800639
+79197800244
+79197800257
+79197800258
+79197800340
+79197800379
+79197800457
+79197800461
+79197800470
+79197800471
+79197800473
+79875694126
+79875694129
+79875694130
+79875694132
+79875694138
+79875694139
+79875694141
+79875694143
+79875694144
+79875694147
+79170034778
+79170034952
+79170034968
+79170035086
+79170035096
+79170035097
+79170035108
+79170035143
+79170035187
+79170035194
+79170034778
+79170034952
+79170034968
+79170035086
+79170035096
+79170035097
+79170035108
+79170035143
+79170035187
+79170035194
+79875650154
+79875650327
+79875650358
+79875650361
+79875650366
+79875650367
+79875650376
+79875650378
+79875650381
+79875650386
+79176900134
+79176900138
+79176900148
+79176900158
+79176900160
+79176900219
+79176900246
+79176900254
+79176900271
+79176900276
+79875700692
+79875701096
+79875701142
+79875701156
+79875701276
+79875701302
+79875701327
+79875701331
+79875701332
+79875701336
+79876901419
+79876901428
+79876901457
+79876901462
+79876901470
+79876901493
+79876901496
+79876901505
+79876901513
+79876901543
+79170720071
+79170720190
+79170720658
+79170720660
+79170720676
+79170720677
+79170720681
+79170720682
+79170720687
+79170720696
+79197850277
+79197850338
+79197850340
+79197850345
+79197850360
+79197850363
+79197850410
+79197850418
+79197850425
+79197850455
+79875694126
+79875694129
+79875694130
+79875694132
+79875694138
+79875694139
+79875694141
+79875694143
+79875694144
+79875694147
+79170034778
+79170034952
+79170034968
+79170035086
+79170035096
+79170035097
+79170035108
+79170035143
+79170035187
+79170035194
+79197850277
+79197850338
+79197850340
+79197850345
+79197850360
+79197850363
+79197850410
+79197850418
+79197850425
+79197850455
+79876901419
+79876901428
+79876901457
+79876901462
+79876901470
+79876901493
+79876901496
+79876901505
+79876901513
+79876901543
+79170034778
+79170034952
+79170034968
+79170035086
+79170035096
+79170035097
+79170035108
+79170035143
+79170035187
+79170035194
+79197800244
+79197800257
+79197800258
+79197800340
+79197800379
+79197800457
+79197800461
+79197800470
+79197800471
+79197800473
+79876901419
+79876901428
+79876901457
+79876901462
+79876901470
+79876901493
+79876901496
+79876901505
+79876901513
+79876901543
+79876800052
+79876800106
+79876800147
+79876800496
+79876800497
+79876800619
+79876800622
+79876800626
+79876800637
+79876800639
+79870100039
+79870100043
+79870100048
+79870100052
+79870100053
+79870100054
+79870100056
+79870100058
+79870100059
+79870100062
+79170680169
+79170680421
+79170680483
+79170681076
+79170681125
+79170681148
+79170681175
+79170681183
+79170681203
+79170681279
+79197800244
+79197800257
+79197800258
+79197800340
+79197800379
+79197800457
+79197800461
+79197800470
+79197800471
+79197800473
+79170034778
+79170034952
+79170034968
+79170035086
+79170035096
+79170035097
+79170035108
+79170035143
+79170035187
+79170035194
+79879900378
+79879901292
+79879901342
+79879901347
+79879901360
+79879901372
+79879901374
+79879901392
+79879901394
+79879901401
+79179901345
+79179901369
+79179901601
+79179901708
+79179901864
+79179901973
+79179902172
+79179902501
+79179903533
+79179904402
+79870100039
+79870100043
+79870100048
+79870100052
+79870100053
+79870100054
+79870100056
+79870100058
+79870100059
+79870100062
+79197870423
+79197870673
+79197870674
+79197870675
+79197870677
+79197870678
+79197870679
+79197870696
+79197870705
+79197870832
+79870100039
+79870100043
+79870100048
+79870100052
+79870100053
+79870100054
+79870100056
+79870100058
+79870100059
+79870100062
+79876901419
+79876901428
+79876901457
+79876901462
+79876901470
+79876901493
+79876901496
+79876901505
+79876901513
+79876901543
+79170720071
+79170720190
+79170720658
+79170720660
+79170720676
+79170720677
+79170720681
+79170720682
+79170720687
+79170720696
+79179901345
+79179901369
+79179901601
+79179901708
+79179901864
+79179901973
+79179902172
+79179902501
+79179903533
+79179904402
+79197800244
+79197800257
+79197800258
+79197800340
+79197800379
+79197800457
+79197800461
+79197800470
+79197800471
+79197800473
+79197870423
+79197870673
+79197870674
+79197870675
+79197870677
+79197870678
+79197870679
+79197870696
+79197870705
+79197870832
+79170720071
+79170720190
+79170720658
+79170720660
+79170720676
+79170720677
+79170720681
+79170720682
+79170720687
+79170720696
+79876901419
+79876901428
+79876901457
+79876901462
+79876901470
+79876901493
+79876901496
+79876901505
+79876901513
+79876901543
+79197870423
+79197870673
+79197870674
+79197870675
+79197870677
+79197870678
+79197870679
+79197870696
+79197870705
+79197870832
+79170720071
+79170720190
+79170720658
+79170720660
+79170720676
+79170720677
+79170720681
+79170720682
+79170720687
+79170720696
+79197800244
+79197800257
+79197800258
+79197800340
+79197800379
+79197800457
+79197800461
+79197800470
+79197800471
+79197800473
+79875650154
+79875650327
+79875650358
+79875650361
+79875650366
+79875650367
+79875650376
+79875650378
+79875650381
+79875650386
+79197870423
+79197870673
+79197870674
+79197870675
+79197870677
+79197870678
+79197870679
+79197870696
+79197870705
+79197870832
+79879900378
+79879901292
+79879901342
+79879901347
+79879901360
+79879901372
+79879901374
+79879901392
+79879901394
+79879901401
+79170034778
+79170034952
+79170034968
+79170035086
+79170035096
+79170035097
+79170035108
+79170035143
+79170035187
+79170035194
+79875700692
+79875701096
+79875701142
+79875701156
+79875701276
+79875701302
+79875701327
+79875701331
+79875701332
+79875701336
+79875700692
+79875701096
+79875701142
+79875701156
+79875701276
+79875701302
+79875701327
+79875701331
+79875701332
+79875701336
+79870100039
+79870100043
+79870100048
+79870100052
+79870100053
+79870100054
+79870100056
+79870100058
+79870100059
+79870100062
+79197800244
+79197800257
+79197800258
+79197800340
+79197800379
+79197800457
+79197800461
+79197800470
+79197800471
+79197800473
+79170680169
+79170680421
+79170680483
+79170681076
+79170681125
+79170681148
+79170681175
+79170681183
+79170681203
+79170681279
+79870100039
+79870100043
+79870100048
+79870100052
+79870100053
+79870100054
+79870100056
+79870100058
+79870100059
+79870100062
+79179901345
+79179901369
+79179901601
+79179901708
+79179901864
+79179901973
+79179902172
+79179902501
+79179903533
+79179904402
+79875650154
+79875650327
+79875650358
+79875650361
+79875650366
+79875650367
+79875650376
+79875650378
+79875650381
+79875650386
+79197800244
+79197800257
+79197800258
+79197800340
+79197800379
+79197800457
+79197800461
+79197800470
+79197800471
+79197800473
+79170034778
+79170034952
+79170034968
+79170035086
+79170035096
+79170035097
+79170035108
+79170035143
+79170035187
+79170035194
+79197870423
+79197870673
+79197870674
+79197870675
+79197870677
+79197870678
+79197870679
+79197870696
+79197870705
+79197870832
