+7 (915) 342 39 51
+7 (915) 342 63 20
+7 (915) 342 88 21
+7 (915) 343 38 21
+7 (915) 343 47 71
+7 (915) 343 67 64
+7 (915) 343 80 70
+7 (915) 343 90 32
+7 (915) 344 78 32
+7 (985) 837 95 58
+7 (985) 838 47 66
+7 (985) 838 55 49
+7 (985) 838 65 61
+7 (985) 838 70 94
+7 (985) 838 76 41
+7 (985) 838 85 16
+7 (985) 838 85 26
+7 (985) 838 92 98
+7 (915) 152 57 92
+7 (915) 152 94 46
+7 (915) 152 95 87
+7 (915) 152 96 02
+7 (915) 152 96 28
+7 (915) 153 00 52
+7 (915) 153 34 88
+7 (915) 153 78 17
+7 (915) 154 19 39
+7 (915) 087 73 78
+7 (985) 714 76 45
+7 (985) 714 77 62
+7 (985) 714 77 68
+7 (985) 714 79 12
+7 (985) 715 11 96
+7 (985) 715 13 64
+7 (985) 715 17 96
+7 (985) 715 18 29
+7 (985) 401 62 09
+7 (989) 577 46 79
+7 (989) 578 59 61
+7 (989) 580 88 04
+7 (989) 581 11 50
+7 (989) 585 15 79
+7 (989) 585 31 90
+7 (989) 587 21 11
+7 (989) 589 77 31
+7 (916) 480 91 95
+7 (916) 480 94 33
+7 (916) 480 99 14
+7 (916) 481 03 62
+7 (916) 481 07 99
+7 (916) 481 09 89
+7 (916) 481 21 03
+7 (916) 481 21 55
+7 (916) 481 28 75
+7 (917) 587 69 82
+7 (915) 143 63 70
+7 (915) 148 93 62
+7 (915) 149 37 59
+7 (910) 000 25 95
+7 (980) 215 64 74
+7 (980) 218 03 47
+7 (980) 218 42 62
+7 (980) 219 65 86
+7 (985) 610 01 28
+7 (985) 612 22 68
+7 (985) 612 33 37
+7 (985) 612 40 37
+7 (985) 612 80 93
+7 (985) 612 89 08
+7 (985) 613 07 56
+7 (985) 613 23 09
+7 (985) 613 52 03
+7 (917) 570 02 95
+7 (917) 570 04 13
+7 (917) 570 16 12
+7 (917) 570 16 68
+7 (917) 570 29 10
+7 (917) 570 29 71
+7 (917) 570 38 18
+7 (917) 570 38 85
+7 (917) 570 39 22
+7 (916) 520 04 11
+7 (916) 520 13 64
+7 (916) 520 13 91
+7 (916) 520 15 29
+7 (916) 520 15 49
+7 (916) 520 18 17
+7 (916) 520 21 69
+7 (916) 520 24 64
+7 (916) 520 38 35
+7 (980) 447 30 18
+7 (980) 447 30 21
+7 (980) 447 30 22
+7 (980) 447 30 26
+7 (980) 447 30 47
+7 (980) 447 30 48
+7 (980) 447 30 49
+7 (980) 447 30 53
+7 (980) 447 30 76
+7 (916) 310 30 82
+7 (916) 310 38 37
+7 (916) 310 38 65
+7 (916) 310 45 07
+7 (916) 310 47 42
+7 (916) 310 48 63
+7 (916) 310 48 96
+7 (916) 310 59 96
+7 (916) 310 63 69
+7 (916) 267 50 17
+7 (985) 841 72 37
+7 (985) 846 13 65
+7 (985) 846 36 87
+7 (985) 847 31 48
+7 (985) 848 04 63
+7 (985) 848 72 96
+7 (916) 438 11 14
+7 (916) 439 05 34
+7 (985) 411 00 58
+7 (985) 411 09 60
+7 (985) 411 09 69
+7 (985) 411 50 07
+7 (985) 417 53 44
+7 (985) 419 43 01
+7 (985) 352 66 91
+7 (985) 352 83 45
+7 (985) 353 81 60
+7 (916) 681 48 93
+7 (916) 682 44 17
+7 (916) 683 50 45
+7 (916) 684 06 23
+7 (916) 684 15 59
+7 (916) 684 52 22
+7 (916) 688 32 49
+7 (916) 689 07 85
+7 (916) 689 67 65
+7 (915) 410 59 19
+7 (915) 418 04 04
+7 (915) 418 14 86
+7 (915) 418 27 98
+7 (985) 962 67 09
+7 (985) 963 06 06
+7 (916) 493 00 28
+7 (916) 493 01 61
+7 (916) 493 05 54
+7 (916) 810 07 98
+7 (916) 810 48 62
+7 (916) 810 48 76
+7 (916) 810 87 41
+7 (916) 816 85 09
+7 (916) 817 08 96
+7 (916) 817 42 60
+7 (916) 819 38 63
+7 (917) 560 04 48
+7 (980) 151 04 56
+7 (980) 151 04 58
+7 (980) 151 06 03
+7 (980) 151 06 54
+7 (980) 151 08 56
+7 (980) 151 09 60
+7 (980) 151 14 35
+7 (980) 151 17 87
+7 (980) 151 20 40
+7 (985) 753 20 88
+7 (985) 753 96 66
+7 (985) 756 26 43
+7 (985) 756 61 95
+7 (985) 756 66 49
+7 (985) 756 93 03
+7 (985) 757 53 05
+7 (985) 757 72 44
+7 (985) 757 74 31
+7 (989) 188 26 05
+7 (989) 188 36 13
+7 (989) 189 42 62
+7 (915) 103 74 03
+7 (915) 103 78 76
+7 (915) 103 79 65
+7 (915) 103 81 75
+7 (915) 103 82 97
+7 (915) 103 95 70
+7 (915) 103 95 75
+7 (915) 104 15 26
+7 (915) 104 29 10
+7 (915) 350 99 91
+7 (915) 354 08 29
+7 (915) 356 39 20
+7 (915) 356 52 49
+7 (915) 356 58 90
+7 (915) 357 57 99
+7 (915) 358 45 12
+7 (915) 358 52 25
+7 (915) 222 92 81
+7 (989) 046 00 39
+7 (989) 047 70 45
+7 (985) 270 04 11
+7 (985) 271 11 24
+7 (985) 274 80 91
+7 (985) 278 11 39
+7 (985) 278 62 89
+7 (917) 520 62 41
+7 (917) 522 13 92
+7 (985) 043 61 70
+7 (985) 044 32 14
+7 (917) 523 10 03
+7 (917) 523 14 31
+7 (917) 523 15 08
+7 (917) 523 16 65
+7 (917) 523 19 98
+7 (916) 078 46 94
+7 (916) 884 61 67
+7 (916) 884 61 71
+7 (916) 884 63 06
+7 (916) 884 64 37
+7 (916) 884 65 06
+7 (916) 884 69 95
+7 (916) 884 70 45
+7 (916) 884 72 44
+7 (916) 440 01 83
+7 (916) 441 46 60
+7 (916) 444 71 57
+7 (916) 444 71 72
+7 (916) 444 71 91
+7 (916) 444 72 46
+7 (916) 444 73 46
+7 (916) 444 73 49
+7 (916) 444 74 03
+7 (916) 210 99 94
+7 (916) 211 60 51
+7 (980) 141 91 87
+7 (985) 725 10 26
+7 (985) 725 10 66
+7 (985) 725 12 28
+7 (985) 725 13 89
+7 (985) 725 15 57
+7 (985) 725 17 98
+7 (985) 725 18 59
+7 (985) 725 18 95
+7 (985) 725 19 62
+7 (916) 894 72 13
+7 (916) 894 72 15
+7 (916) 894 72 16
+7 (916) 894 72 17
+7 (916) 894 72 18
+7 (916) 894 72 19
+7 (916) 894 72 20
+7 (916) 894 72 21
+7 (916) 894 72 23
+7 (915) 064 85 25
+7 (915) 065 24 51
+7 (915) 067 08 84
+7 (915) 068 78 85
+7 (916) 665 17 82
+7 (916) 668 03 93
+7 (915) 210 09 26
+7 (915) 210 15 78
+7 (915) 210 30 13
+7 (985) 540 09 96
+7 (985) 541 31 79
+7 (985) 543 39 82
+7 (985) 543 45 28
+7 (985) 543 45 77
+7 (985) 543 46 33
+7 (985) 543 54 40
+7 (985) 543 55 23
+7 (985) 543 61 31
+7 (916) 351 99 06
+7 (916) 355 36 82
+7 (916) 358 17 49
+7 (916) 358 64 22
+7 (919) 410 89 14
+7 (916) 303 84 42
+7 (916) 303 92 24
+7 (916) 304 66 51
+7 (916) 304 70 06
+7 (916) 305 12 65
+7 (916) 305 96 86
+7 (916) 305 97 65
+7 (916) 306 83 54
+7 (916) 231 51 87
+7 (916) 231 58 30
+7 (916) 231 60 76
+7 (916) 231 62 33
+7 (916) 231 63 18
+7 (916) 231 64 50
+7 (916) 231 65 43
+7 (916) 231 65 69
+7 (916) 231 65 95
+7 (985) 126 22 69
+7 (985) 821 07 92
+7 (985) 822 77 46
+7 (985) 822 78 42
+7 (985) 822 79 90
+7 (985) 822 80 09
+7 (985) 822 80 17
+7 (985) 822 80 90
+7 (985) 822 81 10
+7 (916) 884 74 57
+7 (989) 094 02 10
+7 (989) 097 50 94
+7 (916) 760 67 86
+7 (916) 764 70 97
+7 (916) 768 64 46
+7 (915) 101 39 72
+7 (985) 660 64 49
+7 (985) 665 90 06
+7 (985) 668 37 79
+7 (985) 668 38 01
+7 (985) 668 38 03
+7 (985) 668 38 16
+7 (985) 668 38 26
+7 (985) 668 38 41
+7 (985) 668 38 75
+7 (915) 290 75 58
+7 (915) 291 77 23
+7 (915) 292 91 70
+7 (915) 295 29 68
+7 (915) 295 33 03
+7 (915) 296 66 12
+7 (915) 297 36 17
+7 (915) 297 49 00
+7 (915) 298 04 37
+7 (985) 284 27 44
+7 (985) 285 82 33
+7 (985) 286 64 96
+7 (985) 287 11 12
+7 (917) 583 33 98
+7 (917) 583 35 31
+7 (917) 589 27 04
+7 (917) 589 62 17
+7 (917) 589 62 80
+7 (985) 600 51 74
+7 (985) 600 95 70
+7 (915) 480 28 68
+7 (915) 484 83 23
+7 (915) 484 89 36
+7 (915) 485 55 43
+7 (915) 485 76 88
+7 (915) 485 78 56
+7 (915) 486 17 25
+7 (985) 146 24 19
+7 (985) 146 72 77
+7 (985) 147 84 86
+7 (985) 147 92 43
+7 (985) 148 31 79
+7 (985) 148 93 29
+7 (985) 149 75 44
+7 (985) 149 92 66
+7 (985) 149 92 75
+7 (919) 720 06 10
+7 (919) 720 08 89
+7 (919) 720 10 11
+7 (919) 720 28 61
+7 (919) 720 33 36
+7 (919) 720 55 98
+7 (919) 720 69 49
+7 (919) 720 86 34
+7 (919) 721 00 14
+7 (916) 953 70 57
+7 (916) 954 15 30
+7 (916) 955 30 36
+7 (916) 957 11 16
+7 (916) 957 75 31
+7 (916) 957 83 76
+7 (916) 957 83 86
+7 (916) 958 80 24
+7 (916) 958 88 29
+7 (985) 850 78 52
+7 (985) 850 94 33
+7 (985) 851 21 17
+7 (985) 851 22 36
+7 (985) 852 22 07
+7 (985) 852 99 34
+7 (985) 855 44 78
+7 (985) 855 84 76
+7 (985) 857 77 81
+7 (985) 380 75 22
+7 (985) 381 67 00
+7 (985) 382 93 55
+7 (985) 384 96 84
+7 (985) 385 72 50
+7 (985) 387 31 48
+7 (985) 387 47 31
+7 (985) 387 63 16
+7 (915) 380 38 65
+7 (915) 382 47 57
+7 (915) 385 24 87
+7 (916) 191 26 92
+7 (916) 192 37 80
+7 (916) 195 95 26
+7 (916) 199 79 24
+7 (916) 743 14 02
+7 (916) 743 74 63
+7 (916) 631 40 97
+7 (916) 631 84 36
+7 (916) 635 92 13
+7 (916) 637 28 48
+7 (915) 492 75 08
+7 (915) 492 88 72
+7 (915) 493 48 74
+7 (915) 497 67 49
+7 (985) 925 73 15
+7 (916) 273 07 98
+7 (916) 273 88 81
+7 (916) 274 17 09
+7 (916) 274 35 92
+7 (916) 274 61 95
+7 (916) 274 70 24
+7 (916) 274 78 65
+7 (916) 274 91 30
+7 (916) 275 04 98
+7 (916) 571 43 67
+7 (916) 571 56 30
+7 (916) 572 01 32
+7 (916) 572 02 16
+7 (916) 573 08 09
+7 (916) 578 12 28
+7 (985) 441 17 05
+7 (985) 441 96 89
+7 (985) 442 17 10
+7 (915) 370 16 78
+7 (915) 372 81 37
+7 (915) 378 34 22
+7 (915) 378 40 14
+7 (915) 379 43 24
+7 (915) 379 69 84
+7 (915) 379 70 11
+7 (919) 139 02 97
+7 (919) 139 03 15
+7 (980) 450 17 45
+7 (980) 450 17 46
+7 (980) 450 17 50
+7 (980) 450 17 51
+7 (980) 450 19 68
+7 (980) 450 19 73
+7 (980) 450 19 80
+7 (980) 450 19 81
+7 (980) 450 19 84
+7 (916) 211 68 55
+7 (916) 211 68 56
+7 (916) 215 97 14
+7 (916) 217 31 05
+7 (989) 571 41 34
+7 (989) 573 62 14
+7 (989) 574 55 41
+7 (916) 289 22 84
+7 (985) 700 01 47
+7 (985) 160 11 27
+7 (985) 165 12 86
+7 (916) 530 99 14
+7 (916) 531 13 86
+7 (916) 531 34 36
+7 (916) 531 41 10
+7 (916) 531 54 76
+7 (916) 531 63 87
+7 (916) 531 69 67
+7 (980) 141 92 41
+7 (980) 141 92 42
+7 (980) 141 92 48
+7 (980) 141 92 65
+7 (980) 141 93 09
+7 (980) 141 93 15
+7 (980) 141 93 17
+7 (980) 141 94 32
+7 (985) 061 11 37
+7 (985) 065 30 80
+7 (985) 067 38 88
+7 (985) 067 46 37
+7 (985) 069 93 42
+7 (985) 890 70 02
+7 (985) 891 24 21
+7 (985) 891 25 06
+7 (985) 891 26 68
+7 (985) 366 53 31
+7 (985) 367 34 35
+7 (985) 369 32 15
+7 (915) 230 07 83
+7 (915) 230 22 18
+7 (915) 231 40 01
+7 (915) 232 98 90
+7 (915) 233 72 26
+7 (915) 234 76 60
+7 (985) 240 85 07
+7 (985) 249 00 71
+7 (916) 160 22 53
+7 (916) 160 61 90
+7 (916) 160 72 10
+7 (916) 160 75 38
+7 (916) 160 90 60
+7 (916) 165 14 76
+7 (916) 167 37 66
+7 (985) 443 18 10
+7 (985) 444 28 35
+7 (985) 444 28 56
+7 (985) 444 94 03
+7 (985) 449 37 59
+7 (915) 010 34 06
+7 (916) 782 22 07
+7 (916) 784 37 72
+7 (916) 785 98 92
+7 (916) 789 46 62
+7 (916) 789 52 66
+7 (985) 270 62 84
+7 (915) 222 93 02
+7 (915) 222 93 12
+7 (915) 222 93 43
+7 (915) 222 93 59
+7 (915) 222 93 95
+7 (915) 222 94 64
+7 (915) 222 94 91
+7 (915) 222 94 95
+7 (916) 246 34 54
+7 (916) 249 32 30
+7 (916) 249 82 54
+7 (916) 870 89 31
+7 (916) 874 00 18
+7 (916) 876 07 43
+7 (916) 876 08 45
+7 (916) 876 08 52
+7 (916) 876 09 42
+7 (985) 434 92 74
+7 (985) 435 10 71
+7 (985) 435 26 42
+7 (985) 436 06 73
+7 (985) 436 62 71
+7 (985) 436 78 45
+7 (985) 439 29 07
+7 (985) 439 41 23
+7 (985) 439 63 82
+7 (985) 926 62 30
+7 (985) 891 27 75
+7 (985) 891 28 14
+7 (985) 891 31 61
+7 (910) 442 58 64
+7 (910) 442 88 02
+7 (910) 444 31 28
+7 (910) 446 63 80
+7 (910) 447 51 33
+7 (916) 473 51 93
+7 (916) 473 68 88
+7 (985) 530 12 09
+7 (985) 533 12 07
+7 (985) 534 31 28
+7 (985) 535 70 66
+7 (985) 536 61 55
+7 (985) 536 61 59
+7 (985) 536 61 68
+7 (916) 442 98 49
+7 (980) 164 13 58
+7 (980) 164 18 17
+7 (980) 164 28 62
+7 (980) 164 29 40
+7 (980) 164 43 53
+7 (980) 164 46 37
+7 (980) 164 49 58
+7 (980) 164 49 62
+7 (980) 164 49 66
+7 (915) 431 56 18
+7 (910) 485 99 40
+7 (915) 440 77 45
+7 (915) 443 50 75
+7 (915) 448 41 57
+7 (915) 448 42 36
+7 (915) 448 42 62
+7 (915) 448 42 73
+7 (915) 448 45 66
+7 (916) 490 02 33
+7 (916) 493 10 16
+7 (916) 493 10 71
+7 (916) 493 11 27
+7 (916) 493 12 74
+7 (916) 493 36 72
+7 (915) 264 88 20
+7 (985) 009 91 42
+7 (915) 150 68 60
+7 (985) 492 80 70
+7 (916) 350 35 68
+7 (985) 070 89 78
+7 (985) 071 27 32
+7 (985) 072 67 85
+7 (985) 072 96 66
+7 (985) 073 93 31
+7 (985) 074 07 99
+7 (985) 074 93 85
+7 (985) 075 10 87
+7 (985) 075 27 86
+7 (916) 340 39 26
+7 (916) 340 43 56
+7 (916) 340 45 35
+7 (916) 340 46 39
+7 (916) 340 46 95
+7 (916) 340 50 98
+7 (917) 570 39 62
+7 (916) 340 57 29
+7 (985) 075 30 04
+7 (916) 520 41 23
+7 (915) 154 28 41
+7 (916) 494 22 46
+7 (915) 448 50 16
+7 (980) 164 53 03
+7 (985) 725 19 96
+7 (985) 536 71 64
+7 (985) 891 33 49
+7 (915) 299 69 11
+7 (985) 439 64 57
+7 (916) 876 09 74
+7 (915) 222 95 12
+7 (916) 132 73 21
+7 (915) 012 38 76
+7 (919) 967 37 85
+7 (915) 235 74 52
+7 (980) 141 94 43
+7 (916) 531 73 09
+7 (985) 700 02 44
+7 (980) 450 19 96
+7 (919) 139 05 35
+7 (916) 275 52 58
+7 (985) 904 07 15
+7 (916) 466 55 28
+7 (916) 958 90 04
+7 (919) 721 04 77
+7 (915) 486 59 99
+7 (917) 589 97 45
+7 (919) 970 18 20
+7 (916) 884 75 73
+7 (985) 822 82 75
+7 (916) 231 69 02
+7 (916) 307 54 09
+7 (985) 543 63 26
+7 (915) 210 38 08
+7 (916) 894 72 24
+7 (916) 444 74 16
+7 (917) 523 21 70
+7 (915) 104 66 60
+7 (989) 189 90 50
+7 (985) 757 76 03
+7 (980) 151 22 67
+7 (917) 560 05 37
+7 (985) 356 46 38
+7 (916) 439 14 55
+7 (916) 310 73 39
+7 (980) 447 30 77
+7 (985) 613 55 50
+7 (916) 930 02 99
+7 (916) 481 36 33
+7 (989) 590 66 40
+7 (985) 715 20 38
+7 (985) 839 04 35
+7 (915) 345 71 11