+79113300064
+79113300068
+79113316637
+79113316638
+79113316641
+79113316643
+79113316645
+79113316649
+79113316650
+79113316657
+79113200081
+79113200118
+79113200119
+79113201381
+79113201460
+79113201517
+79113201847
+79113202139
+79113202357
+79113202498
+79113105320
+79113105425
+79113106977
+79113106987
+79113106992
+79113106994
+79113107004
+79113107026
+79113107034
+79113107048
+79813211108
+79813211109
+79813002094
+79813002186
+79813002187
+79813002197
+79813002204
+79813002217
+79813002248
+79813002268
+79113300064
+79113300068
+79113316637
+79113316638
+79113316641
+79113316643
+79113316645
+79113316649
+79113316650
+79113316657
+79813027067
+79813027068
+79813027072
+79813027079
+79813027213
+79813027214
+79813027732
+79813027794
+79813027795
+79813027796
+79113011253
+79113012789
+79113013185
+79113013215
+79113013289
+79113013478
+79113013698
+79113014002
+79113014021
+79113014164
+79118002238
+79118002652
+79118003052
+79118003165
+79118003257
+79118003285
+79118003295
+79118003326
+79118003327
+79118003329
+79110604951
+79110610039
+79110610064
+79110610104
+79110610112
+79110610114
+79110610117
+79110610119
+79110610120
+79110610125
+79113200081
+79113200118
+79113200119
+79113201381
+79113201460
+79113201517
+79113201847
+79113202139
+79113202357
+79113202498
+79110604951
+79110610039
+79110610064
+79110610104
+79110610112
+79110610114
+79110610117
+79110610119
+79110610120
+79110610125
+79813211108
+79813211109
+79113407659
+79113408427
+79113408428
+79113408436
+79113408447
+79113408450
+79113408452
+79113408455
+79113200081
+79113200118
+79113200119
+79113201381
+79113201460
+79113201517
+79113201847
+79113202139
+79113202357
+79113202498
+79813027067
+79813027068
+79813027072
+79813027079
+79813027213
+79813027214
+79813027732
+79813027794
+79813027795
+79813027796
+79113407659
+79113408427
+79113408428
+79113408436
+79113408447
+79113408450
+79113408452
+79113408455
+79113408465
+79113408469
+79113407659
+79113408427
+79113408428
+79113408436
+79113408447
+79113408450
+79113408452
+79113408455
+79113408465
+79113408469
+79118002238
+79118002652
+79118003052
+79118003165
+79118003257
+79118003285
+79118003295
+79118003326
+79118003327
+79118003329
+79113105320
+79113105425
+79113106977
+79113106987
+79113106992
+79113106994
+79113107004
+79113107026
+79113107034
+79113107048
+79110604951
+79110610039
+79110610064
+79110610104
+79110610112
+79110610114
+79110610117
+79110610119
+79110610120
+79110610125
+79813002094
+79813002186
+79813002187
+79813002197
+79813002204
+79813002217
+79813002248
+79813002268
+79813002269
+79813002270
+79813211108
+79813211109
+79813002094
+79813002186
+79813002187
+79813002197
+79813002204
+79813002217
+79813002248
+79813002268
+79113200081
+79113200118
+79113200119
+79113201381
+79113201460
+79113201517
+79113201847
+79113202139
+79113202357
+79113202498
+79110604951
+79110610039
+79110610064
+79110610104
+79110610112
+79110610114
+79110610117
+79110610119
+79110610120
+79110610125
+79113011253
+79113012789
+79113013185
+79113013215
+79113013289
+79113013478
+79113013698
+79113014002
+79113014021
+79113014164
+79813027067
+79813027068
+79813027072
+79813027079
+79813027213
+79813027214
+79813027732
+79813027794
+79813027795
+79813027796
+79813027067
+79813027068
+79813027072
+79813027079
+79813027213
+79813027214
+79813027732
+79813027794
+79813027795
+79813027796
+79813026340
+79113200081
+79113200118
+79113200119
+79113201381
+79113201460
+79113201517
+79113201847
+79113202139
+79113202357
+79113011253
+79113012789
+79113013185
+79113013215
+79113013289
+79113013478
+79113013698
+79113014002
+79113014021
+79113014164
+79113200081
+79113200118
+79113200119
+79113201381
+79113201460
+79113201517
+79113201847
+79113202139
+79113202357
+79113202498
+79113300064
+79113300068
+79113316637
+79113316638
+79113316641
+79113316643
+79113316645
+79113316649
+79113316650
+79113316657
+79113011253
+79113012789
+79113013185
+79113013215
+79113013289
+79113013478
+79113013698
+79113014002
+79113014021
+79113014164
+79813002094
+79813002186
+79813002187
+79813002197
+79813002204
+79813002217
+79813002248
+79813002268
+79813002269
+79813002270
+79118002238
+79118002652
+79118003052
+79118003165
+79118003257
+79118003285
+79118003295
+79118003326
+79118003327
+79118003329
+79118002238
+79118002652
+79118003052
+79118003165
+79118003257
+79118003285
+79118003295
+79118003326
+79118003327
+79118003329
+79113105320
+79113105425
+79113106977
+79113106987
+79113106992
+79113106994
+79113107004
+79113107026
+79113107034
+79113107048
+79118002238
+79118002652
+79118003052
+79118003165
+79118003257
+79118003285
+79118003295
+79118003326
+79118003327
+79118003329
+79113200081
+79113200118
+79113200119
+79113201381
+79113201460
+79113201517
+79113201847
+79113202139
+79113202357
+79113202498
+79813002094
+79813002186
+79813002187
+79813002197
+79813002204
+79813002217
+79813002248
+79813002268
+79813002269
+79813002270
+79813026340
+79113200081
+79113200118
+79113200119
+79113201381
+79113201460
+79113201517
+79113201847
+79113202139
+79113202357
+79113407659
+79113408427
+79113408428
+79113408436
+79113408447
+79113408450
+79113408452
+79113408455
+79113408465
+79113408469
+79113011253
+79113012789
+79113013185
+79113013215
+79113013289
+79113013478
+79113013698
+79113014002
+79113014021
+79113014164
+79113407659
+79113408427
+79113408428
+79113408436
+79113408447
+79113408450
+79113408452
+79113408455
+79113408465
+79113408469
+79113300064
+79113300068
+79113316637
+79113316638
+79113316641
+79113316643
+79113316645
+79113316649
+79113316650
+79113316657
+79813002094
+79813002186
+79813002187
+79813002197
+79813002204
+79813002217
+79813002248
+79813002268
+79813002269
+79813002270
+79813211108
+79813211109
+79813027067
+79813027068
+79813027072
+79813027079
+79813027213
+79813027214
+79813027732
+79813027794
+79813027067
+79813027068
+79813027072
+79813027079
+79813027213
+79813027214
+79813027732
+79813027794
+79813027795
+79813027796
+79113105320
+79113105425
+79113106977
+79113106987
+79113106992
+79113106994
+79113107004
+79113107026
+79113107034
+79113107048
+79110604951
+79110610039
+79110610064
+79110610104
+79110610112
+79110610114
+79110610117
+79110610119
+79110610120
+79110610125
+79118002238
+79118002652
+79118003052
+79118003165
+79118003257
+79118003285
+79118003295
+79118003326
+79118003327
+79118003329
+79813211108
+79813211109
+79113300064
+79113300068
+79113316637
+79113316638
+79113316641
+79113316643
+79113316645
+79113316649
+79113011253
+79113012789
+79113013185
+79113013215
+79113013289
+79113013478
+79113013698
+79113014002
+79113014021
+79113014164
+79813027067
+79813027068
+79813027072
+79813027079
+79813027213
+79813027214
+79813027732
+79813027794
+79813027795
+79813027796
+79113407659
+79113408427
+79113408428
+79113408436
+79113408447
+79113408450
+79113408452
+79113408455
+79113408465
+79113408469
+79113105320
+79113105425
+79113106977
+79113106987
+79113106992
+79113106994
+79113107004
+79113107026
+79113107034
+79113107048
+79813211108
+79813211109
+79813026340
+79113407659
+79113408427
+79113408428
+79113408436
+79113408447
+79113408450
+79113408452
+79113200081
+79113200118
+79113200119
+79113201381
+79113201460
+79113201517
+79113201847
+79113202139
+79113202357
+79113202498
+79813002094
+79813002186
+79813002187
+79813002197
+79813002204
+79813002217
+79813002248
+79813002268
+79813002269
+79813002270
+79813026340
+79118002238
+79118002652
+79118003052
+79118003165
+79118003257
+79118003285
+79118003295
+79118003326
+79118003327
+79813002094
+79813002186
+79813002187
+79813002197
+79813002204
+79813002217
+79813002248
+79813002268
+79813002269
+79813002270
+79813211108
+79813211109
+79113407659
+79113408427
+79113408428
+79113408436
+79113408447
+79113408450
+79113408452
+79113408455
+79113105320
+79113105425
+79113106977
+79113106987
+79113106992
+79113106994
+79113107004
+79113107026
+79113107034
+79113107048
+79813027067
+79813027068
+79813027072
+79813027079
+79813027213
+79813027214
+79813027732
+79813027794
+79813027795
+79813027796
+79110604951
+79110610039
+79110610064
+79110610104
+79110610112
+79110610114
+79110610117
+79110610119
+79110610120
+79110610125
+79813211108
+79813211109
+79813027067
+79813027068
+79813027072
+79813027079
+79813027213
+79813027214
+79813027732
+79813027794
+79113105320
+79113105425
+79113106977
+79113106987
+79113106992
+79113106994
+79113107004
+79113107026
+79113107034
+79113107048
+79813026340
+79110604951
+79110610039
+79110610064
+79110610104
+79110610112
+79110610114
+79110610117
+79110610119
+79110610120
+79118002238
+79118002652
+79118003052
+79118003165
+79118003257
+79118003285
+79118003295
+79118003326
+79118003327
+79118003329
+79113300064
+79113300068
+79113316637
+79113316638
+79113316641
+79113316643
+79113316645
+79113316649
+79113316650
+79113316657
+79813027067
+79813027068
+79813027072
+79813027079
+79813027213
+79813027214
+79813027732
+79813027794
+79813027795
+79813027796
+79113105320
+79113105425
+79113106977
+79113106987
+79113106992
+79113106994
+79113107004
+79113107026
+79113107034
+79113107048
+79813026340
+79113200081
+79113200118
+79113200119
+79113201381
+79113201460
+79113201517
+79113201847
+79113202139
+79113202357
+79813027067
+79813027068
+79813027072
+79813027079
+79813027213
+79813027214
+79813027732
+79813027794
+79813027795
+79813027796
+79813211108
+79813211109
+79113105320
+79113105425
+79113106977
+79113106987
+79113106992
+79113106994
+79113107004
+79113107026
+79118002238
+79118002652
+79118003052
+79118003165
+79118003257
+79118003285
+79118003295
+79118003326
+79118003327
+79118003329
+79813211108
+79813211109
+79113105320
+79113105425
+79113106977
+79113106987
+79113106992
+79113106994
+79113107004
+79113107026
+79113407659
+79113408427
+79113408428
+79113408436
+79113408447
+79113408450
+79113408452
+79113408455
+79113408465
+79113408469
+79113105320
+79113105425
+79113106977
+79113106987
+79113106992
+79113106994
+79113107004
+79113107026
+79113107034
+79113107048
+79118002238
+79118002652
+79118003052
+79118003165
+79118003257
+79118003285
+79118003295
+79118003326
+79118003327
+79118003329
+79813211108
+79813211109
+79113300064
+79113300068
+79113316637
+79113316638
+79113316641
+79113316643
+79113316645
+79113316649
+79813211108
+79813211109
+79118002238
+79118002652
+79118003052
+79118003165
+79118003257
+79118003285
+79118003295
+79118003326
+79813027067
+79813027068
+79813027072
+79813027079
+79813027213
+79813027214
+79813027732
+79813027794
+79813027795
+79813027796
+79113200081
+79113200118
+79113200119
+79113201381
+79113201460
+79113201517
+79113201847
+79113202139
+79113202357
+79113202498
+79113105320
+79113105425
+79113106977
+79113106987
+79113106992
+79113106994
+79113107004
+79113107026
+79113107034
+79113107048
+79113011253
+79113012789
+79113013185
+79113013215
+79113013289
+79113013478
+79113013698
+79113014002
+79113014021
+79113014164
+79113407659
+79113408427
+79113408428
+79113408436
+79113408447
+79113408450
+79113408452
+79113408455
+79113408465
+79113408469
+79118002238
+79118002652
+79118003052
+79118003165
+79118003257
+79118003285
+79118003295
+79118003326
+79118003327
+79118003329
+79813002094
+79813002186
+79813002187
+79813002197
+79813002204
+79813002217
+79813002248
+79813002268
+79813002269
+79813002270
+79113300064
+79113300068
+79113316637
+79113316638
+79113316641
+79113316643
+79113316645
+79113316649
+79113316650
+79113316657
+79813026340
+79113011253
+79113012789
+79113013185
+79113013215
+79113013289
+79113013478
+79113013698
+79113014002
+79113014021
+79113011253
+79113012789
+79113013185
+79113013215
+79113013289
+79113013478
+79113013698
+79113014002
+79113014021
+79113014164
+79813027067
+79813027068
+79813027072
+79813027079
+79813027213
+79813027214
+79813027732
+79813027794
+79813027795
+79813027796
+79113105320
+79113105425
+79113106977
+79113106987
+79113106992
+79113106994
+79113107004
+79113107026
+79113107034
+79113107048
+79113300064
+79113300068
+79113316637
+79113316638
+79113316641
+79113316643
+79113316645
+79113316649
+79113316650
+79113316657
+79113300064
+79113300068
+79113316637
+79113316638
+79113316641
+79113316643
+79113316645
+79113316649
+79113316650
+79113316657
+79118002238
+79118002652
+79118003052
+79118003165
+79118003257
+79118003285
+79118003295
+79118003326
+79118003327
+79118003329
+79113011253
+79113012789
+79113013185
+79113013215
+79113013289
+79113013478
+79113013698
+79113014002
+79113014021
+79113014164
+79813211108
+79813211109
+79113300064
+79113300068
+79113316637
+79113316638
+79113316641
+79113316643
+79113316645
+79113316649
+79110604951
+79110610039
+79110610064
+79110610104
+79110610112
+79110610114
+79110610117
+79110610119
+79110610120
+79110610125
+79113300064
+79113300068
+79113316637
+79113316638
+79113316641
+79113316643
+79113316645
+79113316649
+79113316650
+79113316657
+79113105320
+79113105425
+79113106977
+79113106987
+79113106992
+79113106994
+79113107004
+79113107026
+79113107034
+79113107048
+79118002238
+79118002652
+79118003052
+79118003165
+79118003257
+79118003285
+79118003295
+79118003326
+79118003327
+79118003329
+79813211108
+79813211109
+79813026340
+79110604951
+79110610039
+79110610064
+79110610104
+79110610112
+79110610114
+79110610117
+79113300064
+79113300068
+79113316637
+79113316638
+79113316641
+79113316643
+79113316645
+79113316649
+79113316650
+79113316657
+79110604951
+79110610039
+79110610064
+79110610104
+79110610112
+79110610114
+79110610117
+79110610119
+79110610120
+79110610125
+79110604951
+79110610039
+79110610064
+79110610104
+79110610112
+79110610114
+79110610117
+79110610119
+79110610120
+79110610125
+79113105320
+79113105425
+79113106977
+79113106987
+79113106992
+79113106994
+79113107004
+79113107026
+79113107034
+79113107048
+79113105320
+79113105425
+79113106977
+79113106987
+79113106992
+79113106994
+79113107004
+79113107026
+79113107034
+79113107048
+79813027067
+79813027068
+79813027072
+79813027079
+79813027213
+79813027214
+79813027732
+79813027794
+79813027795
+79813027796
+79110604951
+79110610039
+79110610064
+79110610104
+79110610112
+79110610114
+79110610117
+79110610119
+79110610120
+79110610125
+79110604951
+79110610039
+79110610064
+79110610104
+79110610112
+79110610114
+79110610117
+79110610119
+79110610120
+79110610125
+79813002094
+79813002186
+79813002187
+79813002197
+79813002204
+79813002217
+79813002248
+79813002268
+79813002269
+79813002270
+79118002238
+79118002652
+79118003052
+79118003165
+79118003257
+79118003285
+79118003295
+79118003326
+79118003327
+79118003329
+79113011253
+79113012789
+79113013185
+79113013215
+79113013289
+79113013478
+79113013698
+79113014002
+79113014021
+79113014164
+79113105320
+79113105425
+79113106977
+79113106987
+79113106992
+79113106994
+79113107004
+79113107026
+79113107034
+79113107048
+79813211108
+79813211109
+79113200081
+79113200119
+79113201381
+79113201460
+79113201517
+79113201847
+79113202139
+79113202357
+79813002094
+79813002186
+79813002187
+79813002197
+79813002204
+79813002217
+79813002248
+79813002268
+79813002269
+79813002270
+79813027067
+79813027068
+79813027072
+79813027079
+79813027213
+79813027214
+79813027732
+79813027794
+79813027795
+79813027796
+79113105320
+79113105425
+79113106977
+79113106987
+79113106992
+79113106994
+79113107004
+79113107026
+79113107034
+79113107048
+79813211108
+79813211109
+79813026340
+79113011253
+79113012789
+79113013185
+79113013215
+79113013289
+79113013478
+79113013698
+79813002094
+79813002186
+79813002187
+79813002197
+79813002204
+79813002217
+79813002248
+79813002268
+79813002269
+79813002270
+79813002094
+79813002186
+79813002187
+79813002197
+79813002204
+79813002217
+79813002248
+79813002268
+79813002269
+79813002270
+79813002094
+79813002186
+79813002187
+79813002197
+79813002204
+79813002217
+79813002248
+79813002268
+79813002269
+79813002270
+79813002094
+79813002186
+79813002187
+79813002197
+79813002204
+79813002217
+79813002248
+79813002268
+79813002269
+79813002270
+79813027067
+79813027068
+79813027072
+79813027079
+79813027213
+79813027214
+79813027732
+79813027794
+79813027795
+79813027796
+79113300064
+79113300068
+79113316637
+79113316638
+79113316641
+79113316643
+79113316645
+79113316649
+79113316650
+79113316657
+79113300064
+79113300068
+79113316637
+79113316638
+79113316641
+79113316643
+79113316645
+79113316649
+79113316650
+79113316657
+79113200081
+79113200119
+79113201381
+79113201460
+79113201517
+79113201847
+79113202139
+79113202357
+79113202498
+79113202546
+79813027067
+79813027068
+79813027072
+79813027079
+79813027213
+79813027214
+79813027732
+79813027794
+79813027795
+79813027796
+79113407659
+79113408427
+79113408428
+79113408436
+79113408447
+79113408450
+79113408452
+79113408455
+79113408465
+79113408469
+79813026340
+79113011253
+79113012789
+79113013185
+79113013215
+79113013289
+79113013478
+79113013698
+79113014002
+79113014021
+79113011253
+79113012789
+79113013185
+79113013215
+79113013289
+79113013478
+79113013698
+79113014002
+79113014021
+79113014164
+79813211108
+79813211109
+79813002094
+79813002186
+79813002187
+79813002197
+79813002204
+79813002217
+79813002248
+79813002268
+79118002238
+79118002652
+79118003052
+79118003165
+79118003257
+79118003285
+79118003295
+79118003326
+79118003327
+79118003329
+79113300064
+79113300068
+79113316637
+79113316638
+79113316641
+79113316643
+79113316645
+79113316649
+79113316650
+79113316657
+79813002094
+79813002186
+79813002187
+79813002197
+79813002204
+79813002217
+79813002248
+79813002268
+79813002269
+79813002270
+79113011253
+79113012789
+79113013185
+79113013215
+79113013289
+79113013478
+79113013698
+79113014002
+79113014021
+79113014164
+79813026340
+79813027067
+79813027068
+79813027072
+79813027079
+79813027213
+79813027214
+79813027732
+79813027794
+79813027795
+79113300064
+79113300068
+79113316637
+79113316638
+79113316641
+79113316643
+79113316645
+79113316649
+79113316650
+79113316657
+79113105320
+79113105425
+79113106977
+79113106987
+79113106992
+79113106994
+79113107004
+79113107026
+79113107034
+79113107048
+79113011253
+79113012789
+79113013185
+79113013215
+79113013289
+79113013478
+79113013698
+79113014002
+79113014021
+79113014164
+79813211108
+79813211109
+79813027067
+79813027068
+79813027072
+79813027079
+79813027213
+79813027214
+79813027732
+79813027794
+79110604951
+79110610039
+79110610064
+79110610104
+79110610112
+79110610114
+79110610117
+79110610119
+79110610120
+79110610125
+79113200081
+79113200119
+79113201381
+79113201460
+79113201517
+79113201847
+79113202139
+79113202357
+79113202498
+79113202546
+79118002238
+79118002652
+79118003052
+79118003165
+79118003257
+79118003285
+79118003295
+79118003326
+79118003327
+79118003329
+79118002238
+79118002652
+79118003052
+79118003165
+79118003257
+79118003285
+79118003295
+79118003326
+79118003327
+79118003329
+79113200081
+79113200119
+79113201381
+79113201460
+79113201517
+79113201847
+79113202139
+79113202357
+79113202498
+79113202546
+79813026340
+79813211108
+79813211109
+79113011253
+79113012789
+79113013185
+79113013215
+79113013289
+79113013478
+79113013698
+79813026340
+79113011253
+79113012789
+79113013185
+79113013215
+79113013289
+79113013478
+79113013698
+79113014002
+79113014021
+79118002238
+79118002652
+79118003052
+79118003165
+79118003257
+79118003285
+79118003295
+79118003326
+79118003327
+79118003329
+79813002094
+79813002186
+79813002187
+79813002197
+79813002204
+79813002217
+79813002248
+79813002268
+79813002269
+79813002270
+79110604951
+79110610039
+79110610064
+79110610104
+79110610112
+79110610114
+79110610117
+79110610119
+79110610120
+79110610125
+79110604951
+79110610039
+79110610064
+79110610104
+79110610112
+79110610114
+79110610117
+79110610119
+79110610120
+79110610125
+79813211108
+79813211109
+79113407659
+79113408427
+79113408428
+79113408436
+79113408447
+79113408450
+79113408452
+79113408455
+79813026340
+79813211108
+79813211109
+79813027067
+79813027068
+79813027072
+79813027079
+79813027213
+79813027214
+79813027732
+79113105320
+79113105425
+79113106977
+79113106987
+79113106992
+79113106994
+79113107004
+79113107026
+79113107034
+79113107048
+79813026340
+79113300064
+79113300068
+79113316637
+79113316638
+79113316641
+79113316643
+79113316645
+79113316649
+79113316650
+79118002238
+79118002652
+79118003052
+79118003165
+79118003257
+79118003285
+79118003295
+79118003326
+79118003327
+79118003329
+79113011253
+79113012789
+79113013185
+79113013215
+79113013289
+79113013478
+79113013698
+79113014002
+79113014021
+79113014164
+79813211108
+79813211109
+79113105320
+79113105425
+79113106977
+79113106987
+79113106992
+79113106994
+79113107004
+79113107026
+79113105320
+79113105425
+79113106977
+79113106987
+79113106992
+79113106994
+79113107004
+79113107026
+79113107034
+79113107048
+79813002094
+79813002186
+79813002187
+79813002197
+79813002204
+79813002217
+79813002248
+79813002268
+79813002269
+79813002270
+79113105320
+79113105425
+79113106977
+79113106987
+79113106992
+79113106994
+79113107004
+79113107026
+79113107034
+79113107048
+79113011253
+79113012789
+79113013185
+79113013215
+79113013289
+79113013478
+79113013698
+79113014002
+79113014021
+79113014164
+79113011253
+79113012789
+79113013185
+79113013215
+79113013289
+79113013478
+79113013698
+79113014002
+79113014021
+79113014164
+79113011253
+79113012789
+79113013185
+79113013215
+79113013289
+79113013478
+79113013698
+79113014002
+79113014021
+79113014164
+79813027067
+79813027068
+79813027072
+79813027079
+79813027213
+79813027214
+79813027732
+79813027794
+79813027795
+79813027796
+79113105320
+79113105425
+79113106977
+79113106987
+79113106992
+79113106994
+79113107004
+79113107026
+79113107034
+79113107048
