+79870817652
+79870822199
+79870824139
+79870829108
+79870861975
+79870887576
+79873926235
+79873926254
+79873926260
+79873926273
+79108833509
+79108834462
+79108834474
+79108835085
+79108838412
+79108840837
+79108848045
+79108848267
+79108848531
+79108849473
+79159432134
+79159432136
+79159432137
+79159432139
+79159432142
+79159432143
+79159432146
+79159432148
+79159432153
+79159432154
+79867530024
+79867534553
+79867534565
+79867534578
+79867534581
+79867534601
+79867534615
+79867534659
+79867534696
+79867534747
+79875326945
+79875327046
+79875327051
+79875327117
+79875327156
+79875327208
+79875327216
+79875327243
+79875327319
+79875328199
+79870817652
+79870822199
+79870824139
+79870829108
+79870861975
+79870887576
+79107953420
+79107953519
+79107953572
+79107953612
+79877504569
+79877504957
+79877505280
+79877505583
+79877505614
+79877505875
+79877505924
+79877507816
+79877508426
+79877509297
+79870817652
+79870822199
+79870824139
+79870829108
+79870861975
+79870887576
+79873926235
+79873926254
+79873926260
+79873926273
+79870817652
+79870822199
+79870824139
+79870829108
+79870861975
+79870887576
+79159432134
+79159432136
+79159432137
+79159432139
+79108833509
+79108834462
+79108834474
+79108835085
+79108838412
+79108840837
+79108848045
+79108848267
+79108848531
+79108849473
+79867530024
+79867534553
+79867534565
+79867534578
+79867534581
+79867534601
+79867534615
+79867534659
+79867534696
+79867534747
+79108833509
+79108834462
+79108834474
+79108835085
+79108838412
+79108840837
+79108848045
+79108848267
+79108848531
+79108849473
+79867530024
+79867534553
+79867534565
+79867534578
+79867534581
+79867534601
+79867534615
+79867534659
+79867534696
+79867534747
+79108833509
+79108834462
+79108834474
+79108835085
+79108838412
+79108840837
+79108848045
+79108848267
+79108848531
+79108849473
+79867530024
+79867534553
+79867534565
+79867534578
+79867534581
+79867534601
+79867534615
+79867534659
+79867534696
+79867534747
+79873926235
+79873926254
+79873926260
+79873926273
+79873926285
+79873926291
+79873926297
+79873926299
+79873926301
+79873926304
+79875326945
+79875327046
+79875327051
+79875327117
+79875327156
+79875327208
+79875327216
+79875327243
+79875327319
+79875328199
+79159432134
+79159432136
+79159432137
+79159432139
+79159432142
+79159432143
+79159432146
+79159432148
+79159432153
+79159432154
+79870817652
+79870822199
+79870824139
+79870829108
+79870861975
+79870887576
+79107953420
+79107953519
+79107953572
+79107953612
+79107953420
+79107953519
+79107953572
+79107953612
+79107953623
+79107953643
+79107953651
+79107953679
+79107953827
+79107953840
+79875326945
+79875327046
+79875327051
+79875327117
+79875327156
+79875327208
+79875327216
+79875327243
+79875327319
+79875328199
+79107953420
+79107953519
+79107953572
+79107953612
+79107953623
+79107953643
+79107953651
+79107953679
+79107953827
+79107953840
+79159309306
+79159328314
+79159328340
+79159331650
+79159335172
+79159336632
+79159337128
+79159337152
+79159355677
+79159355771
+79873926235
+79873926254
+79873926260
+79873926273
+79873926285
+79873926291
+79873926297
+79873926299
+79873926301
+79873926304
+79108833509
+79108834462
+79108834474
+79108835085
+79108838412
+79108840837
+79108848045
+79108848267
+79108848531
+79108849473
+79873926235
+79873926254
+79873926260
+79873926273
+79873926285
+79873926291
+79873926297
+79873926299
+79873926301
+79873926304
+79877504569
+79877504957
+79877505280
+79877505583
+79877505614
+79877505875
+79877505924
+79877507816
+79877508426
+79877509297
+79107953420
+79107953519
+79107953572
+79107953612
+79107953623
+79107953643
+79107953651
+79107953679
+79107953827
+79107953840
+79867530024
+79867534553
+79867534565
+79867534578
+79867534581
+79867534601
+79867534615
+79867534659
+79867534696
+79867534747
+79877504569
+79877504957
+79877505280
+79877505583
+79877505614
+79877505875
+79877505924
+79877507816
+79877508426
+79877509297
+79108833509
+79108834462
+79108834474
+79108835085
+79108838412
+79108840837
+79108848045
+79108848267
+79108848531
+79108849473
+79877504569
+79877504957
+79877505280
+79877505583
+79877505614
+79877505875
+79877505924
+79877507816
+79877508426
+79877509297
+79159309306
+79159328314
+79159328340
+79159331650
+79159335172
+79159336632
+79159337128
+79159337152
+79159355677
+79159355771
+79875326945
+79875327046
+79875327051
+79875327117
+79875327156
+79875327208
+79875327216
+79875327243
+79875327319
+79875328199
+79873926235
+79873926254
+79873926260
+79873926273
+79873926285
+79873926291
+79873926297
+79873926299
+79873926301
+79873926304
+79159309306
+79159328314
+79159328340
+79159331650
+79159335172
+79159336632
+79159337128
+79159337152
+79159355677
+79159355771
+79877504569
+79877504957
+79877505280
+79877505583
+79877505614
+79877505875
+79877505924
+79877507816
+79877508426
+79877509297
+79159432134
+79159432136
+79159432137
+79159432139
+79159432142
+79159432143
+79159432146
+79159432148
+79159432153
+79159432154
+79867530024
+79867534553
+79867534565
+79867534578
+79867534581
+79867534601
+79867534615
+79867534659
+79867534696
+79867534747
+79875326945
+79875327046
+79875327051
+79875327117
+79875327156
+79875327208
+79875327216
+79875327243
+79875327319
+79875328199
+79108833509
+79108834462
+79108834474
+79108835085
+79108838412
+79108840837
+79108848045
+79108848267
+79108848531
+79108849473
+79159309306
+79159328314
+79159328340
+79159331650
+79159335172
+79159336632
+79159337128
+79159337152
+79159355677
+79159355771
+79873926235
+79873926254
+79873926260
+79873926273
+79873926285
+79873926291
+79873926297
+79873926299
+79873926301
+79873926304
+79107953420
+79107953519
+79107953572
+79107953612
+79107953623
+79107953643
+79107953651
+79107953679
+79107953827
+79107953840
+79873926235
+79873926254
+79873926260
+79873926273
+79873926285
+79873926291
+79873926297
+79873926299
+79873926301
+79873926304
+79107953420
+79107953519
+79107953572
+79107953612
+79107953623
+79107953643
+79107953651
+79107953679
+79107953827
+79107953840
+79875326945
+79875327046
+79875327051
+79875327117
+79875327156
+79875327208
+79875327216
+79875327243
+79875327319
+79875328199
+79875326945
+79875327046
+79875327051
+79875327117
+79875327156
+79875327208
+79875327216
+79875327243
+79875327319
+79875328199
+79107953420
+79107953519
+79107953572
+79107953612
+79107953623
+79107953643
+79107953651
+79107953679
+79107953827
+79107953840
+79867530024
+79867534553
+79867534565
+79867534578
+79867534581
+79867534601
+79867534615
+79867534659
+79867534696
+79867534747
+79159432134
+79159432136
+79159432137
+79159432139
+79159432142
+79159432143
+79159432146
+79159432148
+79159432153
+79159432154
+79159432134
+79159432136
+79159432137
+79159432139
+79159432142
+79159432143
+79159432146
+79159432148
+79159432153
+79159432154
+79875326945
+79875327046
+79875327051
+79875327117
+79875327156
+79875327208
+79875327216
+79875327243
+79875327319
+79875328199
+79108833509
+79108834462
+79108834474
+79108835085
+79108838412
+79108840837
+79108848045
+79108848267
+79108848531
+79108849473
+79159432134
+79159432136
+79159432137
+79159432139
+79159432142
+79159432143
+79159432146
+79159432148
+79159432153
+79159432154
+79870817652
+79870822199
+79870824139
+79870829108
+79870861975
+79870887576
+79867530024
+79867534553
+79867534565
+79867534578
+79159432134
+79159432136
+79159432137
+79159432139
+79159432142
+79159432143
+79159432146
+79159432148
+79159432153
+79159432154
+79108833509
+79108834462
+79108834474
+79108835085
+79108838412
+79108840837
+79108848045
+79108848267
+79108848531
+79108849473
+79107953420
+79107953519
+79107953572
+79107953612
+79107953623
+79107953643
+79107953651
+79107953679
+79107953827
+79107953840
+79877504569
+79877504957
+79877505280
+79877505583
+79877505614
+79877505875
+79877505924
+79877507816
+79877508426
+79877509297
+79867530024
+79867534553
+79867534565
+79867534578
+79867534581
+79867534601
+79867534615
+79867534659
+79867534696
+79867534747
+79867530024
+79867534553
+79867534565
+79867534578
+79867534581
+79867534601
+79867534615
+79867534659
+79867534696
+79867534747
+79870817652
+79870822199
+79870824139
+79870829108
+79870861975
+79870887576
+79159309306
+79159328314
+79159328340
+79159331650
+79873926235
+79873926254
+79873926260
+79873926273
+79873926285
+79873926291
+79873926297
+79873926299
+79873926301
+79873926304
+79877504569
+79877504957
+79877505280
+79877505583
+79877505614
+79877505875
+79877505924
+79877507816
+79877508426
+79877509297
+79107953420
+79107953519
+79107953572
+79107953612
+79107953623
+79107953643
+79107953651
+79107953679
+79107953827
+79107953840
+79159309306
+79159328314
+79159328340
+79159331650
+79159335172
+79159336632
+79159337128
+79159337152
+79159355677
+79159355771
+79107953420
+79107953519
+79107953572
+79107953612
+79107953623
+79107953643
+79107953651
+79107953679
+79107953827
+79107953840
+79873926235
+79873926254
+79873926260
+79873926273
+79873926285
+79873926291
+79873926297
+79873926299
+79873926301
+79873926304
+79873926235
+79873926254
+79873926260
+79873926273
+79873926285
+79873926291
+79873926297
+79873926299
+79873926301
+79873926304
+79108833509
+79108834462
+79108834474
+79108835085
+79108838412
+79108840837
+79108848045
+79108848267
+79108848531
+79108849473
+79107953420
+79107953519
+79107953572
+79107953612
+79107953623
+79107953643
+79107953651
+79107953679
+79107953827
+79107953840
+79873926235
+79873926254
+79873926260
+79873926273
+79873926285
+79873926291
+79873926297
+79873926299
+79873926301
+79873926304
+79870817652
+79870822199
+79870824139
+79870829108
+79870861975
+79870887576
+79159432134
+79159432136
+79159432137
+79159432139
+79159432134
+79159432136
+79159432137
+79159432139
+79159432142
+79159432143
+79159432146
+79159432148
+79159432153
+79159432154
+79873926235
+79873926254
+79873926260
+79873926273
+79873926285
+79873926291
+79873926297
+79873926299
+79873926301
+79873926304
+79877504569
+79877504957
+79877505280
+79877505583
+79877505614
+79877505875
+79877505924
+79877507816
+79877508426
+79877509297
+79877504569
+79877504957
+79877505280
+79877505583
+79877505614
+79877505875
+79877505924
+79877507816
+79877508426
+79877509297
+79159432134
+79159432136
+79159432137
+79159432139
+79159432142
+79159432143
+79159432146
+79159432148
+79159432153
+79159432154
+79873926235
+79873926254
+79873926260
+79873926273
+79873926285
+79873926291
+79873926297
+79873926299
+79873926301
+79873926304
+79159432134
+79159432136
+79159432137
+79159432139
+79159432142
+79159432143
+79159432146
+79159432148
+79159432153
+79159432154
+79159432134
+79159432136
+79159432137
+79159432139
+79159432142
+79159432143
+79159432146
+79159432148
+79159432153
+79159432154
+79107953420
+79107953519
+79107953572
+79107953612
+79107953623
+79107953643
+79107953651
+79107953679
+79107953827
+79107953840
+79108833509
+79108834462
+79108834474
+79108835085
+79108838412
+79108840837
+79108848045
+79108848267
+79108848531
+79108849473
+79875326945
+79875327046
+79875327051
+79875327117
+79875327156
+79875327208
+79875327216
+79875327243
+79875327319
+79875328199
+79873926235
+79873926254
+79873926260
+79873926273
+79873926285
+79873926291
+79873926297
+79873926299
+79873926301
+79873926304
+79159432134
+79159432136
+79159432137
+79159432139
+79159432142
+79159432143
+79159432146
+79159432148
+79159432153
+79159432154
+79873926235
+79873926254
+79873926260
+79873926273
+79873926285
+79873926291
+79873926297
+79873926299
+79873926301
+79873926304
+79107953420
+79107953519
+79107953572
+79107953612
+79107953623
+79107953643
+79107953651
+79107953679
+79107953827
+79107953840
+79870817652
+79870822199
+79870824139
+79870829108
+79870861975
+79870887576
+79867530024
+79867534553
+79867534565
+79867534578
+79159432134
+79159432136
+79159432137
+79159432139
+79159432142
+79159432143
+79159432146
+79159432148
+79159432153
+79159432154
+79873926235
+79873926254
+79873926260
+79873926273
+79873926285
+79873926291
+79873926297
+79873926299
+79873926301
+79873926304
+79159309306
+79159328314
+79159328340
+79159331650
+79159335172
+79159336632
+79159337128
+79159337152
+79159355677
+79159355771
+79867530024
+79867534553
+79867534565
+79867534578
+79867534581
+79867534601
+79867534615
+79867534659
+79867534696
+79867534747
+79108833509
+79108834462
+79108834474
+79108835085
+79108838412
+79108840837
+79108848045
+79108848267
+79108848531
+79108849473
+79875326945
+79875327046
+79875327051
+79875327117
+79875327156
+79875327208
+79875327216
+79875327243
+79875327319
+79875328199
+79867530024
+79867534553
+79867534565
+79867534578
+79867534581
+79867534601
+79867534615
+79867534659
+79867534696
+79867534747
+79875326945
+79875327046
+79875327051
+79875327117
+79875327156
+79875327208
+79875327216
+79875327243
+79875327319
+79875328199
+79877504957
+79877505280
+79877505583
+79877505614
+79877505875
+79877505924
+79877507816
+79877508426
+79877509297
+79877510826
+79159309306
+79159328314
+79159328340
+79159331650
+79159335172
+79159336632
+79159337128
+79159337152
+79159355677
+79159355771
+79870817652
+79870822199
+79870824139
+79870829108
+79870861975
+79870887576
+79867530024
+79867534553
+79867534565
+79867534578
+79159432134
+79159432136
+79159432137
+79159432139
+79159432142
+79159432143
+79159432146
+79159432148
+79159432153
+79159432154
+79877504957
+79877505280
+79877505583
+79877505614
+79877505875
+79877505924
+79877507816
+79877508426
+79877509297
+79877510826
+79875326945
+79875327046
+79875327051
+79875327117
+79875327156
+79875327208
+79875327216
+79875327243
+79875327319
+79875328199
+79108833509
+79108834462
+79108834474
+79108835085
+79108838412
+79108840837
+79108848045
+79108848267
+79108848531
+79108849473
+79107953519
+79107953572
+79107953612
+79107953623
+79107953643
+79107953651
+79107953679
+79107953827
+79107953840
+79107953856
+79873926235
+79873926254
+79873926260
+79873926273
+79873926285
+79873926291
+79873926297
+79873926299
+79873926301
+79873926304
+79108833509
+79108834462
+79108834474
+79108835085
+79108838412
+79108840837
+79108848045
+79108848267
+79108848531
+79108849473
+79159432134
+79159432136
+79159432137
+79159432139
+79159432142
+79159432143
+79159432146
+79159432148
+79159432153
+79159432154
+79159432134
+79159432136
+79159432137
+79159432139
+79159432142
+79159432143
+79159432146
+79159432148
+79159432153
+79159432154
+79159309306
+79159328314
+79159328340
+79159331650
+79159335172
+79159336632
+79159337128
+79159337152
+79159355677
+79159355771
+79107953519
+79107953572
+79107953612
+79107953623
+79107953643
+79107953651
+79107953679
+79107953827
+79107953840
+79107953856
+79875326945
+79875327046
+79875327051
+79875327117
+79875327156
+79875327208
+79875327216
+79875327243
+79875327319
+79875328199
+79877504957
+79877505280
+79877505583
+79877505614
+79877505875
+79877505924
+79877507816
+79877508426
+79877509297
+79877510826
+79875326945
+79875327046
+79875327051
+79875327117
+79875327156
+79875327208
+79875327216
+79875327243
+79875327319
+79875328199
+79108833509
+79108834462
+79108834474
+79108835085
+79108838412
+79108840837
+79108848045
+79108848267
+79108848531
+79108849473
+79159432134
+79159432136
+79159432137
+79159432139
+79159432142
+79159432143
+79159432146
+79159432148
+79159432153
+79159432154
+79159309306
+79159328314
+79159328340
+79159331650
+79159335172
+79159336632
+79159337128
+79159337152
+79159355677
+79159355771
+79108833509
+79108834462
+79108834474
+79108835085
+79108838412
+79108840837
+79108848045
+79108848267
+79108848531
+79108849473
+79159309306
+79159328314
+79159328340
+79159331650
+79159335172
+79159336632
+79159337128
+79159337152
+79159355677
+79159355771
+79107953519
+79107953572
+79107953612
+79107953623
+79107953643
+79107953651
+79107953679
+79107953827
+79107953840
+79107953856
+79159309306
+79159328314
+79159328340
+79159331650
+79159335172
+79159336632
+79159337128
+79159337152
+79159355677
+79159355771
+79108833509
+79108834462
+79108834474
+79108835085
+79108838412
+79108840837
+79108848045
+79108848267
+79108848531
+79108849473
+79159432134
+79159432136
+79159432137
+79159432139
+79159432142
+79159432143
+79159432146
+79159432148
+79159432153
+79159432154
+79159309306
+79159328314
+79159328340
+79159331650
+79159335172
+79159336632
+79159337128
+79159337152
+79159355677
+79159355771
+79867530024
+79867534553
+79867534565
+79867534578
+79867534581
+79867534601
+79867534615
+79867534659
+79867534696
+79867534747
+79867530024
+79867534553
+79867534565
+79867534578
+79867534581
+79867534601
+79867534615
+79867534659
+79867534696
+79867534747
+79108833509
+79108834462
+79108834474
+79108835085
+79108838412
+79108840837
+79108848045
+79108848267
+79108848531
+79108849473
+79875326945
+79875327046
+79875327051
+79875327117
+79875327156
+79875327208
+79875327216
+79875327243
+79875327319
+79875328199
+79877504957
+79877505280
+79877505583
+79877505614
+79877505875
+79877505924
+79877507816
+79877508426
+79877509297
+79877510826
+79867530024
+79867534553
+79867534565
+79867534578
+79867534581
+79867534601
+79867534615
+79867534659
+79867534696
+79867534747
+79875326945
+79875327046
+79875327051
+79875327117
+79875327156
+79875327208
+79875327216
+79875327243
+79875327319
+79875328199
+79159432134
+79159432136
+79159432137
+79159432139
+79159432142
+79159432143
+79159432146
+79159432148
+79159432153
+79159432154
+79867530024
+79867534553
+79867534565
+79867534578
+79867534581
+79867534601
+79867534615
+79867534659
+79867534696
+79867534747
+79159309306
+79159328314
+79159328340
+79159331650
+79159335172
+79159336632
+79159337128
+79159337152
+79159355677
+79159355771
+79108833509
+79108834462
+79108834474
+79108835085
+79108838412
+79108840837
+79108848045
+79108848267
+79108848531
+79108849473
+79159309306
+79159328314
+79159328340
+79159331650
+79159335172
+79159336632
+79159337128
+79159337152
+79159355677
+79159355771
+79159309306
+79159328314
+79159328340
+79159331650
+79159335172
+79159336632
+79159337128
+79159337152
+79159355677
+79159355771
+79867530024
+79867534553
+79867534565
+79867534578
+79867534581
+79867534601
+79867534615
+79867534659
+79867534696
+79867534747
+79159309306
+79159328314
+79159328340
+79159331650
+79159335172
+79159336632
+79159337128
+79159337152
+79159355677
+79159355771
+79107953519
+79107953572
+79107953612
+79107953623
+79107953643
+79107953651
+79107953679
+79107953827
+79107953840
+79107953856
+79107953519
+79107953572
+79107953612
+79107953623
+79107953643
+79107953651
+79107953679
+79107953827
+79107953840
+79107953856
+79875326945
+79875327046
+79875327051
+79875327117
+79875327156
+79875327208
+79875327216
+79875327243
+79875327319
+79875328199
+79159309306
+79159328314
+79159328340
+79159331650
+79159335172
+79159336632
+79159337128
+79159337152
+79159355677
+79159355771
+79159432134
+79159432136
+79159432137
+79159432139
+79159432142
+79159432143
+79159432146
+79159432148
+79159432153
+79159432154
+79877504957
+79877505280
+79877505583
+79877505614
+79877505875
+79877505924
+79877507816
+79877508426
+79877509297
+79877510826
+79107953519
+79107953572
+79107953612
+79107953623
+79107953643
+79107953651
+79107953679
+79107953827
+79107953840
+79107953856
+79108833509
+79108834462
+79108834474
+79108835085
+79108838412
+79108840837
+79108848045
+79108848267
+79108848531
+79108849473
+79159432134
+79159432136
+79159432137
+79159432139
+79159432142
+79159432143
+79159432146
+79159432148
+79159432153
+79159432154
+79875326945
+79875327046
+79875327051
+79875327117
+79875327156
+79875327208
+79875327216
+79875327243
+79875327319
+79875328199
+79107953519
+79107953572
+79107953612
+79107953623
+79107953643
+79107953651
+79107953679
+79107953827
+79107953840
+79107953856
+79873926235
+79873926254
+79873926260
+79873926273
+79873926285
+79873926291
+79873926297
+79873926299
+79873926301
+79873926304
+79873926235
+79873926254
+79873926260
+79873926273
+79873926285
+79873926291
+79873926297
+79873926299
+79873926301
+79873926304
+79873926235
+79873926254
+79873926260
+79873926273
+79873926285
+79873926291
+79873926297
+79873926299
+79873926301
+79873926304
+79159432134
+79159432136
+79159432137
+79159432139
+79159432142
+79159432143
+79159432146
+79159432148
+79159432153
+79159432154
+79877504957
+79877505280
+79877505583
+79877505614
+79877505875
+79877505924
+79877507816
+79877508426
+79877509297
+79877510826
+79159309306
+79159328314
+79159328340
+79159331650
+79159335172
+79159336632
+79159337128
+79159337152
+79159355677
+79159355771
+79107953519
+79107953572
+79107953612
+79107953623
+79107953643
+79107953651
+79107953679
+79107953827
+79107953840
+79107953856
+79108833509
+79108834462
+79108834474
+79108835085
+79108838412
+79108840837
+79108848045
+79108848267
+79108848531
+79108849473
+79159309306
+79159328314
+79159328340
+79159331650
+79159335172
+79159336632
+79159337128
+79159337152
+79159355677
+79159355771
+79875326945
+79875327046
+79875327051
+79875327117
+79875327156
+79875327208
+79875327216
+79875327243
+79875327319
+79875328199
+79107953519
+79107953572
+79107953612
+79107953623
+79107953643
+79107953651
+79107953679
+79107953827
+79107953840
+79107953856
+79107953519
+79107953572
+79107953612
+79107953623
+79107953643
+79107953651
+79107953679
+79107953827
+79107953840
+79107953856
+79107953519
+79107953572
+79107953612
+79107953623
+79107953643
+79107953651
+79107953679
+79107953827
+79107953840
+79107953856
+79875326945
+79875327046
+79875327051
+79875327117
+79875327156
+79875327208
+79875327216
+79875327243
+79875327319
+79875328199
+79159432134
+79159432136
+79159432137
+79159432139
+79159432142
+79159432143
+79159432146
+79159432148
+79159432153
+79159432154
+79875326945
+79875327046
+79875327051
+79875327117
+79875327156
+79875327208
+79875327216
+79875327243
+79875327319
+79875328199
+79873926235
+79873926254
+79873926260
+79873926273
+79873926285
+79873926291
+79873926297
+79873926299
+79873926301
+79873926304
+79108833509
+79108834462
+79108834474
+79108835085
+79108838412
+79108840837
+79108848045
+79108848267
+79108848531
+79108849473
+79159309306
+79159328314
+79159328340
+79159331650
+79159335172
+79159336632
+79159337128
+79159337152
+79159355677
+79159355771
+79877504957
+79877505280
+79877505583
+79877505614
+79877505875
+79877505924
+79877507816
+79877508426
+79877509297
+79877510826
+79877504957
+79877505280
+79877505583
+79877505614
+79877505875
+79877505924
+79877507816
+79877508426
+79877509297
+79877510826
+79870817652
+79870822199
+79870824139
+79870829108
+79870861975
+79870887576
+79108833509
+79108834462
+79108834474
+79108835085
+79159309306
+79159328314
+79159328340
+79159331650
+79159335172
+79159336632
+79159337128
+79159337152
+79159355677
+79159355771
+79875326945
+79875327046
+79875327051
+79875327117
+79875327156
+79875327208
+79875327216
+79875327243
+79875327319
+79875328199
+79108833509
+79108834462
+79108834474
+79108835085
+79108838412
+79108840837
+79108848045
+79108848267
+79108848531
+79108849473
+79107953519
+79107953572
+79107953612
+79107953623
+79107953643
+79107953651
+79107953679
+79107953827
+79107953840
+79107953856
+79159309306
+79159328314
+79159328340
+79159331650
+79159335172
+79159336632
+79159337128
+79159337152
+79159355677
+79159355771
+79875326945
+79875327046
+79875327051
+79875327117
+79875327156
+79875327208
+79875327216
+79875327243
+79875327319
+79875328199
+79108833509
+79108834462
+79108834474
+79108835085
+79108838412
+79108840837
+79108848045
+79108848267
+79108848531
+79108849473
+79867530024
+79867534553
+79867534565
+79867534578
+79867534581
+79867534601
+79867534615
+79867534659
+79867534696
+79867534747
+79877504957
+79877505280
+79877505583
+79877505614
+79877505875
+79877505924
+79877507816
+79877508426
+79877509297
+79877510826
+79159309306
+79159328314
+79159328340
+79159331650
+79159335172
+79159336632
+79159337128
+79159337152
+79159355677
+79159355771
+79107953519
+79107953572
+79107953612
+79107953623
+79107953643
+79107953651
+79107953679
+79107953827
+79107953840
+79107953856
+79108833509
+79108834462
+79108834474
+79108835085
+79108838412
+79108840837
+79108848045
+79108848267
+79108848531
+79108849473
+79877504957
+79877505280
+79877505583
+79877505614
+79877505875
+79877505924
+79877507816
+79877508426
+79877509297
+79877510826
+79159309306
+79159328314
+79159328340
+79159331650
+79159335172
+79159336632
+79159337128
+79159337152
+79159355677
+79159355771
+79108833509
+79108834462
+79108834474
+79108835085
+79108838412
+79108840837
+79108848045
+79108848267
+79108848531
+79108849473
+79875326945
+79875327046
+79875327051
+79875327117
+79875327156
+79875327208
+79875327216
+79875327243
+79875327319
+79875328199
+79108833509
+79108834462
+79108834474
+79108835085
+79108838412
+79108840837
+79108848045
+79108848267
+79108848531
+79108849473
+79108833509
+79108834462
+79108834474
+79108835085
+79108838412
+79108840837
+79108848045
+79108848267
+79108848531
+79108849473
+79877504957
+79877505280
+79877505583
+79877505614
+79877505875
+79877505924
+79877507816
+79877508426
+79877509297
+79877510826
+79159432134
+79159432136
+79159432137
+79159432139
+79159432142
+79159432143
+79159432146
+79159432148
+79159432153
+79159432154
+79108833509
+79108834462
+79108834474
+79108835085
+79108838412
+79108840837
+79108848045
+79108848267
+79108848531
+79108849473
+79159432134
+79159432136
+79159432137
+79159432139
+79159432142
+79159432143
+79159432146
+79159432148
+79159432153
+79159432154
+79867530024
+79867534553
+79867534565
+79867534578
+79867534581
+79867534601
+79867534615
+79867534659
+79867534696
+79867534747
+79107953519
+79107953572
+79107953612
+79107953623
+79107953643
+79107953651
+79107953679
+79107953827
+79107953840
+79107953856
+79867530024
+79867534553
+79867534565
+79867534578
+79867534581
+79867534601
+79867534615
+79867534659
+79867534696
+79867534747
+79875326945
+79875327046
+79875327051
+79875327117
+79875327156
+79875327208
+79875327216
+79875327243
+79875327319
+79875328199
+79107953519
+79107953572
+79107953612
+79107953623
+79107953643
+79107953651
+79107953679
+79107953827
+79107953840
+79107953856
+79870817652
+79870822199
+79870824139
+79870829108
+79870861975
+79870887576
+79107953519
+79107953572
+79107953612
+79107953623
+79107953519
+79107953572
+79107953612
+79107953623
+79107953643
+79107953651
+79107953679
+79107953827
+79107953840
+79107953856
+79873926235
+79873926254
+79873926260
+79873926273
+79873926285
+79873926291
+79873926297
+79873926299
+79873926301
+79873926304
+79875326945
+79875327046
+79875327051
+79875327117
+79875327156
+79875327208
+79875327216
+79875327243
+79875327319
+79875328199
+79107953519
+79107953572
+79107953612
+79107953623
+79107953643
+79107953651
+79107953679
+79107953827
+79107953840
+79107953856
+79159432134
+79159432136
+79159432137
+79159432139
+79159432142
+79159432143
+79159432146
+79159432148
+79159432153
+79159432154
+79159432134
+79159432136
+79159432137
+79159432139
+79159432142
+79159432143
+79159432146
+79159432148
+79159432153
+79159432154
+79159432134
+79159432136
+79159432137
+79159432139
+79159432142
+79159432143
+79159432146
+79159432148
+79159432153
+79159432154
+79867530024
+79867534553
+79867534565
+79867534578
+79867534581
+79867534601
+79867534615
+79867534659
+79867534696
+79867534747
+79877504957
+79877505280
+79877505583
+79877505614
+79877505875
+79877505924
+79877507816
+79877508426
+79877509297
+79877510826
+79159309306
+79159309332
+79159328314
+79159328340
+79159331650
+79159335172
+79159336632
+79159337128
+79159337152
+79159355677
+79108833509
+79108834462
+79108834474
+79108835085
+79108838412
+79108840837
+79108848045
+79108848267
+79108848531
+79108849473
+79875326945
+79875327046
+79875327051
+79875327117
+79875327156
+79875327208
+79875327216
+79875327243
+79875327319
+79875328199
+79873926235
+79873926254
+79873926260
+79873926273
+79873926285
+79873926291
+79873926297
+79873926299
+79873926301
+79873926304
+79107953519
+79107953572
+79107953612
+79107953623
+79107953643
+79107953651
+79107953679
+79107953827
+79107953840
+79107953856
+79873926235
+79873926254
+79873926260
+79873926273
+79873926285
+79873926291
+79873926297
+79873926299
+79873926301
+79873926304
+79873926235
+79873926254
+79873926260
+79873926273
+79873926285
+79873926291
+79873926297
+79873926299
+79873926301
+79873926304
+79877504957
+79877505280
+79877505583
+79877505614
+79877505875
+79877505924
+79877507816
+79877508426
+79877509297
+79877510826
+79870817652
+79870822199
+79870824139
+79870829108
+79870861975
+79870887576
+79873926235
+79873926254
+79873926260
+79873926273
+79877504957
+79877505280
+79877505583
+79877505614
+79877505875
+79877505924
+79877507816
+79877508426
+79877509297
+79877510826
