+79116100287
+79116101164
+79116101298
+79116101692
+79116102837
+79116104760
+79116104816
+79116104874
+79116104879
+79116105268
+79116100287
+79116101164
+79116101298
+79116101692
+79116102837
+79116104760
+79116104816
+79116104874
+79116104879
+79116105268
+79816010135
+79816011835
+79816012607
+79816012663
+79816015481
+79816015718
+79816015853
+79816015981
+79816017220
+79816018099
+79116404983
+79116406048
+79116406620
+79116407626
+79116407732
+79116407969
+79116409044
+79116409669
+79116410670
+79116411054
+79816010135
+79816011835
+79816012607
+79816012663
+79816015481
+79816015718
+79816015853
+79816015981
+79816017220
+79816018099
+79116301849
+79116302917
+79116313302
+79116313465
+79116314804
+79116314979
+79116315359
+79116315543
+79116315613
+79116316207
+79116301849
+79116302917
+79116313302
+79116313465
+79116314804
+79116314979
+79116315359
+79116315543
+79116315613
+79116316207
+79116012390
+79116012619
+79116014898
+79116024482
+79116024570
+79116024598
+79116024654
+79116024705
+79116024738
+79116024750
+79110415739
+79110417267
+79110417367
+79110417571
+79110417697
+79110417708
+79110417878
+79110418034
+79110418091
+79110418224
+79116404983
+79116406048
+79116406620
+79116407626
+79116407732
+79116407969
+79116409044
+79116409669
+79116410670
+79116411054
+79116200733
+79116201581
+79116202319
+79116203091
+79116203173
+79116203845
+79116205183
+79116205276
+79116205614
+79116205941
+79116012390
+79116012619
+79116014898
+79116024482
+79116024570
+79116024598
+79116024654
+79116024705
+79116024738
+79116024750
+79116404983
+79116406048
+79116406620
+79116407626
+79116407732
+79116407969
+79116409044
+79116409669
+79116410670
+79116411054
+79816010135
+79816011835
+79816012607
+79816012663
+79816015481
+79816015718
+79816015853
+79816015981
+79816017220
+79816018099
+79116100287
+79116101164
+79116101298
+79116101692
+79116102837
+79116104760
+79116104816
+79116104874
+79116104879
+79116105268
+79116012390
+79116012619
+79116014898
+79116024482
+79116024570
+79116024598
+79116024654
+79116024705
+79116024738
+79116024750
+79116200733
+79116201581
+79116202319
+79116203091
+79116203173
+79116203845
+79116205183
+79116205276
+79116205614
+79116205941
+79116200733
+79116201581
+79116202319
+79116203091
+79116203173
+79116203845
+79116205183
+79116205276
+79116205614
+79116205941
+79116012390
+79116012619
+79116014898
+79116024482
+79116024570
+79116024598
+79116024654
+79116024705
+79116024738
+79116024750
+79116200733
+79116201581
+79116202319
+79116203091
+79116203173
+79116203845
+79116205183
+79116205276
+79116205614
+79116205941
+79116200733
+79116201581
+79116202319
+79116203091
+79116203173
+79116203845
+79116205183
+79116205276
+79116205614
+79116205941
+79116100287
+79116101164
+79116101298
+79116101692
+79116102837
+79116104760
+79116104816
+79116104874
+79116104879
+79116105268
+79816010135
+79816011835
+79816012607
+79816012663
+79816015481
+79816015718
+79816015853
+79816015981
+79816017220
+79816018099
+79116404983
+79116406048
+79116406620
+79116407626
+79116407732
+79116407969
+79116409044
+79116409669
+79116410670
+79116411054
+79110415739
+79110417267
+79110417367
+79110417571
+79110417697
+79110417708
+79110417878
+79110418034
+79110418091
+79110418224
+79816010135
+79816011835
+79816012607
+79816012663
+79816015481
+79816015718
+79816015853
+79816015981
+79816017220
+79816018099
+79116301849
+79116302917
+79116313302
+79116313465
+79116314804
+79116314979
+79116315359
+79116315543
+79116315613
+79116316207
+79816010135
+79816011835
+79816012607
+79816012663
+79816015481
+79816015718
+79816015853
+79816015981
+79816017220
+79816018099
+79110415739
+79110417267
+79110417367
+79110417571
+79110417697
+79110417708
+79110417878
+79110418034
+79110418091
+79110418224
+79116100287
+79116101164
+79116101298
+79116101692
+79116102837
+79116104760
+79116104816
+79116104874
+79116104879
+79116105268
+79116200733
+79116201581
+79116202319
+79116203091
+79116203173
+79116203845
+79116205183
+79116205276
+79116205614
+79116205941
+79110415739
+79110417267
+79110417367
+79110417571
+79110417697
+79110417708
+79110417878
+79110418034
+79110418091
+79110418224
+79116404983
+79116406048
+79116406620
+79116407626
+79116407732
+79116407969
+79116409044
+79116409669
+79116410670
+79116411054
+79116301849
+79116302917
+79116313302
+79116313465
+79116314804
+79116314979
+79116315359
+79116315543
+79116315613
+79116316207
+79116301849
+79116302917
+79116313302
+79116313465
+79116314804
+79116314979
+79116315359
+79116315543
+79116315613
+79116316207
+79816010135
+79816011835
+79816012607
+79816012663
+79816015481
+79816015718
+79816015853
+79816015981
+79816017220
+79816018099
+79116200733
+79116201581
+79116202319
+79116203091
+79116203173
+79116203845
+79116205183
+79116205276
+79116205614
+79116205941
+79116301849
+79116302917
+79116313302
+79116313465
+79116314804
+79116314979
+79116315359
+79116315543
+79116315613
+79116316207
+79116404983
+79116406048
+79116406620
+79116407626
+79116407732
+79116407969
+79116409044
+79116409669
+79116410670
+79116411054
+79116200733
+79116201581
+79116202319
+79116203091
+79116203173
+79116203845
+79116205183
+79116205276
+79116205614
+79116205941
+79816010135
+79816011835
+79816012607
+79816012663
+79816015481
+79816015718
+79816015853
+79816015981
+79816017220
+79816018099
+79116404983
+79116406048
+79116406620
+79116407626
+79116407732
+79116407969
+79116409044
+79116409669
+79116410670
+79116411054
+79816010135
+79816011835
+79816012607
+79816012663
+79816015481
+79816015718
+79816015853
+79816015981
+79816017220
+79816018099
+79116100287
+79116101164
+79116101298
+79116101692
+79116102837
+79116104760
+79116104816
+79116104874
+79116104879
+79116105268
+79110415739
+79110417267
+79110417367
+79110417571
+79110417697
+79110417708
+79110417878
+79110418034
+79110418091
+79110418224
+79116012390
+79116012619
+79116014898
+79116024482
+79116024570
+79116024598
+79116024654
+79116024705
+79116024738
+79116024750
+79116200733
+79116201581
+79116202319
+79116203091
+79116203173
+79116203845
+79116205183
+79116205276
+79116205614
+79116205941
+79116100287
+79116101164
+79116101298
+79116101692
+79116102837
+79116104760
+79116104816
+79116104874
+79116104879
+79116105268
+79116404983
+79116406048
+79116406620
+79116407626
+79116407732
+79116407969
+79116409044
+79116409669
+79116410670
+79116411054
+79116100287
+79116101164
+79116101298
+79116101692
+79116102837
+79116104760
+79116104816
+79116104874
+79116104879
+79116105268
+79116404983
+79116406048
+79116406620
+79116407626
+79116407732
+79116407969
+79116409044
+79116409669
+79116410670
+79116411054
+79110415739
+79110417267
+79110417367
+79110417571
+79110417697
+79110417708
+79110417878
+79110418034
+79110418091
+79110418224
+79116404983
+79116406048
+79116406620
+79116407626
+79116407732
+79116407969
+79116409044
+79116409669
+79116410670
+79116411054
+79116100287
+79116101164
+79116101298
+79116101692
+79116102837
+79116104760
+79116104816
+79116104874
+79116104879
+79116105268
+79116012390
+79116012619
+79116014898
+79116024482
+79116024570
+79116024598
+79116024654
+79116024705
+79116024738
+79116024750
+79116100287
+79116101164
+79116101298
+79116101692
+79116102837
+79116104760
+79116104816
+79116104874
+79116104879
+79116105268
+79116301849
+79116302917
+79116313302
+79116313465
+79116314804
+79116314979
+79116315359
+79116315543
+79116315613
+79116316207
+79816010135
+79816011835
+79816012607
+79816012663
+79816015481
+79816015718
+79816015853
+79816015981
+79816017220
+79816018099
+79816010135
+79816011835
+79816012607
+79816012663
+79816015481
+79816015718
+79816015853
+79816015981
+79816017220
+79816018099
+79116301849
+79116302917
+79116313302
+79116313465
+79116314804
+79116314979
+79116315359
+79116315543
+79116315613
+79116316207
+79110415739
+79110417267
+79110417367
+79110417571
+79110417697
+79110417708
+79110417878
+79110418034
+79110418091
+79110418224
+79116301849
+79116302917
+79116313302
+79116313465
+79116314804
+79116314979
+79116315359
+79116315543
+79116315613
+79116316207
+79116200733
+79116201581
+79116202319
+79116203091
+79116203173
+79116203845
+79116205183
+79116205276
+79116205614
+79116205941
+79116100287
+79116101164
+79116101298
+79116101692
+79116102837
+79116104760
+79116104816
+79116104874
+79116104879
+79116105268
+79116404983
+79116406048
+79116406620
+79116407626
+79116407732
+79116407969
+79116409044
+79116409669
+79116410670
+79116411054
+79116301849
+79116302917
+79116313302
+79116313465
+79116314804
+79116314979
+79116315359
+79116315543
+79116315613
+79116316207
+79116404983
+79116406048
+79116406620
+79116407626
+79116407732
+79116407969
+79116409044
+79116409669
+79116410670
+79116411054
+79110415739
+79110417267
+79110417367
+79110417571
+79110417697
+79110417708
+79110417878
+79110418034
+79110418091
+79110418224
+79116404983
+79116406048
+79116406620
+79116407626
+79116407732
+79116407969
+79116409044
+79116409669
+79116410670
+79116411054
+79116200733
+79116201581
+79116202319
+79116203091
+79116203173
+79116203845
+79116205183
+79116205276
+79116205614
+79116205941
+79116100287
+79116101164
+79116101298
+79116101692
+79116102837
+79116104760
+79116104816
+79116104874
+79116104879
+79116105268
+79816010135
+79816011835
+79816012607
+79816012663
+79816015481
+79816015718
+79816015853
+79816015981
+79816017220
+79816018099
+79816010135
+79816011835
+79816012607
+79816012663
+79816015481
+79816015718
+79816015853
+79816015981
+79816017220
+79816018099
+79110415739
+79110417267
+79110417367
+79110417571
+79110417697
+79110417708
+79110417878
+79110418034
+79110418091
+79110418224
+79116012390
+79116012619
+79116014898
+79116024482
+79116024570
+79116024598
+79116024654
+79116024705
+79116024738
+79116024750
+79116200733
+79116201581
+79116202319
+79116203091
+79116203173
+79116203845
+79116205183
+79116205276
+79116205614
+79116205941
+79116301849
+79116302917
+79116313302
+79116313465
+79116314804
+79116314979
+79116315359
+79116315543
+79116315613
+79116316207
+79116012390
+79116012619
+79116014898
+79116024482
+79116024570
+79116024598
+79116024654
+79116024705
+79116024738
+79116024750
+79116100287
+79116101164
+79116101298
+79116101692
+79116102837
+79116104760
+79116104816
+79116104874
+79116104879
+79116105268
+79110415739
+79110417267
+79110417367
+79110417571
+79110417697
+79110417708
+79110417878
+79110418034
+79110418091
+79110418224
+79110415739
+79110417267
+79110417367
+79110417571
+79110417697
+79110417708
+79110417878
+79110418034
+79110418091
+79110418224
+79116100287
+79116101164
+79116101298
+79116101692
+79116102837
+79116104760
+79116104816
+79116104874
+79116104879
+79116105268
+79116100287
+79116101164
+79116101298
+79116101692
+79116102837
+79116104760
+79116104816
+79116104874
+79116104879
+79116105268
+79116200733
+79116201581
+79116202319
+79116203091
+79116203173
+79116203845
+79116205183
+79116205276
+79116205614
+79116205941
+79116301849
+79116302917
+79116313302
+79116313465
+79116314804
+79116314979
+79116315359
+79116315543
+79116315613
+79116316207
+79116404983
+79116406048
+79116406620
+79116407626
+79116407732
+79116407969
+79116409044
+79116409669
+79116410670
+79116411054
+79110415739
+79110417267
+79110417367
+79110417571
+79110417697
+79110417708
+79110417878
+79110418034
+79110418091
+79110418224
+79816010135
+79816011835
+79816012607
+79816012663
+79816015481
+79816015718
+79816015853
+79816015981
+79816017220
+79816018099
+79116100287
+79116101164
+79116101298
+79116101692
+79116102837
+79116104760
+79116104816
+79116104874
+79116104879
+79116105268
+79110415739
+79110417267
+79110417367
+79110417571
+79110417697
+79110417708
+79110417878
+79110418034
+79110418091
+79110418224
+79116200733
+79116201581
+79116202319
+79116203091
+79116203173
+79116203845
+79116205183
+79116205276
+79116205614
+79116205941
+79110415739
+79110417267
+79110417367
+79110417571
+79110417697
+79110417708
+79110417878
+79110418034
+79110418091
+79110418224
+79110415739
+79110417267
+79110417367
+79110417571
+79110417697
+79110417708
+79110417878
+79110418034
+79110418091
+79110418224
+79116404983
+79116406048
+79116406620
+79116407626
+79116407732
+79116407969
+79116409044
+79116409669
+79116410670
+79116411054
+79116100287
+79116101164
+79116101298
+79116101692
+79116102837
+79116104760
+79116104816
+79116104874
+79116104879
+79116105268
+79816010135
+79816011835
+79816012607
+79816012663
+79816015481
+79816015718
+79816015853
+79816015981
+79816017220
+79816018099
+79816010135
+79816011835
+79816012607
+79816012663
+79816015481
+79816015718
+79816015853
+79816015981
+79816017220
+79816018099
+79116200733
+79116201581
+79116202319
+79116203091
+79116203173
+79116203845
+79116205183
+79116205276
+79116205614
+79116205941
+79116404983
+79116406048
+79116406620
+79116407626
+79116407732
+79116407969
+79116409044
+79116409669
+79116410670
+79116411054
+79816010135
+79816011835
+79816012607
+79816012663
+79816015481
+79816015718
+79816015853
+79816015981
+79816017220
+79816018099
+79116012390
+79116012619
+79116014898
+79116024482
+79116024570
+79116024598
+79116024654
+79116024705
+79116024738
+79116024750
+79116200733
+79116201581
+79116202319
+79116203091
+79116203173
+79116203845
+79116205183
+79116205276
+79116205614
+79116205941
+79116404983
+79116406048
+79116406620
+79116407626
+79116407732
+79116407969
+79116409044
+79116409669
+79116410670
+79116411054
+79116100287
+79116101164
+79116101298
+79116101692
+79116102837
+79116104760
+79116104816
+79116104874
+79116104879
+79116105268
+79116100287
+79116101164
+79116101298
+79116101692
+79116102837
+79116104760
+79116104816
+79116104874
+79116104879
+79116105268
+79816010135
+79816011835
+79816012607
+79816012663
+79816015481
+79816015718
+79816015853
+79816015981
+79816017220
+79816018099
+79116301849
+79116302917
+79116313302
+79116313465
+79116314804
+79116314979
+79116315359
+79116315543
+79116315613
+79116316207
+79110415739
+79110417267
+79110417367
+79110417571
+79110417697
+79110417708
+79110417878
+79110418034
+79110418091
+79110418224
+79816010135
+79816011835
+79816012607
+79816012663
+79816015481
+79816015718
+79816015853
+79816015981
+79816017220
+79816018099
+79116012390
+79116012619
+79116014898
+79116024482
+79116024570
+79116024598
+79116024654
+79116024705
+79116024738
+79116024750
+79116404983
+79116406048
+79116406620
+79116407626
+79116407732
+79116407969
+79116409044
+79116409669
+79116410670
+79116411054
+79110415739
+79110417267
+79110417367
+79110417571
+79110417697
+79110417708
+79110417878
+79110418034
+79110418091
+79110418224
+79116301849
+79116302917
+79116313302
+79116313465
+79116314804
+79116314979
+79116315359
+79116315543
+79116315613
+79116316207
+79116301849
+79116302917
+79116313302
+79116313465
+79116314804
+79116314979
+79116315359
+79116315543
+79116315613
+79116316207
+79110415739
+79110417267
+79110417367
+79110417571
+79110417697
+79110417708
+79110417878
+79110418034
+79110418091
+79110418224
+79816010135
+79816011835
+79816012607
+79816012663
+79816015481
+79816015718
+79816015853
+79816015981
+79816017220
+79816018099
+79110415739
+79110417267
+79110417367
+79110417571
+79110417697
+79110417708
+79110417878
+79110418034
+79110418091
+79110418224
+79116012390
+79116012619
+79116014898
+79116024482
+79116024570
+79116024598
+79116024654
+79116024705
+79116024738
+79116024750
+79116301849
+79116302917
+79116313302
+79116313465
+79116314804
+79116314979
+79116315359
+79116315543
+79116315613
+79116316207
+79116100287
+79116101164
+79116101298
+79116101692
+79116102837
+79116104760
+79116104816
+79116104874
+79116104879
+79116105268
+79816010135
+79816011835
+79816012607
+79816012663
+79816015481
+79816015718
+79816015853
+79816015981
+79816017220
+79816018099
+79116301849
+79116302917
+79116313302
+79116313465
+79116314804
+79116314979
+79116315359
+79116315543
+79116315613
+79116316207
+79116012390
+79116012619
+79116014898
+79116024482
+79116024570
+79116024598
+79116024654
+79116024705
+79116024738
+79116024750
+79116012390
+79116012619
+79116014898
+79116024482
+79116024570
+79116024598
+79116024654
+79116024705
+79116024738
+79116024750
+79816010135
+79816011835
+79816012607
+79816012663
+79816015481
+79816015718
+79816015853
+79816015981
+79816017220
+79816018099
+79116301849
+79116302917
+79116313302
+79116313465
+79116314804
+79116314979
+79116315359
+79116315543
+79116315613
+79116316207
+79116012390
+79116012619
+79116014898
+79116024482
+79116024570
+79116024598
+79116024654
+79116024705
+79116024738
+79116024750
+79116301849
+79116302917
+79116313302
+79116313465
+79116314804
+79116314979
+79116315359
+79116315543
+79116315613
+79116316207
+79116404983
+79116406048
+79116406620
+79116407626
+79116407732
+79116407969
+79116409044
+79116409669
+79116410670
+79116411054
+79816010135
+79816011835
+79816012607
+79816012663
+79816015481
+79816015718
+79816015853
+79816015981
+79816017220
+79816018099
+79110415739
+79110417267
+79110417367
+79110417571
+79110417697
+79110417708
+79110417878
+79110418034
+79110418091
+79110418224
+79116404983
+79116406048
+79116406620
+79116407626
+79116407732
+79116407969
+79116409044
+79116409669
+79116410670
+79116411054
+79116100287
+79116101164
+79116101298
+79116101692
+79116102837
+79116104760
+79116104816
+79116104874
+79116104879
+79116105268
+79116200733
+79116201581
+79116202319
+79116203091
+79116203173
+79116203845
+79116205183
+79116205276
+79116205614
+79116205941
+79110415739
+79110417267
+79110417367
+79110417571
+79110417697
+79110417708
+79110417878
+79110418034
+79110418091
+79110418224
+79116404983
+79116406048
+79116406620
+79116407626
+79116407732
+79116407969
+79116409044
+79116409669
+79116410670
+79116411054
+79116100287
+79116101164
+79116101298
+79116101692
+79116102837
+79116104760
+79116104816
+79116104874
+79116104879
+79116105268
+79816010135
+79816011835
+79816012607
+79816012663
+79816015481
+79816015718
+79816015853
+79816015981
+79816017220
+79816018099
+79816010135
+79816011835
+79816012607
+79816012663
+79816015481
+79816015718
+79816015853
+79816015981
+79816017220
+79816018099
+79116012390
+79116012619
+79116014898
+79116024482
+79116024570
+79116024598
+79116024654
+79116024705
+79116024738
+79116024750
+79116200733
+79116201581
+79116202319
+79116203091
+79116203173
+79116203845
+79116205183
+79116205276
+79116205614
+79116205941
+79116301849
+79116302917
+79116313302
+79116313465
+79116314804
+79116314979
+79116315359
+79116315543
+79116315613
+79116316207
+79116404983
+79116406048
+79116406620
+79116407626
+79116407732
+79116407969
+79116409044
+79116409669
+79116410670
+79116411054
+79816010135
+79816011835
+79816012607
+79816012663
+79816015481
+79816015718
+79816015853
+79816015981
+79816017220
+79816018099
+79116200733
+79116201581
+79116202319
+79116203091
+79116203173
+79116203845
+79116205183
+79116205276
+79116205614
+79116205941
+79116404983
+79116406048
+79116406620
+79116407626
+79116407732
+79116407969
+79116409044
+79116409669
+79116410670
+79116411054
+79110415739
+79110417267
+79110417367
+79110417571
+79110417697
+79110417708
+79110417878
+79110418034
+79110418091
+79110418224
+79116301849
+79116302917
+79116313302
+79116313465
+79116314804
+79116314979
+79116315359
+79116315543
+79116315613
+79116316207
+79116200733
+79116201581
+79116202319
+79116203091
+79116203173
+79116203845
+79116205183
+79116205276
+79116205614
+79116205941
+79116012619
+79116014898
+79116024482
+79116024570
+79116024598
+79116024654
+79116024705
+79116024738
+79116024750
+79116024800
+79816011835
+79816012607
+79816012663
+79816015481
+79816015718
+79816015853
+79816015981
+79816017220
+79816018099
+79816018185
+79116301849
+79116302917
+79116313302
+79116313465
+79116314804
+79116314979
+79116315359
+79116315543
+79116315613
+79116316207
+79116404983
+79116406048
+79116406620
+79116407626
+79116407732
+79116407969
+79116409044
+79116409669
+79116410670
+79116411054
+79116100287
+79116101164
+79116101298
+79116101692
+79116102837
+79116104760
+79116104816
+79116104874
+79116104879
+79116105268
+79110415739
+79110417267
+79110417367
+79110417571
+79110417697
+79110417708
+79110417878
+79110418034
+79110418091
+79110418224
+79116301849
+79116302917
+79116313302
+79116313465
+79116314804
+79116314979
+79116315359
+79116315543
+79116315613
+79116316207
+79116301849
+79116302917
+79116313302
+79116313465
+79116314804
+79116314979
+79116315359
+79116315543
+79116315613
+79116316207
+79116200733
+79116201581
+79116202319
+79116203091
+79116203173
+79116203845
+79116205183
+79116205276
+79116205614
+79116205941
+79116100287
+79116101164
+79116101298
+79116101692
+79116102837
+79116104760
+79116104816
+79116104874
+79116104879
+79116105268
+79116012619
+79116014898
+79116024482
+79116024570
+79116024598
+79116024654
+79116024705
+79116024738
+79116024750
+79116024800
+79116200733
+79116201581
+79116202319
+79116203091
+79116203173
+79116203845
+79116205183
+79116205276
+79116205614
+79116205941
+79116100287
+79116101164
+79116101298
+79116101692
+79116102837
+79116104760
+79116104816
+79116104874
+79116104879
+79116105268
