+79134800134
+79134802204
+79134802666
+79134802795
+79134804784
+79134807420
+79134808112
+79134808614
+79134810692
+79134810909
+79133803493
+79133803755
+79133804701
+79133805687
+79133805721
+79133805722
+79133806097
+79133806328
+79133806944
+79133807211
+79139800270
+79139801345
+79139804355
+79139804399
+79139805044
+79139806228
+79139806293
+79139806294
+79139806304
+79139806307
+79139508375
+79139508658
+79139509821
+79139510465
+79139512922
+79139513184
+79139513511
+79139514013
+79139514303
+79139514677
+79138905316
+79138905326
+79138905365
+79138905368
+79138905376
+79138905381
+79138905495
+79138905581
+79138905612
+79138905671
+79833200285
+79833201407
+79833203459
+79833203462
+79833203525
+79833203545
+79833203546
+79833203567
+79833203570
+79833203603
+79833123183
+79833124061
+79833124359
+79833125017
+79833125415
+79833125976
+79833126173
+79833126456
+79833126719
+79833126773
+79137705173
+79137706547
+79137708723
+79137709520
+79137710241
+79137710613
+79137710802
+79137711264
+79137711302
+79137711384
+79139202751
+79139204514
+79139204994
+79139206409
+79139206718
+79139206758
+79139210688
+79139210738
+79139211577
+79139214245
+79831201048
+79831203796
+79831203843
+79831203847
+79831203866
+79831203867
+79831203902
+79831203927
+79831203942
+79831204047
+79132003181
+79132003198
+79132005226
+79132005546
+79132005637
+79132005869
+79132006248
+79132006682
+79132006863
+79132007819
+79138905316
+79138905326
+79138905365
+79138905368
+79138905376
+79138905381
+79138905495
+79138905581
+79138905612
+79138905671
+79833200285
+79833201407
+79833203459
+79833203462
+79833203525
+79833203545
+79833203546
+79833203567
+79833203570
+79833203603
+79137200597
+79137207386
+79137211631
+79137211690
+79137211710
+79137211783
+79137211803
+79137211806
+79137211939
+79137212143
+79137801264
+79137803152
+79137810993
+79137811365
+79137812661
+79137813120
+79137813212
+79137813252
+79137813327
+79137813953
+79139102859
+79139102957
+79139102964
+79139103226
+79139103248
+79139103381
+79139103497
+79139103584
+79139103624
+79139103729
+79137300376
+79137300611
+79137300751
+79137300973
+79137302257
+79137303619
+79137303672
+79137303929
+79137303932
+79137303961
+79134501870
+79134502547
+79134502602
+79134502607
+79134502690
+79134502697
+79134502730
+79134502754
+79134502816
+79134502840
+79133909724
+79133915772
+79133916610
+79133916775
+79133917063
+79133917917
+79133918199
+79133919242
+79133919417
+79133919695
+79137200597
+79137207386
+79137211631
+79137211690
+79137211710
+79137211783
+79137211803
+79137211806
+79137211939
+79137212143
+79831301407
+79831301978
+79831303140
+79831305338
+79831306372
+79831306554
+79831307862
+79831308722
+79831309873
+79831310579
+79134716985
+79134717107
+79134717617
+79134718182
+79134718187
+79134718572
+79134718929
+79134718941
+79134719078
+79134719242
+79134502547
+79134502576
+79134502607
+79134502690
+79134502697
+79134502730
+79134502754
+79134502816
+79134502840
+79134504728
+79133700366
+79133700629
+79133700948
+79133702510
+79133707076
+79133708366
+79133710512
+79133710618
+79133711248
+79133712792
+79833200285
+79833201407
+79833203459
+79833203462
+79833203525
+79833203545
+79833203546
+79833203567
+79833203570
+79833203603
+79831301407
+79831301978
+79831303140
+79831305338
+79831306372
+79831306554
+79831307862
+79831308722
+79831309873
+79831310579
+79139102859
+79139102957
+79139102964
+79139103226
+79139103248
+79139103381
+79139103497
+79139103584
+79139103624
+79139103729
+79833123183
+79833124061
+79833124359
+79833125017
+79833125976
+79833126173
+79833126456
+79833126719
+79833126773
+79833126848
+79139800270
+79139801345
+79139802179
+79139804355
+79139804399
+79139805044
+79139806228
+79139806293
+79139806294
+79139806304
+79139800270
+79139801345
+79139802179
+79139804355
+79139804399
+79139805044
+79139806228
+79139806293
+79139806294
+79139806304
+79833200285
+79833201407
+79833203459
+79833203462
+79833203525
+79833203545
+79833203546
+79833203567
+79833203570
+79833203603
+79132003181
+79132003198
+79132005226
+79132005546
+79132005637
+79132005869
+79132006248
+79132006682
+79132006863
+79132007819
+79137900037
+79137923375
+79137923379
+79137923385
+79137923394
+79137923398
+79137923410
+79137923412
+79137923434
+79137923442
+79139891149
+79139891837
+79139892026
+79139892074
+79139892083
+79139892097
+79139892106
+79139892143
+79139892146
+79139892239
+79139102859
+79139102957
+79139102964
+79139103226
+79139103248
+79139103381
+79139103497
+79139103584
+79139103624
+79139103729
+79139001522
+79139004104
+79139004823
+79139005983
+79139005997
+79139006429
+79139006879
+79139007738
+79139007861
+79139007914
+79137801264
+79137803152
+79137810993
+79137811365
+79137812661
+79137813120
+79137813212
+79137813252
+79137813327
+79137813953
+79133700366
+79133700629
+79133700948
+79133702510
+79133707076
+79133708366
+79133710512
+79133710618
+79133711248
+79133712792
+79831201048
+79831203796
+79831203843
+79831203847
+79831203866
+79831203867
+79831203902
+79831203927
+79831203942
+79831204047
+79137300376
+79137300611
+79137300751
+79137300973
+79137302257
+79137303619
+79137303672
+79137303929
+79137303932
+79137303961
+79137207386
+79137211631
+79137211690
+79137211710
+79137211783
+79137211803
+79137211806
+79137211939
+79137212143
+79137212275
+79130101073
+79130101852
+79130101875
+79130102352
+79130102831
+79130104840
+79130106078
+79130106776
+79130107296
+79130107513
+79138900321
+79138905316
+79138905326
+79138905365
+79138905368
+79138905376
+79138905381
+79138905495
+79138905581
+79138905612
+79139890634
+79139891149
+79139891837
+79139892026
+79139892074
+79139892083
+79139892097
+79139892106
+79139892143
+79139892146
+79137602470
+79137603049
+79137603279
+79137604146
+79137604310
+79137604429
+79137605098
+79137605132
+79137605162
+79137605184
+79831201048
+79831203796
+79831203843
+79831203847
+79831203866
+79831203867
+79831203902
+79831203927
+79831203942
+79831204047
+79130101073
+79130101852
+79130101875
+79130102352
+79130102831
+79130104840
+79130106078
+79130106776
+79130107296
+79130107513
+79134502547
+79134502576
+79134502690
+79134502697
+79134502730
+79134502754
+79134502816
+79134502840
+79134504728
+79134504750
+79137412499
+79137415163
+79137415539
+79137415754
+79137416510
+79137416745
+79137418845
+79137418931
+79137418985
+79137420127
+79831301407
+79831301978
+79831303140
+79831305338
+79831306372
+79831306554
+79831307862
+79831308722
+79831309873
+79831310579
+79137504569
+79137505596
+79137506641
+79137506678
+79137506781
+79137506795
+79137506805
+79137506810
+79137506848
+79137506849
+79139890634
+79139891149
+79139891837
+79139892026
+79139892074
+79139892083
+79139892097
+79139892106
+79139892143
+79139892146
+79134600840
+79134601705
+79134601939
+79134602430
+79134602431
+79134603568
+79134603623
+79134603995
+79134605286
+79134605634
+79132003181
+79132003198
+79132005226
+79132005546
+79132005637
+79132005869
+79132006248
+79132006682
+79132006863
+79132007819
+79134502547
+79134502576
+79134502690
+79134502697
+79134502730
+79134502754
+79134502816
+79134502840
+79134504728
+79134504750
+79833000298
+79833000479
+79833000640
+79833000741
+79833000973
+79833000981
+79833001056
+79833001073
+79833001120
+79833001124
+79139102859
+79139102957
+79139102964
+79139103226
+79139103248
+79139103381
+79139103497
+79139103584
+79139103624
+79139103729
+79134716985
+79134717107
+79134717617
+79134718182
+79134718187
+79134718572
+79134718929
+79134718941
+79134719078
+79134719242
+79139202751
+79139204514
+79139204994
+79139206409
+79139206718
+79139206758
+79139210738
+79139211577
+79139214245
+79139214420
+79137705173
+79137706493
+79137706547
+79137708723
+79137709520
+79137710241
+79137710613
+79137710802
+79137711264
+79137711302
+79130031674
+79130032185
+79130035958
+79130036631
+79130036700
+79130036751
+79130037672
+79130038136
+79130038867
+79130038943
+79130101073
+79130101852
+79130101875
+79130102352
+79130102831
+79130104840
+79130106078
+79130106776
+79130107296
+79130107513
+79130031674
+79130032185
+79130035958
+79130036631
+79130036700
+79130036751
+79130037672
+79130038136
+79130038867
+79130038943
+79139500587
+79139508658
+79139509821
+79139510465
+79139512922
+79139513184
+79139513511
+79139514013
+79139514303
+79139514677
+79130101073
+79130101852
+79130101875
+79130102352
+79130102831
+79130104840
+79130106078
+79130106776
+79130107296
+79130107513
+79137705173
+79137706493
+79137706547
+79137708723
+79137709520
+79137710241
+79137710613
+79137710802
+79137711264
+79137711302
+79137207386
+79137211631
+79137211690
+79137211710
+79137211783
+79137211803
+79137211806
+79137211939
+79137212143
+79137212275
+79139202751
+79139204514
+79139204994
+79139206409
+79139206718
+79139206758
+79139210738
+79139211577
+79139214245
+79139214420
+79134716985
+79134717107
+79134717617
+79134718182
+79134718187
+79134718572
+79134718929
+79134718941
+79134719078
+79134719242
+79139202751
+79139204514
+79139204994
+79139206409
+79139206718
+79139206758
+79139210738
+79139211577
+79139214245
+79139214420
+79134716985
+79134717107
+79134717617
+79134718182
+79134718187
+79134718572
+79134718929
+79134718941
+79134719078
+79134719242
+79133803493
+79133803755
+79133804701
+79133805687
+79133805721
+79133805722
+79133806097
+79133806328
+79133806944
+79133807211
+79139890634
+79139891149
+79139891837
+79139892026
+79139892074
+79139892083
+79139892097
+79139892106
+79139892143
+79139892146
+79833000298
+79833000479
+79833000640
+79833000741
+79833000973
+79833000981
+79833001056
+79833001073
+79833001120
+79833001124
+79130603916
+79130604762
+79130606692
+79130609695
+79130610650
+79130610886
+79130611064
+79130611186
+79130612291
+79130612809
+79137504569
+79137505596
+79137506641
+79137506678
+79137506781
+79137506795
+79137506805
+79137506810
+79137506848
+79137506849
+79137300376
+79137300611
+79137300751
+79137300973
+79137302257
+79137303619
+79137303672
+79137303929
+79137303932
+79137303961
+79137005541
+79137005824
+79137006051
+79137006710
+79137007905
+79137009153
+79137009186
+79137009455
+79137010246
+79137010933
+79139102859
+79139102957
+79139102964
+79139103226
+79139103248
+79139103381
+79139103497
+79139103584
+79139103624
+79139103729
+79139800270
+79139801345
+79139802179
+79139804355
+79139804399
+79139805044
+79139806228
+79139806293
+79139806294
+79139806304
+79139405767
+79139412659
+79139413011
+79139413565
+79139414082
+79139414602
+79139414679
+79139414695
+79139414715
+79139414724
+79833200285
+79833203459
+79833203462
+79833203525
+79833203545
+79833203546
+79833203567
+79833203570
+79833203603
+79833203649
+79831201048
+79831203796
+79831203843
+79831203847
+79831203866
+79831203867
+79831203902
+79831203927
+79831203942
+79831204047
+79139001522
+79139004104
+79139004823
+79139005983
+79139005997
+79139006429
+79139006879
+79139007738
+79139007861
+79139007914
+79830510600
+79830511262
+79830511693
+79830511798
+79830512065
+79830512195
+79830513660
+79830513704
+79830515022
+79830515175
+79137801264
+79137803152
+79137810993
+79137811365
+79137812661
+79137813120
+79137813212
+79137813252
+79137813327
+79137813953
+79130031674
+79130032185
+79130035958
+79130036631
+79130036700
+79130036751
+79130037672
+79130038136
+79130038867
+79130038943
+79137504569
+79137505596
+79137506641
+79137506678
+79137506781
+79137506795
+79137506805
+79137506810
+79137506848
+79137506849
+79139405767
+79139412659
+79139413011
+79139413565
+79139414082
+79139414602
+79139414679
+79139414695
+79139414715
+79139414724
+79133909724
+79133912243
+79133915405
+79133915772
+79133916610
+79133916775
+79133917063
+79133917917
+79133918199
+79133919242
+79830010277
+79830033146
+79830034742
+79830035804
+79830037536
+79830037620
+79830037861
+79830037863
+79830037883
+79830037901
+79137207386
+79137211631
+79137211690
+79137211710
+79137211783
+79137211803
+79137211806
+79137211939
+79137212143
+79137212275
+79133909724
+79133912243
+79133915405
+79133915772
+79133916610
+79133916775
+79133917063
+79133917917
+79133918199
+79133919242
+79130101073
+79130101852
+79130101875
+79130102352
+79130102831
+79130106078
+79130106776
+79130107296
+79130107513
+79130107819
+79130101073
+79130101852
+79130101875
+79130102352
+79130102831
+79130106078
+79130106776
+79130107296
+79130107513
+79130107819
+79831201048
+79831203796
+79831203843
+79831203847
+79831203866
+79831203867
+79831203902
+79831203927
+79831203942
+79831204047
+79139001522
+79139004104
+79139004823
+79139005983
+79139005997
+79139006429
+79139006879
+79139007738
+79139007861
+79139007914
+79139001522
+79139004104
+79139004823
+79139005983
+79139005997
+79139006429
+79139006879
+79139007738
+79139007861
+79139007914
+79134502547
+79134502576
+79134502690
+79134502697
+79134502730
+79134502754
+79134502816
+79134502840
+79134504728
+79134504750
+79830510600
+79830511262
+79830511693
+79830511798
+79830512065
+79830512195
+79830513660
+79830513704
+79830515022
+79830515175
+79137207386
+79137211631
+79137211690
+79137211710
+79137211783
+79137211803
+79137211806
+79137211939
+79137212143
+79137212275
+79139202751
+79139204514
+79139204994
+79139206409
+79139206718
+79139206758
+79139210738
+79139211577
+79139214245
+79139214420
+79139890634
+79139891149
+79139891837
+79139892026
+79139892074
+79139892083
+79139892097
+79139892106
+79139892143
+79139892146
+79134600840
+79134601705
+79134601939
+79134602430
+79134602431
+79134603568
+79134603623
+79134603995
+79134605286
+79134605634
+79137005541
+79137005824
+79137006051
+79137006710
+79137007905
+79137009153
+79137009186
+79137009455
+79137010246
+79137010933
+79134502547
+79134502576
+79134502690
+79134502697
+79134502730
+79134502754
+79134502816
+79134502840
+79134504728
+79134504750
+79130031674
+79130032185
+79130035958
+79130036631
+79130036700
+79130036751
+79130037672
+79130038136
+79130038867
+79130038943
+79130031674
+79130032185
+79130035958
+79130036631
+79130036700
+79130036751
+79130037672
+79130038136
+79130038867
+79130038943
+79137207386
+79137211631
+79137211690
+79137211710
+79137211783
+79137211803
+79137211806
+79137211939
+79137212143
+79137212275
+79139800270
+79139801345
+79139802179
+79139804355
+79139804399
+79139805044
+79139806228
+79139806293
+79139806294
+79139806304
+79833124061
+79833124359
+79833125017
+79833125976
+79833126173
+79833126456
+79833126719
+79833126773
+79833126848
+79833126916
+79130101073
+79130101852
+79130101875
+79130102352
+79130102831
+79130106078
+79130106776
+79130107296
+79130107513
+79130107819
+79134716985
+79134717107
+79134717617
+79134718182
+79134718187
+79134718572
+79134718929
+79134718941
+79134719078
+79134719242
+79134716985
+79134717107
+79134717617
+79134718182
+79134718187
+79134718572
+79134718929
+79134718941
+79134719078
+79134719242
+79139890634
+79139891149
+79139891837
+79139892026
+79139892074
+79139892083
+79139892097
+79139892106
+79139892143
+79139892146
+79138900321
+79138905316
+79138905326
+79138905365
+79138905368
+79138905376
+79138905381
+79138905495
+79138905581
+79138905612
+79130603916
+79130604762
+79130606692
+79130609695
+79130610650
+79130610886
+79130611064
+79130611186
+79130612291
+79130612809
+79134800134
+79134802204
+79134802666
+79134802795
+79134804784
+79134807420
+79134808112
+79134808614
+79134810692
+79134810909
+79833124061
+79833124359
+79833125017
+79833125976
+79833126173
+79833126456
+79833126719
+79833126773
+79833126848
+79833126916
+79833200285
+79833203459
+79833203462
+79833203525
+79833203545
+79833203546
+79833203567
+79833203570
+79833203603
+79833203649
+79134800134
+79134802204
+79134802666
+79134802795
+79134804784
+79134807420
+79134808112
+79134808614
+79134810692
+79134810909
+79139500587
+79139508658
+79139509821
+79139510465
+79139513184
+79139513511
+79139514013
+79139514303
+79139514677
+79139514793
+79133700366
+79133700629
+79133700948
+79133702510
+79133707076
+79133708366
+79133710512
+79133710618
+79133711248
+79133712792
+79133803493
+79133803755
+79133804701
+79133805687
+79133805721
+79133805722
+79133806097
+79133806328
+79133806944
+79133807211
+79137504569
+79137505596
+79137506641
+79137506678
+79137506781
+79137506795
+79137506805
+79137506810
+79137506848
+79137506849
+79833200285
+79833203459
+79833203462
+79833203525
+79833203545
+79833203546
+79833203567
+79833203570
+79833203603
+79833203649
+79130101073
+79130101852
+79130101875
+79130102352
+79130102831
+79130106078
+79130106776
+79130107296
+79130107513
+79130107819
+79133909724
+79133912243
+79133915405
+79133915772
+79133916610
+79133916775
+79133917063
+79133917917
+79133918199
+79133919242
+79134600840
+79134601705
+79134601939
+79134602430
+79134602431
+79134603568
+79134603623
+79134603995
+79134605286
+79134605634
+79139890634
+79139891149
+79139891837
+79139892026
+79139892074
+79139892083
+79139892097
+79139892106
+79139892143
+79139892146
