+79139601455
+79139601692
+79136200726
+79136000716
+79139601671
+79136801165
+79136801156
+79139702440
+79835200942
+79835201078
+79131420513
+79136102229
+79139600182
+79136400772
+79136402179
+79136201552
+79139715456
+79831100642
+79131420738
+79139883327
+79131508560
+79136402117
+79836200714
+79131420712
+79136303461
+79139600870
+79835200925
+79136201378
+79131508527
+79136200783
+79835201304
+79136402154
+79831100645
+79136301532
+79835623267
+79836200813
+79136200951
+79136000695
+79139601691
+79139883254
+79136701966
+79136607387
+79139715475
+79136702005
+79136102351
+79131420716
+79831100643
+79136201298
+79136801162
+79831100629
+79136200739
+79831100638
+79131508787
+79136303750
+79136801154
+79136304107
+79136702042
+79139883351
+79131508531
+79139883288
+79136302480
+79836200563
+79835623509
+79136102245
+79139714204
+79136502153
+79139883326
+79136201131
+79136503261
+79136702003
+79136603657
+79136301325
+79835201673
+79131420777
+79131508782
+79136503259
+79136000694
+79139715462
+79836200424
+79836200558
+79831100639
+79139714467
+79835623708
+79136000719
+79835200678
+79136404773
+79136702045
+79136102228
+79136606778
+79139883256
+79136607383
+79131420736
+79836200910
+79136701969
+79136102333
+79139707048
+79136701967
+79136000728
+79136801161
+79136102227
+79136405757
+79136503234
+79136800970
+79131420765
+79136000697
+79131420766
+79131508760
+79136607399
+79136000339
+79131420769
+79836200681
+79139883265
+79139601423
+79131508693
+79136000714
+79136402150
+79136000651
+79835201695
+79136302689
+79136801158
+79136402042
+79139602194
+79835622916
+79136607371
+79835624577
+79136502209
+79136502003
+79836200750
+79835623301
+79136501833
+79835623709
+79136605923
+79136102290
+79136801152
+79139714430
+79836200743
+79136500284
+79131420749
+79835624127
+79136502827
+79136605326
+79835201942
+79131420725
+79831100634
+79835624369
+79136102196
+79136000672
+79136603539
+79139715461
+79139883297
+79136200841
+79136800842
+79131508730
+79836200695
+79136701965
+79139883352
+79136304153
+79136502341
+79131508552
+79835200941
+79136102319
+79136304326
+79835200963
+79136405198
+79136503257
+79131508764
+79139715467
+79136702038
+79139883279
+79139601683
+79136702047
+79136304187
+79136801146
+79131420698
+79139883278
+79136500894
+79136401938
+79139601702
+79831100635
+79831100648
+79136102226
+79136702002
+79835623699
+79831100637
+79136200743
+79136605399
