+79807666191
+79807666278
+79807666343
+79807666351
+79807666354
+79807666357
+79807666374
+79807666387
+79807666391
+79807666392
+79192606580
+79192606581
+79192606642
+79192606643
+79192606645
+79192606698
+79192606703
+79192606715
+79192606734
+79192606736
+79192606580
+79192606581
+79192606642
+79192606643
+79192606645
+79192606698
+79192606703
+79192606715
+79192606734
+79192606736
+79102013698
+79102013735
+79102013893
+79102013895
+79102013920
+79102013923
+79102013947
+79102013954
+79102013959
+79102013983
+79103002054
+79103005804
+79103006536
+79103009163
+79103009267
+79103009276
+79103009281
+79103009485
+79103009494
+79103009599
+79807666191
+79807666278
+79807666343
+79807666351
+79807666354
+79807666357
+79807666374
+79807666387
+79807666391
+79807666392
+79192606580
+79192606581
+79192606642
+79192606643
+79192606645
+79192606698
+79192606703
+79192606715
+79192606734
+79192606736
+79803600375
+79803600592
+79803606362
+79803606841
+79803607412
+79803607879
+79803608353
+79803608769
+79803609103
+79803609456
+79192000708
+79192000941
+79192001806
+79192005018
+79192005027
+79192005028
+79192005038
+79192005041
+79192005042
+79192005059
+79192000708
+79192000941
+79192001806
+79192005018
+79192005027
+79192005028
+79192005038
+79192005041
+79192005042
+79192005059
+79192606580
+79192606581
+79192606642
+79192606643
+79192606645
+79192606698
+79192606703
+79192606715
+79192606734
+79192606736
+79192606580
+79192606581
+79192606642
+79192606643
+79192606645
+79192606698
+79192606703
+79192606715
+79192606734
+79192606736
+79807666191
+79807666278
+79807666343
+79807666351
+79807666354
+79807666357
+79807666374
+79807666387
+79807666391
+79807666392
+79107470636
+79107470891
+79107471082
+79107471547
+79107471578
+79107474395
+79107475459
+79107475607
+79107475647
+79107475770
+79155000297
+79155000748
+79155000964
+79155001374
+79155001385
+79155001726
+79155002367
+79155002389
+79155002458
+79155002524
+79102600071
+79102600161
+79102600573
+79102600702
+79102600826
+79102600827
+79102600889
+79102600987
+79102601015
+79102601397
+79102600071
+79102600161
+79102600573
+79102600702
+79102600826
+79102600827
+79102600889
+79102600987
+79102601015
+79102601397
+79155000297
+79155000748
+79155000964
+79155001374
+79155001385
+79155001726
+79155002367
+79155002389
+79155002458
+79155002524
+79102600071
+79102600161
+79102600573
+79102600702
+79102600826
+79102600827
+79102600889
+79102600987
+79102601015
+79102601397
+79102600071
+79102600161
+79102600573
+79102600702
+79102600826
+79102600827
+79102600889
+79102600987
+79102601015
+79102601397
+79107470636
+79107470891
+79107471082
+79107471547
+79107471578
+79107474395
+79107475459
+79107475607
+79107475647
+79107475770
+79192606580
+79192606581
+79192606642
+79192606643
+79192606645
+79192606698
+79192606703
+79192606715
+79192606734
+79192606736
+79155000297
+79155000748
+79155000964
+79155001374
+79155001385
+79155001726
+79155002367
+79155002389
+79155002458
+79155002524
+79807666191
+79807666278
+79807666343
+79807666351
+79807666354
+79807666357
+79807666374
+79807666387
+79807666391
+79807666392
+79807666191
+79807666278
+79807666343
+79807666351
+79807666354
+79807666357
+79807666374
+79807666387
+79807666391
+79807666392
+79803600375
+79803600592
+79803606362
+79803606841
+79803607412
+79803607879
+79803608353
+79803608769
+79803609103
+79803609456
+79155000297
+79155000748
+79155000964
+79155001374
+79155001385
+79155001726
+79155002367
+79155002389
+79155002458
+79155002524
+79103002054
+79103005804
+79103006536
+79103009163
+79103009267
+79103009276
+79103009281
+79103009485
+79103009494
+79103009599
+79190909658
+79190909750
+79190909751
+79190909820
+79190909850
+79190909867
+79190909871
+79190909874
+79190909876
+79190909885
+79155000297
+79155000748
+79155000964
+79155001374
+79155001385
+79155001726
+79155002367
+79155002389
+79155002458
+79155002524
+79107470636
+79107470891
+79107471082
+79107471547
+79107471578
+79107474395
+79107475459
+79107475607
+79107475647
+79107475770
+79107470636
+79107470891
+79107471082
+79107471547
+79107471578
+79107474395
+79107475459
+79107475607
+79107475647
+79107475770
+79190909658
+79190909750
+79190909751
+79190909820
+79190909850
+79190909867
+79190909871
+79190909874
+79190909876
+79190909885
+79192000708
+79192000941
+79192001806
+79192005018
+79192005027
+79192005028
+79192005038
+79192005041
+79192005042
+79192005059
+79102600071
+79102600161
+79102600573
+79102600702
+79102600826
+79102600827
+79102600889
+79102600987
+79102601015
+79102601397
+79155000297
+79155000748
+79155000964
+79155001374
+79155001385
+79155001726
+79155002367
+79155002389
+79155002458
+79155002524
+79102013698
+79102013735
+79102013893
+79102013895
+79102013920
+79102013923
+79102013947
+79102013954
+79102013959
+79102013983
+79102013698
+79102013735
+79102013893
+79102013895
+79102013920
+79102013923
+79102013947
+79102013954
+79102013959
+79102013983
+79155000297
+79155000748
+79155000964
+79155001374
+79155001385
+79155001726
+79155002367
+79155002389
+79155002458
+79155002524
+79192000708
+79192000941
+79192001806
+79192005018
+79192005027
+79192005028
+79192005038
+79192005041
+79192005042
+79192005059
+79190909658
+79190909750
+79190909751
+79190909820
+79190909850
+79190909867
+79190909871
+79190909874
+79190909876
+79190909885
+79190909658
+79190909750
+79190909751
+79190909820
+79190909850
+79190909867
+79190909871
+79190909874
+79190909876
+79190909885
+79103002054
+79103005804
+79103006536
+79103009163
+79103009267
+79103009276
+79103009281
+79103009485
+79103009494
+79103009599
+79190909658
+79190909750
+79190909751
+79190909820
+79190909850
+79190909867
+79190909871
+79190909874
+79190909876
+79190909885
+79107470636
+79107470891
+79107471082
+79107471547
+79107471578
+79107474395
+79107475459
+79107475607
+79107475647
+79107475770
+79102013698
+79102013735
+79102013893
+79102013895
+79102013920
+79102013923
+79102013947
+79102013954
+79102013959
+79102013983
+79155000297
+79155000748
+79155000964
+79155001374
+79155001385
+79155001726
+79155002367
+79155002389
+79155002458
+79155002524
+79190909658
+79190909750
+79190909751
+79190909820
+79190909850
+79190909867
+79190909871
+79190909874
+79190909876
+79190909885
+79192000708
+79192000941
+79192001806
+79192005018
+79192005027
+79192005028
+79192005038
+79192005041
+79192005042
+79192005059
+79102600071
+79102600161
+79102600573
+79102600702
+79102600826
+79102600827
+79102600889
+79102600987
+79102601015
+79102601397
+79155000297
+79155000748
+79155000964
+79155001374
+79155001385
+79155001726
+79155002367
+79155002389
+79155002458
+79155002524
+79155000297
+79155000748
+79155000964
+79155001374
+79155001385
+79155001726
+79155002367
+79155002389
+79155002458
+79155002524
+79190909658
+79190909750
+79190909751
+79190909820
+79190909850
+79190909867
+79190909871
+79190909874
+79190909876
+79190909885
+79192606580
+79192606581
+79192606642
+79192606643
+79192606645
+79192606698
+79192606703
+79192606715
+79192606734
+79192606736
+79107470636
+79107470891
+79107471082
+79107471547
+79107471578
+79107474395
+79107475459
+79107475607
+79107475647
+79107475770
+79155000297
+79155000748
+79155000964
+79155001374
+79155001385
+79155001726
+79155002367
+79155002389
+79155002458
+79155002524
+79103002054
+79103005804
+79103006536
+79103009163
+79103009267
+79103009276
+79103009281
+79103009485
+79103009494
+79103009599
+79103002054
+79103005804
+79103006536
+79103009163
+79103009267
+79103009276
+79103009281
+79103009485
+79103009494
+79103009599
+79192000708
+79192000941
+79192001806
+79192005018
+79192005027
+79192005028
+79192005038
+79192005041
+79192005042
+79192005059
+79807666191
+79807666278
+79807666343
+79807666351
+79807666354
+79807666357
+79807666374
+79807666387
+79807666391
+79807666392
+79190909658
+79190909750
+79190909751
+79190909820
+79190909850
+79190909867
+79190909871
+79190909874
+79190909876
+79190909885
+79807666191
+79807666278
+79807666343
+79807666351
+79807666354
+79807666357
+79807666374
+79807666387
+79807666391
+79807666392
+79103002054
+79103005804
+79103006536
+79103009163
+79103009267
+79103009276
+79103009281
+79103009485
+79103009494
+79103009599
+79803600375
+79803600592
+79803606362
+79803606841
+79803607412
+79803607879
+79803608353
+79803608769
+79803609103
+79803609456
+79102600071
+79102600161
+79102600573
+79102600702
+79102600826
+79102600827
+79102600889
+79102600987
+79102601015
+79102601397
+79155000297
+79155000748
+79155000964
+79155001374
+79155001385
+79155001726
+79155002367
+79155002389
+79155002458
+79155002524
+79807666191
+79807666278
+79807666343
+79807666351
+79807666354
+79807666357
+79807666374
+79807666387
+79807666391
+79807666392
+79190909658
+79190909750
+79190909751
+79190909820
+79190909850
+79190909867
+79190909871
+79190909874
+79190909876
+79190909885
+79803600375
+79803600592
+79803606362
+79803606841
+79803607412
+79803607879
+79803608353
+79803608769
+79803609103
+79803609456
+79107470636
+79107470891
+79107471082
+79107471547
+79107471578
+79107474395
+79107475459
+79107475607
+79107475647
+79107475770
+79107470636
+79107470891
+79107471082
+79107471547
+79107471578
+79107474395
+79107475459
+79107475607
+79107475647
+79107475770
+79190909658
+79190909750
+79190909751
+79190909820
+79190909850
+79190909867
+79190909871
+79190909874
+79190909876
+79190909885
+79103002054
+79103005804
+79103006536
+79103009163
+79103009267
+79103009276
+79103009281
+79103009485
+79103009494
+79103009599
+79102013698
+79102013735
+79102013893
+79102013895
+79102013920
+79102013923
+79102013947
+79102013954
+79102013959
+79102013983
+79803600375
+79803600592
+79803606362
+79803606841
+79803607412
+79803607879
+79803608353
+79803608769
+79803609103
+79803609456
+79103002054
+79103005804
+79103006536
+79103009163
+79103009267
+79103009276
+79103009281
+79103009485
+79103009494
+79103009599
+79803600375
+79803600592
+79803606362
+79803606841
+79803607412
+79803607879
+79803608353
+79803608769
+79803609103
+79803609456
+79192000708
+79192000941
+79192001806
+79192005015
+79192005018
+79192005027
+79192005028
+79192005038
+79192005041
+79192005042
+79155000297
+79155000748
+79155000964
+79155001374
+79155001385
+79155001726
+79155002367
+79155002389
+79155002458
+79155002524
+79103002054
+79103005804
+79103006536
+79103009163
+79103009267
+79103009276
+79103009281
+79103009485
+79103009494
+79103009599
+79103002054
+79103005804
+79103006536
+79103009163
+79103009267
+79103009276
+79103009281
+79103009485
+79103009494
+79103009599
+79192606580
+79192606581
+79192606642
+79192606643
+79192606645
+79192606698
+79192606703
+79192606715
+79192606734
+79192606736
+79803600375
+79803600592
+79803606362
+79803606841
+79803607412
+79803607879
+79803608353
+79803608769
+79803609103
+79803609456
+79102600071
+79102600161
+79102600573
+79102600702
+79102600826
+79102600827
+79102600889
+79102600987
+79102601015
+79102601397
+79103002054
+79103005804
+79103006536
+79103009163
+79103009267
+79103009276
+79103009281
+79103009485
+79103009494
+79103009599
+79102600071
+79102600161
+79102600573
+79102600702
+79102600826
+79102600827
+79102600889
+79102600987
+79102601015
+79102601397
+79807666191
+79807666278
+79807666343
+79807666351
+79807666354
+79807666357
+79807666374
+79807666387
+79807666391
+79807666392
+79103002054
+79103005804
+79103006536
+79103009163
+79103009267
+79103009276
+79103009281
+79103009485
+79103009494
+79103009599
+79103002054
+79103005804
+79103006536
+79103009163
+79103009267
+79103009276
+79103009281
+79103009485
+79103009494
+79103009599
+79107470636
+79107470891
+79107471082
+79107471547
+79107471578
+79107474395
+79107475459
+79107475607
+79107475647
+79107475770
+79102600071
+79102600161
+79102600573
+79102600702
+79102600826
+79102600827
+79102600889
+79102600987
+79102601015
+79102601397
+79107470636
+79107470891
+79107471082
+79107471547
+79107471578
+79107474395
+79107475459
+79107475607
+79107475647
+79107475770
+79192000708
+79192000941
+79192001806
+79192005015
+79192005018
+79192005027
+79192005028
+79192005038
+79192005041
+79192005042
+79103002054
+79103005804
+79103006536
+79103009163
+79103009267
+79103009276
+79103009281
+79103009485
+79103009494
+79103009599
+79192606580
+79192606581
+79192606642
+79192606643
+79192606645
+79192606698
+79192606703
+79192606715
+79192606734
+79192606736
+79807666191
+79807666278
+79807666343
+79807666351
+79807666354
+79807666357
+79807666374
+79807666387
+79807666391
+79807666392
+79803600375
+79803600592
+79803606362
+79803606841
+79803607412
+79803607879
+79803608353
+79803608769
+79803609103
+79803609456
+79102600071
+79102600161
+79102600573
+79102600702
+79102600826
+79102600827
+79102600889
+79102600987
+79102601015
+79102601397
+79155000297
+79155000748
+79155000964
+79155001374
+79155001385
+79155001726
+79155002367
+79155002389
+79155002458
+79155002524
+79803600375
+79803600592
+79803606362
+79803606841
+79803607412
+79803607879
+79803608353
+79803608769
+79803609103
+79803609456
+79190909658
+79190909750
+79190909751
+79190909820
+79190909850
+79190909867
+79190909871
+79190909874
+79190909876
+79190909885
+79192000708
+79192000941
+79192001806
+79192005015
+79192005018
+79192005027
+79192005028
+79192005038
+79192005041
+79192005042
+79107470636
+79107470891
+79107471082
+79107471547
+79107471578
+79107474395
+79107475459
+79107475607
+79107475647
+79107475770
+79103002054
+79103005804
+79103006536
+79103009163
+79103009267
+79103009276
+79103009281
+79103009485
+79103009599
+79103009604
+79102013698
+79102013735
+79102013893
+79102013895
+79102013920
+79102013923
+79102013947
+79102013954
+79102013959
+79102013983
+79155000297
+79155000748
+79155000964
+79155001374
+79155001385
+79155001726
+79155002367
+79155002389
+79155002458
+79155002524
+79192000708
+79192000941
+79192001806
+79192005015
+79192005018
+79192005027
+79192005028
+79192005038
+79192005041
+79192005042
+79190909658
+79190909750
+79190909751
+79190909820
+79190909850
+79190909867
+79190909871
+79190909874
+79190909876
+79190909885
+79803600375
+79803600592
+79803606362
+79803606841
+79803607412
+79803607879
+79803608353
+79803608769
+79803609103
+79803609456
+79103002054
+79103005804
+79103006536
+79103009163
+79103009267
+79103009276
+79103009281
+79103009485
+79103009599
+79103009604
+79192000708
+79192000941
+79192001806
+79192005015
+79192005018
+79192005027
+79192005028
+79192005038
+79192005041
+79192005042
+79102013698
+79102013735
+79102013893
+79102013895
+79102013920
+79102013923
+79102013947
+79102013954
+79102013959
+79102013983
+79102600071
+79102600161
+79102600573
+79102600702
+79102600826
+79102600827
+79102600889
+79102600987
+79102601015
+79102601397
+79192606580
+79192606581
+79192606642
+79192606643
+79192606645
+79192606698
+79192606703
+79192606715
+79192606734
+79192606736
+79192000708
+79192000941
+79192001806
+79192005015
+79192005018
+79192005027
+79192005028
+79192005038
+79192005041
+79192005042
+79190909658
+79190909750
+79190909751
+79190909820
+79190909850
+79190909867
+79190909871
+79190909874
+79190909876
+79190909885
+79807666191
+79807666278
+79807666343
+79807666351
+79807666354
+79807666357
+79807666374
+79807666387
+79807666391
+79807666392
+79803600375
+79803600592
+79803606362
+79803606841
+79803607412
+79803607879
+79803608353
+79803608769
+79803609103
+79803609456
+79807666191
+79807666278
+79807666343
+79807666351
+79807666354
+79807666357
+79807666374
+79807666387
+79807666391
+79807666392
+79192606580
+79192606581
+79192606642
+79192606643
+79192606645
+79192606698
+79192606703
+79192606715
+79192606734
+79192606736
+79107470636
+79107470891
+79107471082
+79107471547
+79107471578
+79107474395
+79107475459
+79107475607
+79107475647
+79107475770
+79103002054
+79103005804
+79103006536
+79103009163
+79103009267
+79103009276
+79103009281
+79103009485
+79103009599
+79103009604
+79192000708
+79192000941
+79192001806
+79192005015
+79192005018
+79192005027
+79192005028
+79192005038
+79192005041
+79192005042
+79803600375
+79803600592
+79803606362
+79803606841
+79803607412
+79803607879
+79803608353
+79803608769
+79803609103
+79803609456
+79102013698
+79102013735
+79102013893
+79102013895
+79102013920
+79102013923
+79102013947
+79102013954
+79102013959
+79102013983
+79102600071
+79102600161
+79102600573
+79102600702
+79102600826
+79102600827
+79102600889
+79102600987
+79102601015
+79102601397
+79102600071
+79102600161
+79102600573
+79102600702
+79102600826
+79102600827
+79102600889
+79102600987
+79102601015
+79102601397
+79192000708
+79192000941
+79192001806
+79192005015
+79192005018
+79192005027
+79192005028
+79192005038
+79192005041
+79192005042
+79103002054
+79103005804
+79103006536
+79103009163
+79103009267
+79103009276
+79103009281
+79103009485
+79103009599
+79103009604
+79102600071
+79102600161
+79102600573
+79102600702
+79102600826
+79102600827
+79102600889
+79102600987
+79102601015
+79102601397
+79807666191
+79807666278
+79807666343
+79807666351
+79807666354
+79807666357
+79807666374
+79807666387
+79807666391
+79807666392
+79103002054
+79103005804
+79103006536
+79103009163
+79103009267
+79103009276
+79103009281
+79103009485
+79103009599
+79103009604
+79190909658
+79190909750
+79190909751
+79190909820
+79190909850
+79190909867
+79190909871
+79190909874
+79190909876
+79190909885
+79803600375
+79803600592
+79803606362
+79803606841
+79803607412
+79803607879
+79803608353
+79803608769
+79803609103
+79803609456
+79103002054
+79103005804
+79103006536
+79103009163
+79103009267
+79103009276
+79103009281
+79103009485
+79103009599
+79103009604
+79803600375
+79803600592
+79803606362
+79803606841
+79803607412
+79803607879
+79803608353
+79803608769
+79803609103
+79803609456
+79102013698
+79102013735
+79102013893
+79102013895
+79102013920
+79102013923
+79102013947
+79102013954
+79102013959
+79102013983
+79103002054
+79103005804
+79103006536
+79103009163
+79103009267
+79103009276
+79103009281
+79103009485
+79103009599
+79103009604
+79190909658
+79190909750
+79190909751
+79190909820
+79190909850
+79190909867
+79190909871
+79190909874
+79190909876
+79190909885
+79102013698
+79102013735
+79102013893
+79102013895
+79102013920
+79102013923
+79102013947
+79102013954
+79102013959
+79102013983
+79102600071
+79102600161
+79102600573
+79102600702
+79102600826
+79102600827
+79102600889
+79102600987
+79102601015
+79102601397
+79102013698
+79102013735
+79102013893
+79102013895
+79102013920
+79102013923
+79102013947
+79102013954
+79102013959
+79102013983
+79190909658
+79190909750
+79190909751
+79190909820
+79190909850
+79190909867
+79190909871
+79190909874
+79190909876
+79190909885
+79190909658
+79190909750
+79190909751
+79190909820
+79190909850
+79190909867
+79190909871
+79190909874
+79190909876
+79190909885
+79192606580
+79192606581
+79192606642
+79192606643
+79192606645
+79192606698
+79192606703
+79192606715
+79192606734
+79192606736
+79107470636
+79107470891
+79107471082
+79107471547
+79107471578
+79107474395
+79107475459
+79107475607
+79107475647
+79107475770
+79155000297
+79155000748
+79155000868
+79155000964
+79155001374
+79155001385
+79155001726
+79155002367
+79155002389
+79155002458
+79192606580
+79192606581
+79192606642
+79192606643
+79192606645
+79192606698
+79192606703
+79192606715
+79192606734
+79192606736
+79107470636
+79107470891
+79107471082
+79107471547
+79107471578
+79107474395
+79107475459
+79107475607
+79107475647
+79107475770
+79103002054
+79103005804
+79103006536
+79103009163
+79103009267
+79103009276
+79103009281
+79103009485
+79103009599
+79103009604
+79192000708
+79192000941
+79192001806
+79192005015
+79192005018
+79192005027
+79192005028
+79192005038
+79192005041
+79192005042
+79807666191
+79807666278
+79807666343
+79807666351
+79807666354
+79807666357
+79807666374
+79807666387
+79807666391
+79807666392
+79102600071
+79102600161
+79102600573
+79102600702
+79102600826
+79102600827
+79102600889
+79102600987
+79102601015
+79102601397
+79102600071
+79102600161
+79102600573
+79102600702
+79102600826
+79102600827
+79102600889
+79102600987
+79102601015
+79102601397
+79190909658
+79190909750
+79190909751
+79190909820
+79190909850
+79190909867
+79190909871
+79190909874
+79190909876
+79190909885
+79102600071
+79102600161
+79102600573
+79102600702
+79102600826
+79102600827
+79102600889
+79102600987
+79102601015
+79102601397
+79192606580
+79192606581
+79192606642
+79192606643
+79192606645
+79192606698
+79192606703
+79192606715
+79192606734
+79192606736
+79155000297
+79155000748
+79155000868
+79155000964
+79155001374
+79155001385
+79155001726
+79155002367
+79155002389
+79155002458
+79190909658
+79190909750
+79190909751
+79190909820
+79190909850
+79190909867
+79190909871
+79190909874
+79190909876
+79190909885
+79192000708
+79192000941
+79192001806
+79192005015
+79192005018
+79192005027
+79192005028
+79192005038
+79192005041
+79192005042
+79192000708
+79192000941
+79192001806
+79192005015
+79192005018
+79192005027
+79192005028
+79192005038
+79192005041
+79192005042
+79155000297
+79155000748
+79155000868
+79155000964
+79155001374
+79155001385
+79155001726
+79155002367
+79155002389
+79155002458
+79102600071
+79102600161
+79102600573
+79102600702
+79102600826
+79102600827
+79102600889
+79102600987
+79102601015
+79102601397
+79103002054
+79103005804
+79103006536
+79103009163
+79103009267
+79103009276
+79103009281
+79103009485
+79103009599
+79103009604
+79803600375
+79803600592
+79803606362
+79803606841
+79803607412
+79803607879
+79803608353
+79803608769
+79803609103
+79803609456
+79803600375
+79803600592
+79803606362
+79803606841
+79803607412
+79803607879
+79803608353
+79803608769
+79803609103
+79803609456
+79803600375
+79803600592
+79803606362
+79803606841
+79803607412
+79803607879
+79803608353
+79803608769
+79803609103
+79803609456
+79155000297
+79155000748
+79155000868
+79155000964
+79155001374
+79155001385
+79155001726
+79155002367
+79155002389
+79155002458
+79803600375
+79803600592
+79803606362
+79803606841
+79803607412
+79803607879
+79803608353
+79803608769
+79803609103
+79803609456
+79102013698
+79102013735
+79102013893
+79102013895
+79102013920
+79102013923
+79102013947
+79102013954
+79102013959
+79102013983
+79102013698
+79102013735
+79102013893
+79102013895
+79102013920
+79102013923
+79102013947
+79102013954
+79102013959
+79102013983
+79102600071
+79102600161
+79102600573
+79102600702
+79102600826
+79102600827
+79102600889
+79102600987
+79102601015
+79102601397
+79807666191
+79807666278
+79807666343
+79807666351
+79807666354
+79807666357
+79807666374
+79807666387
+79807666391
+79807666392
+79107470636
+79107470891
+79107471082
+79107471547
+79107471578
+79107474395
+79107475459
+79107475607
+79107475647
+79107475770
+79807666191
+79807666278
+79807666343
+79807666351
+79807666354
+79807666357
+79807666374
+79807666387
+79807666391
+79807666392
+79190909658
+79190909750
+79190909751
+79190909820
+79190909850
+79190909867
+79190909871
+79190909874
+79190909876
+79190909885
+79102600071
+79102600161
+79102600573
+79102600702
+79102600826
+79102600827
+79102600889
+79102600987
+79102601015
+79102601397
+79192606580
+79192606581
+79192606642
+79192606643
+79192606645
+79192606698
+79192606703
+79192606715
+79192606734
+79192606736
+79103002054
+79103005804
+79103006536
+79103009163
+79103009267
+79103009276
+79103009281
+79103009485
+79103009599
+79103009604
+79107470636
+79107470891
+79107471082
+79107471547
+79107471578
+79107474395
+79107475459
+79107475607
+79107475647
+79107475770
+79155000297
+79155000748
+79155000868
+79155000964
+79155001374
+79155001385
+79155001726
+79155002367
+79155002389
+79155002458
+79103002054
+79103005804
+79103006536
+79103009163
+79103009267
+79103009276
+79103009281
+79103009485
+79103009599
+79103009604
+79102600071
+79102600161
+79102600573
+79102600702
+79102600826
+79102600827
+79102600889
+79102600987
+79102601015
+79102601397
+79155000297
+79155000748
+79155000868
+79155000964
+79155001374
+79155001385
+79155001726
+79155002367
+79155002389
+79155002458
+79107470636
+79107470891
+79107471082
+79107471547
+79107471578
+79107474395
+79107475459
+79107475607
+79107475647
+79107475770
+79103002054
+79103005804
+79103006536
+79103009163
+79103009267
+79103009276
+79103009281
+79103009485
+79103009599
+79103009604
+79102013698
+79102013735
+79102013893
+79102013895
+79102013920
+79102013923
+79102013947
+79102013954
+79102013959
+79102013983
+79155000297
+79155000748
+79155000868
+79155000964
+79155001374
+79155001385
+79155001726
+79155002367
+79155002389
+79155002458
+79155000297
+79155000748
+79155000868
+79155000964
+79155001374
+79155001385
+79155001726
+79155002367
+79155002389
+79155002458
+79103002054
+79103005804
+79103006536
+79103009163
+79103009267
+79103009276
+79103009281
+79103009485
+79103009599
+79103009604
+79102600031
+79102600071
+79102600161
+79102600573
+79102600702
+79102600826
+79102600827
+79102600889
+79102600987
+79102601015
+79192000708
+79192000941
+79192001806
+79192005015
+79192005018
+79192005027
+79192005028
+79192005038
+79192005041
+79192005042
+79155000297
+79155000748
+79155000868
+79155000964
+79155001374
+79155001385
+79155001726
+79155002367
+79155002389
+79155002458
+79192000708
+79192000941
+79192001806
+79192005015
+79192005018
+79192005027
+79192005028
+79192005038
+79192005041
+79192005042
+79190909658
+79190909750
+79190909751
+79190909820
+79190909850
+79190909867
+79190909871
+79190909874
+79190909876
+79190909885
+79107470636
+79107470891
+79107471082
+79107471547
+79107471578
+79107474395
+79107475459
+79107475607
+79107475647
+79107475770
+79192000708
+79192000941
+79192001806
+79192005015
+79192005018
+79192005027
+79192005028
+79192005038
+79192005041
+79192005042
+79103002054
+79103005804
+79103006536
+79103009163
+79103009267
+79103009276
+79103009281
+79103009485
+79103009599
+79103009604
+79190909658
+79190909750
+79190909751
+79190909820
+79190909850
+79190909867
+79190909871
+79190909874
+79190909876
+79190909885
+79807666191
+79807666278
+79807666343
+79807666351
+79807666354
+79807666357
+79807666374
+79807666387
+79807666391
+79807666392
+79807666191
+79807666278
+79807666343
+79807666351
+79807666354
+79807666357
+79807666374
+79807666387
+79807666391
+79807666392
+79155000297
+79155000748
+79155000868
+79155000964
+79155001374
+79155001385
+79155001726
+79155002367
+79155002389
+79155002458
+79190909658
+79190909750
+79190909751
+79190909820
+79190909850
+79190909867
+79190909871
+79190909874
+79190909876
+79190909885
+79155000297
+79155000748
+79155000868
+79155000964
+79155001374
+79155001385
+79155001726
+79155002367
+79155002389
+79155002458
+79102013698
+79102013735
+79102013893
+79102013895
+79102013920
+79102013923
+79102013947
+79102013954
+79102013959
+79102013983
+79807666191
+79807666278
+79807666343
+79807666351
+79807666354
+79807666357
+79807666374
+79807666387
+79807666391
+79807666392
+79107470636
+79107470891
+79107471082
+79107471547
+79107471578
+79107474395
+79107475459
+79107475607
+79107475647
+79107475770
+79192606580
+79192606581
+79192606642
+79192606643
+79192606645
+79192606698
+79192606703
+79192606715
+79192606734
+79192606736
+79103002054
+79103005804
+79103006536
+79103009163
+79103009267
+79103009276
+79103009281
+79103009485
+79103009599
+79103009604
