+79123500877
+79123500884
+79123500916
+79123500978
+79123500991
+79123501034
+79123501063
+79123501074
+79123501078
+79123501086
+79123400067
+79123400217
+79123400352
+79123400392
+79123400415
+79123400601
+79123401941
+79123401952
+79123402022
+79123402027
+79878601043
+79878601107
+79878601203
+79878601339
+79878601514
+79878601529
+79878601684
+79878601685
+79878602713
+79878603062
+79128400472
+79128400492
+79128400508
+79128400561
+79128400588
+79128400601
+79128400616
+79128400618
+79128400622
+79128400633
+79878700169
+79878700605
+79878700671
+79878700691
+79878700825
+79878700845
+79878700873
+79878700896
+79878700924
+79878700936
+79867900466
+79867900518
+79867900536
+79867900562
+79867900565
+79867900572
+79867900587
+79867900597
+79867900602
+79867900634
+79878800974
+79878801186
+79878801852
+79878801977
+79878802353
+79878805039
+79878805138
+79878805212
+79878805282
+79878805295
+79198600234
+79198600240
+79198600248
+79198600249
+79198600265
+79198600273
+79198600278
+79198600286
+79198600290
+79198600298
+79878401114
+79878401117
+79878401239
+79878401379
+79878401416
+79878401420
+79878401425
+79878401429
+79878401441
+79878401463
+79878401114
+79878401117
+79878401239
+79878401379
+79878401416
+79878401420
+79878401425
+79878401429
+79878401441
+79878401463
+79198500741
+79198500761
+79198500776
+79198500812
+79198500818
+79198500840
+79198500856
+79198500890
+79198500904
+79198500913
+79877701906
+79877702595
+79877703192
+79877704036
+79877704048
+79877704051
+79877704054
+79877704056
+79877704057
+79877704059
+79878800974
+79878801186
+79878801852
+79878801977
+79878802353
+79878805039
+79878805138
+79878805212
+79878805282
+79878805295
+79877901554
+79877901558
+79877901559
+79877901567
+79877901568
+79877901569
+79877901571
+79877901573
+79877901575
+79877901576
+79867701908
+79867701912
+79867701928
+79867701941
+79867701950
+79867701951
+79867701956
+79867701967
+79867701969
+79867701979
+79877901554
+79877901558
+79877901559
+79877901567
+79877901568
+79877901569
+79877901571
+79877901573
+79877901575
+79877901576
+79878601043
+79878601107
+79878601203
+79878601339
+79878601514
+79878601529
+79878601684
+79878601685
+79878602713
+79878603062
+79871900123
+79871900341
+79871900651
+79871900680
+79871900681
+79871900682
+79871900683
+79871900688
+79871900701
+79871900711
+79878401114
+79878401117
+79878401239
+79878401379
+79878401416
+79878401420
+79878401425
+79878401429
+79878401441
+79878401463
+79878901172
+79878901206
+79878901237
+79878901277
+79878901767
+79878901844
+79878901975
+79878902006
+79878902106
+79878902362
+79867900466
+79867900518
+79867900536
+79867900562
+79867900565
+79867900572
+79867900587
+79867900597
+79867900602
+79867900634
+79878800974
+79878801186
+79878801852
+79878801977
+79878802353
+79878805039
+79878805138
+79878805212
+79878805282
+79878805295
+79878800974
+79878801186
+79878801852
+79878801977
+79878802353
+79878805039
+79878805138
+79878805212
+79878805282
+79878805295
+79878901172
+79878901206
+79878901237
+79878901277
+79878901767
+79878901844
+79878901975
+79878902006
+79878902106
+79878902362
+79878901172
+79878901206
+79878901237
+79878901277
+79878901767
+79878901844
+79878901975
+79878902006
+79878902106
+79878902362
+79120665021
+79120665061
+79120665179
+79120665254
+79120665289
+79120665312
+79120665335
+79120665384
+79120665393
+79120665426
+79877701906
+79877702595
+79877703192
+79877704036
+79877704048
+79877704051
+79877704054
+79877704056
+79877704057
+79877704059
+79867900466
+79867900518
+79867900536
+79867900562
+79867900565
+79867900572
+79867900587
+79867900597
+79867900602
+79867900634
+79120665021
+79120665061
+79120665179
+79120665254
+79120665289
+79120665312
+79120665335
+79120665384
+79120665393
+79120665426
+79867800335
+79867800378
+79867800391
+79867800393
+79867800454
+79867800457
+79867800482
+79867800486
+79867800514
+79867800538
+79198400187
+79198400269
+79198401534
+79198401565
+79198401598
+79198401635
+79198401642
+79198401654
+79198401674
+79198401734
+79878800974
+79878801186
+79878801852
+79878801977
+79878802353
+79878805039
+79878805138
+79878805212
+79878805282
+79878805295
+79878601043
+79878601107
+79878601203
+79878601339
+79878601514
+79878601529
+79878601684
+79878601685
+79878602713
+79878603062
+79871900123
+79871900341
+79871900651
+79871900680
+79871900681
+79871900682
+79871900683
+79871900688
+79871900701
+79871900711
+79867900466
+79867900518
+79867900536
+79867900562
+79867900565
+79867900572
+79867900587
+79867900597
+79867900602
+79867900634
+79867900466
+79867900518
+79867900536
+79867900562
+79867900565
+79867900572
+79867900587
+79867900597
+79867900602
+79867900634
+79120665021
+79120665061
+79120665179
+79120665254
+79120665289
+79120665312
+79120665335
+79120665384
+79120665393
+79120665426
+79877901554
+79877901558
+79877901559
+79877901567
+79877901568
+79877901569
+79877901571
+79877901573
+79877901575
+79877901576
+79871151392
+79871151465
+79871151497
+79871151504
+79871151529
+79871151534
+79871151542
+79871151549
+79871151562
+79871151568
+79120665021
+79120665061
+79120665179
+79120665254
+79120665289
+79120665312
+79120665335
+79120665384
+79120665393
+79120665426
+79877701906
+79877702595
+79877703192
+79877704036
+79877704048
+79877704051
+79877704054
+79877704056
+79877704057
+79877704059
+79123400067
+79123400217
+79123400352
+79123400392
+79123400415
+79123400601
+79123401941
+79123401952
+79123402022
+79123402027
+79871900123
+79871900341
+79871900651
+79871900680
+79871900681
+79871900682
+79871900683
+79871900688
+79871900701
+79871900711
+79877701906
+79877702595
+79877703192
+79877704036
+79877704048
+79877704051
+79877704054
+79877704056
+79877704057
+79877704059
+79877901554
+79877901558
+79877901559
+79877901567
+79877901568
+79877901569
+79877901571
+79877901573
+79877901575
+79877901576
+79878800974
+79878801186
+79878801852
+79878801977
+79878802353
+79878805039
+79878805138
+79878805212
+79878805282
+79878805295
+79877800945
+79877800980
+79877801018
+79877801024
+79877801034
+79877801067
+79877801076
+79877801113
+79877801114
+79877801119
+79878901172
+79878901206
+79878901237
+79878901277
+79878901767
+79878901844
+79878901975
+79878902006
+79878902106
+79878902362
+79128400472
+79128400492
+79128400508
+79128400561
+79128400588
+79128400601
+79128400616
+79128400618
+79128400622
+79128400633
+79871151392
+79871151465
+79871151497
+79871151504
+79871151529
+79871151534
+79871151542
+79871151549
+79871151562
+79871151568
+79867701908
+79867701912
+79867701928
+79867701941
+79867701950
+79867701951
+79867701956
+79867701967
+79867701969
+79867701979
+79877800945
+79877800980
+79877801018
+79877801024
+79877801034
+79877801067
+79877801076
+79877801113
+79877801114
+79877801119
+79123400067
+79123400217
+79123400352
+79123400392
+79123400415
+79123400601
+79123401941
+79123401952
+79123402022
+79123402027
+79878901172
+79878901206
+79878901237
+79878901277
+79878901767
+79878901844
+79878901975
+79878902006
+79878902106
+79878902362
+79198600234
+79198600240
+79198600248
+79198600249
+79198600265
+79198600273
+79198600278
+79198600286
+79198600290
+79198600298
+79123400067
+79123400217
+79123400352
+79123400392
+79123400415
+79123400601
+79123401941
+79123401952
+79123402022
+79123402027
+79873400423
+79873400941
+79873401856
+79873401893
+79873402657
+79873403017
+79873403321
+79873403580
+79873403935
+79873404029
+79878901172
+79878901206
+79878901237
+79878901277
+79878901767
+79878901844
+79878901975
+79878902006
+79878902106
+79878902362
+79867701908
+79867701912
+79867701928
+79867701941
+79867701950
+79867701951
+79867701956
+79867701967
+79867701969
+79867701979
+79867800335
+79867800378
+79867800391
+79867800393
+79867800454
+79867800457
+79867800482
+79867800486
+79867800514
+79867800538
+79867900466
+79867900518
+79867900536
+79867900562
+79867900565
+79867900572
+79867900587
+79867900597
+79867900602
+79867900634
+79872000460
+79872001083
+79872001134
+79872001282
+79872001572
+79872001816
+79872002414
+79872002874
+79872002886
+79872002893
+79877701906
+79877702595
+79877703192
+79877704036
+79877704048
+79877704051
+79877704054
+79877704056
+79877704057
+79877704059
+79878601043
+79878601107
+79878601203
+79878601339
+79878601514
+79878601529
+79878601684
+79878601685
+79878602713
+79878603062
+79198400187
+79198400269
+79198401534
+79198401565
+79198401598
+79198401635
+79198401642
+79198401654
+79198401674
+79198401734
+79871900123
+79871900341
+79871900651
+79871900680
+79871900681
+79871900682
+79871900683
+79871900688
+79871900701
+79871900711
+79877901554
+79877901558
+79877901559
+79877901567
+79877901568
+79877901569
+79877901571
+79877901573
+79877901575
+79877901576
+79877901554
+79877901558
+79877901559
+79877901567
+79877901568
+79877901569
+79877901571
+79877901573
+79877901575
+79877901576
+79878501738
+79878502351
+79878503427
+79878503564
+79878503567
+79878503611
+79878503654
+79878503719
+79878503720
+79878503728
+79878800974
+79878801186
+79878801852
+79878801977
+79878802353
+79878805039
+79878805138
+79878805212
+79878805282
+79878805295
+79873400423
+79873400941
+79873401856
+79873401893
+79873402657
+79873403017
+79873403321
+79873403580
+79873403935
+79873404029
+79877901554
+79877901558
+79877901559
+79877901567
+79877901568
+79877901569
+79877901571
+79877901573
+79877901575
+79877901576
+79878901172
+79878901206
+79878901237
+79878901277
+79878901767
+79878901844
+79878901975
+79878902006
+79878902106
+79878902362
+79878700169
+79878700605
+79878700671
+79878700691
+79878700825
+79878700845
+79878700873
+79878700896
+79878700924
+79878700936
+79878501738
+79878502351
+79878503427
+79878503564
+79878503567
+79878503611
+79878503654
+79878503719
+79878503720
+79878503728
+79867900466
+79867900518
+79867900536
+79867900562
+79867900565
+79867900572
+79867900587
+79867900597
+79867900602
+79867900634
+79878501738
+79878502351
+79878503427
+79878503564
+79878503567
+79878503611
+79878503654
+79878503719
+79878503720
+79878503728
+79123500877
+79123500884
+79123500916
+79123500978
+79123500991
+79123501034
+79123501063
+79123501074
+79123501078
+79123501086
+79878800974
+79878801186
+79878801852
+79878801977
+79878802353
+79878805039
+79878805138
+79878805212
+79878805282
+79878805295
+79128400472
+79128400492
+79128400508
+79128400561
+79128400588
+79128400601
+79128400616
+79128400618
+79128400622
+79128400633
+79878401114
+79878401117
+79878401239
+79878401379
+79878401416
+79878401420
+79878401425
+79878401429
+79878401441
+79878401463
+79128400472
+79128400492
+79128400508
+79128400561
+79128400588
+79128400601
+79128400616
+79128400618
+79128400622
+79128400633
+79878700169
+79878700605
+79878700671
+79878700691
+79878700825
+79878700845
+79878700873
+79878700896
+79878700924
+79878700936
+79871151392
+79871151465
+79871151497
+79871151504
+79871151529
+79871151534
+79871151542
+79871151549
+79871151562
+79871151568
+79877701906
+79877702595
+79877703192
+79877704036
+79877704048
+79877704051
+79877704054
+79877704056
+79877704057
+79877704059
+79867900466
+79867900518
+79867900536
+79867900562
+79867900565
+79867900572
+79867900587
+79867900597
+79867900602
+79867900634
+79878501738
+79878502351
+79878503427
+79878503564
+79878503567
+79878503611
+79878503654
+79878503719
+79878503720
+79878503728
+79878401114
+79878401117
+79878401239
+79878401379
+79878401416
+79878401420
+79878401425
+79878401429
+79878401441
+79878401463
+79123400067
+79123400217
+79123400352
+79123400392
+79123400415
+79123400601
+79123401941
+79123401952
+79123402022
+79123402027
+79867701908
+79867701912
+79867701928
+79867701941
+79867701950
+79867701951
+79867701956
+79867701967
+79867701969
+79867701979
+79873400423
+79873400941
+79873401856
+79873401893
+79873402657
+79873403017
+79873403321
+79873403580
+79873403935
+79873404029
+79120665021
+79120665061
+79120665179
+79120665254
+79120665289
+79120665312
+79120665335
+79120665384
+79120665393
+79120665426
+79871900123
+79871900341
+79871900651
+79871900680
+79871900681
+79871900682
+79871900683
+79871900688
+79871900701
+79871900711
+79878800974
+79878801186
+79878801852
+79878801977
+79878802353
+79878805039
+79878805138
+79878805212
+79878805282
+79878805295
+79120665021
+79120665061
+79120665179
+79120665254
+79120665289
+79120665312
+79120665335
+79120665384
+79120665393
+79120665426
+79867900466
+79867900518
+79867900536
+79867900562
+79867900565
+79867900572
+79867900587
+79867900597
+79867900602
+79867900634
+79877800945
+79877800980
+79877801018
+79877801024
+79877801034
+79877801067
+79877801076
+79877801113
+79877801114
+79877801119
+79878501738
+79878502351
+79878503427
+79878503564
+79878503567
+79878503611
+79878503654
+79878503719
+79878503720
+79878503728
+79878501738
+79878502351
+79878503427
+79878503564
+79878503567
+79878503611
+79878503654
+79878503719
+79878503720
+79878503728
+79198500741
+79198500761
+79198500776
+79198500812
+79198500818
+79198500840
+79198500856
+79198500890
+79198500904
+79198500913
+79873400423
+79873400941
+79873401856
+79873401893
+79873402657
+79873403017
+79873403321
+79873403580
+79873403935
+79873404029
+79198600234
+79198600240
+79198600248
+79198600249
+79198600265
+79198600273
+79198600278
+79198600286
+79198600290
+79198600298
+79867800335
+79867800378
+79867800391
+79867800393
+79867800454
+79867800457
+79867800482
+79867800486
+79867800514
+79867800538
+79871151392
+79871151465
+79871151497
+79871151504
+79871151529
+79871151534
+79871151542
+79871151549
+79871151562
+79871151568
+79867800335
+79867800378
+79867800391
+79867800393
+79867800454
+79867800457
+79867800482
+79867800486
+79867800514
+79867800538
+79198600234
+79198600240
+79198600248
+79198600249
+79198600265
+79198600273
+79198600278
+79198600286
+79198600290
+79198600298
+79878401114
+79878401117
+79878401239
+79878401379
+79878401416
+79878401420
+79878401425
+79878401429
+79878401441
+79878401463
+79878601107
+79878601203
+79878601339
+79878601514
+79878601529
+79878601684
+79878601685
+79878602713
+79878603062
+79878603125
+79123400067
+79123400217
+79123400352
+79123400379
+79123400392
+79123400415
+79123400601
+79123401941
+79123401952
+79123402022
+79878700169
+79878700605
+79878700671
+79878700691
+79878700825
+79878700845
+79878700873
+79878700896
+79878700924
+79878700936
+79871900123
+79871900341
+79871900651
+79871900680
+79871900681
+79871900682
+79871900683
+79871900688
+79871900701
+79871900711
+79877800945
+79877800980
+79877801018
+79877801024
+79877801034
+79877801067
+79877801076
+79877801113
+79877801114
+79877801119
+79877800945
+79877800980
+79877801018
+79877801024
+79877801034
+79877801067
+79877801076
+79877801113
+79877801114
+79877801119
+79871151392
+79871151465
+79871151497
+79871151504
+79871151529
+79871151534
+79871151542
+79871151549
+79871151562
+79871151568
+79871151392
+79871151465
+79871151497
+79871151504
+79871151529
+79871151534
+79871151542
+79871151549
+79871151562
+79871151568
+79198500741
+79198500761
+79198500776
+79198500812
+79198500818
+79198500840
+79198500856
+79198500890
+79198500904
+79198500913
+79120665021
+79120665061
+79120665179
+79120665254
+79120665289
+79120665312
+79120665335
+79120665384
+79120665393
+79120665426
+79878601107
+79878601203
+79878601339
+79878601514
+79878601529
+79878601684
+79878601685
+79878602713
+79878603062
+79878603125
+79123400067
+79123400217
+79123400352
+79123400379
+79123400392
+79123400415
+79123400601
+79123401941
+79123401952
+79123402022
+79878700169
+79878700605
+79878700671
+79878700691
+79878700825
+79878700845
+79878700873
+79878700896
+79878700924
+79878700936
+79867900466
+79867900518
+79867900536
+79867900562
+79867900565
+79867900572
+79867900587
+79867900597
+79867900602
+79867900634
+79120665021
+79120665061
+79120665179
+79120665254
+79120665289
+79120665312
+79120665335
+79120665384
+79120665393
+79120665426
+79878901172
+79878901206
+79878901237
+79878901277
+79878901767
+79878901844
+79878901975
+79878902006
+79878902106
+79878902362
+79877901554
+79877901558
+79877901559
+79877901567
+79877901568
+79877901569
+79877901571
+79877901573
+79877901575
+79877901576
+79878501738
+79878502351
+79878503427
+79878503564
+79878503567
+79878503611
+79878503654
+79878503719
+79878503720
+79878503728
