79871900681
79878401117
79198500818
79877704059
79123400067
79871151534
79198600298
79878901172
79198500856
79872001134
79867800378
79198400269
79867900572
79877801034
79123400601
79123500884
79878700691
79123401952
79867900602
79877801076
79867701912
79877704036
79867701956
79198500904
79878601685
79198401654
79878603125
79867701951
79198500741
79198500761
79878700924
79878700873
79878401114
79120665384
79198401734
79873403580
79871151392
79198401674
79878601107
79877704048
79878700671
79878805039
79878700896
79877704056
79867900597
79878902006
79123402027
79878700605
79878901767
79878502351
79123400352
79878902106
79878503719
79878401429
79867800457
79867900565
79867900634
79872002886
79128400601
79873403321
79873403017
79878700936
79872002893
79120665254
79871151504
79871151562
79878401239
79878501738
79867800538
79198500812
79128400561
79877801018
79123400392
79123501086
79877901571
79878802353
79877901573
79198600273
79867800482
79878401379
79877801114
79878805212
79871900682
79878601203
79878503654
79878503567
79872001282
79878902362
79871151497
79878801977
79198401565
79871151568
79878700825
79128400616
79867800335
79123501034
79867701967
79123500991
79877901575
79120665335
79867701969
79867701908
79123401941
79878601529
79878601684
79867900518
79877801067
79198500840
79877901576
79120665179
79872001083
79877800945
79878401416
79873401893
79878805282
79872000460
79198600265
79198401642
79867900466
79123400217
79867900536
79120665312
79198401635
79877901559
79198500913
79871900651
79878401425
79873400941
79877702595
79867701950
79120665393
79128400633
79128400618
79878503720
79877901558
79878401441
79871900341
79872001816
79877801119
79871900701
79877901567
79878805138
79867900562
79198500890
79878602713
79878901206
79878601043
79871900711
79878901975
79867701979
79123500916
79128400588
79867900587
79198600248
79878901237
79877701906
79872001572
79877901568
79872002414
79871151465
79867800391
79878901844
79871151529
79867800454
79878700845
79198500776
79198600240
79871900123
79198400187
79123500877
79123400379
79877704057
79877801024
79128400472
79871900688
79878601339
79123501063
79878503564
79123400415
79873404029
79871151542
79120665061
79878503611
79872002874
79120665021
79878901277
79123402022
79878603062
79128400508
79877704051
79867800514
79198401534
79877801113
79878503427
79877703192
79871900680
79878601514
79123501074
79877800980
79873401856
79877704054
79878401463
79867800486
79867800393
79878800974
79877901569
79867701941
79877901554
79873402657
79878503728
79873403935
79878801186
79867701928
79120665289
79120665426
79123501078
79128400492
79128400622
79873400423
79198600234
79878801852
79198600249
79878700169
79871151549
79123500978
79198600290
79878401420
79871900683
79198600286
79878805295
79198600278
79198401598
