+79875017154
+79875017246
+79875017375
+79875017460
+79875017488
+79875017506
+79875017520
+79875017642
+79875017694
+79875017740
+79020809437
+79020809439
+79020809440
+79020809442
+79020809443
+79020809451
+79020809457
+79020809459
+79020809463
+79020809465
+79869400037
+79869400258
+79869400416
+79869404186
+79869405930
+79869405977
+79869406078
+79869406159
+79869406355
+79869406425
+79085301647
+79085301802
+79085301839
+79085304015
+79085304255
+79085304567
+79085306241
+79085306269
+79085306312
+79085306482
+79875199932
+79870705378
+79870706560
+79870707265
+79870707546
+79870707547
+79870707559
+79870707564
+79870707566
+79870707568
+79022001305
+79022005433
+79022006643
+79022006758
+79022006815
+79022006841
+79022007156
+79022007169
+79022007248
+79022007365
+79085301647
+79085301802
+79085301839
+79085304015
+79085304255
+79085304567
+79085306241
+79085306269
+79085306312
+79085306482
+79867312190
+79867312198
+79867312199
+79867312202
+79867312207
+79867312213
+79867312215
+79867312219
+79867312223
+79867312228
+79875200560
+79875200598
+79875200747
+79875201132
+79875202293
+79875202955
+79875203923
+79875203954
+79875203959
+79875203961
+79870705378
+79870706560
+79870707265
+79870707546
+79870707547
+79870707559
+79870707564
+79870707566
+79870707568
+79870707569
+79502307734
+79502307735
+79502307736
+79502307737
+79502307738
+79502307739
+79502307740
+79502307741
+79502307743
+79502307745
+79022001305
+79022005433
+79022006643
+79022006758
+79022006815
+79022006841
+79022007156
+79022007169
+79022007248
+79022007365
+79875103814
+79875103854
+79875103961
+79875104072
+79875104168
+79875104170
+79875104174
+79875104175
+79875104176
+79875104179
+79869400037
+79869400258
+79869400416
+79869404186
+79869405930
+79869405977
+79869406078
+79869406159
+79869406355
+79869406425
+79867312190
+79867312198
+79867312199
+79867312202
+79867312207
+79867312213
+79867312215
+79867312219
+79867312223
+79867312228
+79869355126
+79869355128
+79869355163
+79869355169
+79869355177
+79869355385
+79869355423
+79869355437
+79869355440
+79869355447
+79869355126
+79869355128
+79869355163
+79869355169
+79869355177
+79869355385
+79869355423
+79869355437
+79869355440
+79869355447
+79023407270
+79023407459
+79023407638
+79023407665
+79023407686
+79023408150
+79023408201
+79023408344
+79023408697
+79023409078
+79022001305
+79022005433
+79022006643
+79022006758
+79022006815
+79022006841
+79022007156
+79022007169
+79022007248
+79022007365
+79875103814
+79875103854
+79875103961
+79875104072
+79875104168
+79875104170
+79875104174
+79875104175
+79875104176
+79875104179
+79869355126
+79869355128
+79869355163
+79869355169
+79869355177
+79869355385
+79869355423
+79869355437
+79869355440
+79869355447
+79869355126
+79869355128
+79869355163
+79869355169
+79869355177
+79869355385
+79869355423
+79869355437
+79869355440
+79869355447
+79875103814
+79875103854
+79875103961
+79875104072
+79875104168
+79875104170
+79875104174
+79875104175
+79875104176
+79875104179
+79875017154
+79875017246
+79875017375
+79875017460
+79875017488
+79875017506
+79875017520
+79875017642
+79875017694
+79875017740
+79022001305
+79022005433
+79022006643
+79022006758
+79022006815
+79022006841
+79022007156
+79022007169
+79022007248
+79022007365
+79875199932
+79875200560
+79875200598
+79875200747
+79875201132
+79875202293
+79875202955
+79875203923
+79875203954
+79875203959
+79023407270
+79023407459
+79023407638
+79023407665
+79023407686
+79023408150
+79023408201
+79023408344
+79023408697
+79023409078
+79869355126
+79869355128
+79869355163
+79869355169
+79869355177
+79869355385
+79869355423
+79869355437
+79869355440
+79869355447
+79875103814
+79875103854
+79875103961
+79875104072
+79875104168
+79875104170
+79875104174
+79875104175
+79875104176
+79875104179
+79869400037
+79869400258
+79869400416
+79869404186
+79869405930
+79869405977
+79869406078
+79869406159
+79869406355
+79869406425
+79085301647
+79085301802
+79085301839
+79085304015
+79085304255
+79085304567
+79085306241
+79085306269
+79085306312
+79085306482
+79870705378
+79870706560
+79870707265
+79870707546
+79870707547
+79870707559
+79870707564
+79870707566
+79870707568
+79870707569
+79869355126
+79869355128
+79869355163
+79869355169
+79869355177
+79869355385
+79869355423
+79869355437
+79869355440
+79869355447
+79869400037
+79869400258
+79869400416
+79869404186
+79869405930
+79869405977
+79869406078
+79869406159
+79869406355
+79869406425
+79870705378
+79870706560
+79870707265
+79870707546
+79870707547
+79870707559
+79870707564
+79870707566
+79870707568
+79870707569
+79869400037
+79869400258
+79869400416
+79869404186
+79869405930
+79869405977
+79869406078
+79869406159
+79869406355
+79869406425
+79085301647
+79085301802
+79085301839
+79085304015
+79085304255
+79085304567
+79085306241
+79085306269
+79085306312
+79085306482
+79875103814
+79875103854
+79875103961
+79875104072
+79875104168
+79875104170
+79875104174
+79875104175
+79875104176
+79875104179
+79869355126
+79869355128
+79869355163
+79869355169
+79869355177
+79869355385
+79869355423
+79869355437
+79869355440
+79869355447
+79875199932
+79875103814
+79875103854
+79875103961
+79875104072
+79875104168
+79875104170
+79875104174
+79875104175
+79875104176
+79869400037
+79869400258
+79869400416
+79869404186
+79869405930
+79869405977
+79869406078
+79869406159
+79869406355
+79869406425
+79870705378
+79870706560
+79870707265
+79870707546
+79870707547
+79870707559
+79870707564
+79870707566
+79870707568
+79870707569
+79022001305
+79022005433
+79022006643
+79022006758
+79022006815
+79022006841
+79022007156
+79022007169
+79022007248
+79022007365
+79085301647
+79085301802
+79085301839
+79085304015
+79085304255
+79085304567
+79085306241
+79085306269
+79085306312
+79085306482
+79502307734
+79502307735
+79502307736
+79502307737
+79502307738
+79502307739
+79502307740
+79502307741
+79502307743
+79502307745
+79020809437
+79020809439
+79020809440
+79020809442
+79020809443
+79020809451
+79020809457
+79020809459
+79020809463
+79020809465
+79502307734
+79502307735
+79502307736
+79502307737
+79502307738
+79502307739
+79502307740
+79502307741
+79502307743
+79502307745
+79869400037
+79869400258
+79869400416
+79869404186
+79869405930
+79869405977
+79869406078
+79869406159
+79869406355
+79869406425
+79869355126
+79869355128
+79869355163
+79869355169
+79869355177
+79869355385
+79869355423
+79869355437
+79869355440
+79869355447
+79085203519
+79085204138
+79085204219
+79085204988
+79085205001
+79085205878
+79085206562
+79085206588
+79085206892
+79085206944
+79022001305
+79022005433
+79022006643
+79022006758
+79022006815
+79022006841
+79022007156
+79022007169
+79022007248
+79022007365
+79023407270
+79023407459
+79023407638
+79023407665
+79023407686
+79023408150
+79023408201
+79023408344
+79023408697
+79023409078
+79875200560
+79875200598
+79875200747
+79875201132
+79875202293
+79875202955
+79875203923
+79875203954
+79875203959
+79875203961
+79869355126
+79869355128
+79869355163
+79869355169
+79869355177
+79869355385
+79869355423
+79869355437
+79869355440
+79869355447
+79870705378
+79870706560
+79870707265
+79870707546
+79870707547
+79870707559
+79870707564
+79870707566
+79870707568
+79870707569
+79020809437
+79020809439
+79020809440
+79020809442
+79020809443
+79020809451
+79020809457
+79020809459
+79020809463
+79020809465
+79869400037
+79869400258
+79869400416
+79869404186
+79869405930
+79869405977
+79869406078
+79869406159
+79869406355
+79869406425
+79085301647
+79085301802
+79085301839
+79085304015
+79085304255
+79085304567
+79085306241
+79085306269
+79085306312
+79085306482
+79867312190
+79867312198
+79867312199
+79867312202
+79867312207
+79867312213
+79867312215
+79867312219
+79867312223
+79867312228
+79869400037
+79869400258
+79869400416
+79869404186
+79869405930
+79869405977
+79869406078
+79869406159
+79869406355
+79869406425
+79023407270
+79023407459
+79023407638
+79023407665
+79023407686
+79023408150
+79023408201
+79023408344
+79023408697
+79023409078
+79020809437
+79020809439
+79020809440
+79020809442
+79020809443
+79020809451
+79020809457
+79020809459
+79020809463
+79020809465
+79085301647
+79085301802
+79085301839
+79085304015
+79085304255
+79085304567
+79085306241
+79085306269
+79085306312
+79085306482
+79869355126
+79869355128
+79869355163
+79869355169
+79869355177
+79869355385
+79869355423
+79869355437
+79869355440
+79869355447
+79085301647
+79085301802
+79085301839
+79085304015
+79085304255
+79085304567
+79085306241
+79085306269
+79085306312
+79085306482
+79502307734
+79502307735
+79502307736
+79502307737
+79502307738
+79502307739
+79502307740
+79502307741
+79502307743
+79502307745
+79869355126
+79869355128
+79869355163
+79869355169
+79869355177
+79869355385
+79869355423
+79869355437
+79869355440
+79869355447
+79502307734
+79502307735
+79502307736
+79502307737
+79502307738
+79502307739
+79502307740
+79502307741
+79502307743
+79502307745
+79023407270
+79023407459
+79023407638
+79023407665
+79023407686
+79023408150
+79023408201
+79023408344
+79023408697
+79023409078
+79869400037
+79869400258
+79869400416
+79869404186
+79869405930
+79869405977
+79869406078
+79869406159
+79869406355
+79869406425
+79875103814
+79875103854
+79875103961
+79875104072
+79875104168
+79875104170
+79875104174
+79875104175
+79875104176
+79875104179
+79875017154
+79875017246
+79875017375
+79875017460
+79875017488
+79875017506
+79875017520
+79875017642
+79875017694
+79875017740
+79869355126
+79869355128
+79869355163
+79869355169
+79869355177
+79869355385
+79869355423
+79869355437
+79869355440
+79869355447
+79870705378
+79870706560
+79870707265
+79870707546
+79870707547
+79870707559
+79870707564
+79870707566
+79870707568
+79870707569
+79022001016
+79022001305
+79022005433
+79022006643
+79022006758
+79022006815
+79022006841
+79022007156
+79022007169
+79022007248
+79875103814
+79875103854
+79875103961
+79875104072
+79875104168
+79875104170
+79875104174
+79875104175
+79875104176
+79875104179
+79875103814
+79875103854
+79875103961
+79875104072
+79875104168
+79875104170
+79875104174
+79875104175
+79875104176
+79875104179
+79869400037
+79869400258
+79869400416
+79869404186
+79869405930
+79869405977
+79869406078
+79869406159
+79869406355
+79869406425
+79875103814
+79875103854
+79875103961
+79875104072
+79875104168
+79875104170
+79875104174
+79875104175
+79875104176
+79875104179
+79869355126
+79869355128
+79869355163
+79869355169
+79869355177
+79869355385
+79869355423
+79869355437
+79869355440
+79869355447
+79020809437
+79020809439
+79020809440
+79020809442
+79020809443
+79020809451
+79020809457
+79020809459
+79020809463
+79020809465
+79022001016
+79022001305
+79022005433
+79022006643
+79022006758
+79022006815
+79022006841
+79022007156
+79022007169
+79022007248
+79023407270
+79023407459
+79023407638
+79023407665
+79023407686
+79023408150
+79023408201
+79023408344
+79023408697
+79023409078
+79085301647
+79085301802
+79085301839
+79085304015
+79085304255
+79085304567
+79085306241
+79085306269
+79085306312
+79085306482
+79022001016
+79022001305
+79022005433
+79022006643
+79022006758
+79022006815
+79022006841
+79022007156
+79022007169
+79022007248
+79085203519
+79085204138
+79085204219
+79085204988
+79085205001
+79085205878
+79085206562
+79085206588
+79085206892
+79085206944
+79867312190
+79867312198
+79867312199
+79867312202
+79867312207
+79867312213
+79867312215
+79867312219
+79867312223
+79867312228
+79502307734
+79502307735
+79502307736
+79502307737
+79502307738
+79502307739
+79502307740
+79502307741
+79502307743
+79502307745
+79085203519
+79085204138
+79085204219
+79085204988
+79085205001
+79085205878
+79085206562
+79085206588
+79085206892
+79085206944
+79085301647
+79085301802
+79085301839
+79085304015
+79085304255
+79085304567
+79085306241
+79085306269
+79085306312
+79085306482
+79867312190
+79867312198
+79867312199
+79867312202
+79867312207
+79867312213
+79867312215
+79867312219
+79867312223
+79867312228
+79869400037
+79869400258
+79869400416
+79869404186
+79869405930
+79869405977
+79869406078
+79869406159
+79869406355
+79869406425
+79869355126
+79869355128
+79869355163
+79869355169
+79869355177
+79869355385
+79869355423
+79869355437
+79869355440
+79869355447
+79875017154
+79875017246
+79875017375
+79875017460
+79875017488
+79875017506
+79875017520
+79875017642
+79875017694
+79875017740
+79022001016
+79022001305
+79022005433
+79022006643
+79022006758
+79022006815
+79022006841
+79022007156
+79022007169
+79022007248
+79085203519
+79085204138
+79085204219
+79085204988
+79085205001
+79085205878
+79085206562
+79085206588
+79085206892
+79085206944
+79023407270
+79023407459
+79023407638
+79023407665
+79023407686
+79023408150
+79023408201
+79023408344
+79023408697
+79023409078
+79867312190
+79867312198
+79867312199
+79867312202
+79867312207
+79867312213
+79867312215
+79867312219
+79867312223
+79867312228
+79085301647
+79085301802
+79085301839
+79085304015
+79085304255
+79085304567
+79085306241
+79085306269
+79085306312
+79085306482
+79020809437
+79020809439
+79020809440
+79020809442
+79020809443
+79020809451
+79020809457
+79020809459
+79020809463
+79020809465
+79869400037
+79869400258
+79869400416
+79869404186
+79869405930
+79869405977
+79869406078
+79869406159
+79869406355
+79869406425
+79085203519
+79085204138
+79085204219
+79085204988
+79085205001
+79085205878
+79085206562
+79085206588
+79085206892
+79085206944
+79869355126
+79869355128
+79869355163
+79869355169
+79869355177
+79869355385
+79869355423
+79869355437
+79869355440
+79869355447
+79085203519
+79085204138
+79085204219
+79085204988
+79085205001
+79085205878
+79085206562
+79085206588
+79085206892
+79085206944
+79875200560
+79875200598
+79875200747
+79875201132
+79875202293
+79875202955
+79875203923
+79875203954
+79875203959
+79875203961
+79023407270
+79023407459
+79023407638
+79023407665
+79023407686
+79023408150
+79023408201
+79023408344
+79023408697
+79023409078
+79869400037
+79869400258
+79869400416
+79869404186
+79869405930
+79869405977
+79869406078
+79869406159
+79869406355
+79869406425
+79020809437
+79020809439
+79020809440
+79020809442
+79020809443
+79020809451
+79020809457
+79020809459
+79020809463
+79020809465
+79085203519
+79085204138
+79085204219
+79085204988
+79085205001
+79085205878
+79085206562
+79085206588
+79085206892
+79085206944
+79022001016
+79022001305
+79022005433
+79022006643
+79022006758
+79022006815
+79022006841
+79022007156
+79022007169
+79022007248
+79022001016
+79022001305
+79022005433
+79022006643
+79022006758
+79022006815
+79022006841
+79022007156
+79022007169
+79022007248
+79502307734
+79502307735
+79502307736
+79502307737
+79502307738
+79502307739
+79502307740
+79502307741
+79502307743
+79502307745
+79085203519
+79085204138
+79085204219
+79085204988
+79085205001
+79085205878
+79085206562
+79085206588
+79085206892
+79085206944
+79869400037
+79869400258
+79869400416
+79869404186
+79869405930
+79869405977
+79869406078
+79869406159
+79869406355
+79869406425
+79085203519
+79085204138
+79085204219
+79085204988
+79085205001
+79085205878
+79085206562
+79085206588
+79085206892
+79085206944
+79875199932
+79875200560
+79875200598
+79875200747
+79875201132
+79875202293
+79875202955
+79875203923
+79875203954
+79875203959
+79085301647
+79085301802
+79085301839
+79085304015
+79085304255
+79085304567
+79085306241
+79085306269
+79085306312
+79085306482
+79085301647
+79085301802
+79085301839
+79085304015
+79085304255
+79085304567
+79085306241
+79085306269
+79085306312
+79085306482
+79869355126
+79869355128
+79869355163
+79869355169
+79869355177
+79869355385
+79869355423
+79869355437
+79869355440
+79869355447
+79869355126
+79869355128
+79869355163
+79869355169
+79869355177
+79869355385
+79869355423
+79869355437
+79869355440
+79869355447
+79023407270
+79023407459
+79023407638
+79023407665
+79023407686
+79023408150
+79023408201
+79023408344
+79023408697
+79023409078
+79875199932
+79502307734
+79502307735
+79502307736
+79502307737
+79502307738
+79502307739
+79502307740
+79502307741
+79502307743
+79875200560
+79875200598
+79875200747
+79875201132
+79875202293
+79875202955
+79875203923
+79875203954
+79875203959
+79875203961
+79502307734
+79502307735
+79502307736
+79502307737
+79502307738
+79502307739
+79502307740
+79502307741
+79502307743
+79502307745
+79085301647
+79085301802
+79085301839
+79085304015
+79085304255
+79085304567
+79085306241
+79085306269
+79085306312
+79085306482
+79020809391
+79020809396
+79020809413
+79020809415
+79020809426
+79020809427
+79020809432
+79020809433
+79020809435
+79020809436
+79867312190
+79867312198
+79867312199
+79867312202
+79867312207
+79867312213
+79867312215
+79867312219
+79867312223
+79867312228
+79502307734
+79502307735
+79502307736
+79502307737
+79502307738
+79502307739
+79502307740
+79502307741
+79502307743
+79502307745
+79875199932
+79870705378
+79870706560
+79870707265
+79870707546
+79870707547
+79870707559
+79870707564
+79870707566
+79870707568
+79875017154
+79875017246
+79875017375
+79875017460
+79875017488
+79875017506
+79875017520
+79875017642
+79875017694
+79875017740
+79875017154
+79875017246
+79875017375
+79875017460
+79875017488
+79875017506
+79875017520
+79875017642
+79875017694
+79875017740
+79875200560
+79875200598
+79875200747
+79875201132
+79875202293
+79875202955
+79875203923
+79875203954
+79875203959
+79875203961
+79875199932
+79502307734
+79502307735
+79502307736
+79502307737
+79502307738
+79502307739
+79502307740
+79502307741
+79502307743
+79023407270
+79023407459
+79023407638
+79023407665
+79023407686
+79023408150
+79023408201
+79023408344
+79023408697
+79023409078
+79085203519
+79085204138
+79085204219
+79085204988
+79085205001
+79085205878
+79085206562
+79085206588
+79085206892
+79085206944
+79502307734
+79502307735
+79502307736
+79502307737
+79502307738
+79502307739
+79502307740
+79502307741
+79502307743
+79502307745
+79502307734
+79502307735
+79502307736
+79502307737
+79502307738
+79502307739
+79502307740
+79502307741
+79502307743
+79502307745
+79875017154
+79875017246
+79875017375
+79875017460
+79875017488
+79875017506
+79875017520
+79875017642
+79875017694
+79875017740
+79875199932
+79875017154
+79875017246
+79875017375
+79875017460
+79875017488
+79875017506
+79875017520
+79875017642
+79875017694
+79023407270
+79023407459
+79023407638
+79023407665
+79023407686
+79023408150
+79023408201
+79023408344
+79023408697
+79023409078
+79875200560
+79875200598
+79875200747
+79875201132
+79875202293
+79875202955
+79875203923
+79875203954
+79875203959
+79875203961
+79870705378
+79870706560
+79870707265
+79870707546
+79870707547
+79870707559
+79870707564
+79870707566
+79870707568
+79870707569
+79022001016
+79022001305
+79022005433
+79022006643
+79022006758
+79022006815
+79022006841
+79022007156
+79022007169
+79022007248
+79085203519
+79085204138
+79085204219
+79085204988
+79085205001
+79085205878
+79085206562
+79085206588
+79085206892
+79085206944
+79022001016
+79022001305
+79022005433
+79022006643
+79022006758
+79022006815
+79022006841
+79022007156
+79022007169
+79022007248
+79870705378
+79870706560
+79870707265
+79870707546
+79870707547
+79870707559
+79870707564
+79870707566
+79870707568
+79870707569
+79022001016
+79022001305
+79022005433
+79022006643
+79022006758
+79022006815
+79022006841
+79022007156
+79022007169
+79022007248
+79867312190
+79867312198
+79867312199
+79867312202
+79867312207
+79867312213
+79867312215
+79867312219
+79867312223
+79867312228
+79869355126
+79869355128
+79869355163
+79869355169
+79869355177
+79869355385
+79869355423
+79869355437
+79869355440
+79869355447
+79022001016
+79022001305
+79022005433
+79022006643
+79022006758
+79022006815
+79022006841
+79022007156
+79022007169
+79022007248
+79022001016
+79022001305
+79022005433
+79022006643
+79022006758
+79022006815
+79022006841
+79022007156
+79022007169
+79022007248
+79022001016
+79022001305
+79022005433
+79022006643
+79022006758
+79022006815
+79022006841
+79022007156
+79022007169
+79022007248
+79870705378
+79870706560
+79870707265
+79870707546
+79870707547
+79870707559
+79870707564
+79870707566
+79870707568
+79870707569
+79020809391
+79020809396
+79020809413
+79020809415
+79020809426
+79020809427
+79020809432
+79020809433
+79020809435
+79020809436
+79869355126
+79869355128
+79869355163
+79869355169
+79869355177
+79869355385
+79869355423
+79869355437
+79869355440
+79869355447
+79020809391
+79020809396
+79020809413
+79020809415
+79020809426
+79020809427
+79020809432
+79020809433
+79020809435
+79020809436
+79875200560
+79875200598
+79875200747
+79875201132
+79875202293
+79875202955
+79875203923
+79875203954
+79875203959
+79875203961
+79869400037
+79869400258
+79869400416
+79869404186
+79869405930
+79869405977
+79869406078
+79869406159
+79869406355
+79869406425
+79875017154
+79875017246
+79875017375
+79875017460
+79875017488
+79875017506
+79875017520
+79875017642
+79875017694
+79875017740
+79867312190
+79867312198
+79867312199
+79867312202
+79867312207
+79867312213
+79867312215
+79867312219
+79867312223
+79867312228
+79023407270
+79023407459
+79023407638
+79023407665
+79023407686
+79023408150
+79023408201
+79023408344
+79023408697
+79023409078
+79502307734
+79502307735
+79502307736
+79502307737
+79502307738
+79502307739
+79502307740
+79502307741
+79502307743
+79502307745
+79022001016
+79022001305
+79022005433
+79022006643
+79022006758
+79022006815
+79022006841
+79022007156
+79022007169
+79022007248
+79085301647
+79085301802
+79085301839
+79085304015
+79085304255
+79085304567
+79085306241
+79085306269
+79085306312
+79085306482
+79502307734
+79502307735
+79502307736
+79502307737
+79502307738
+79502307739
+79502307740
+79502307741
+79502307743
+79502307745
+79875017154
+79875017246
+79875017375
+79875017460
+79875017488
+79875017506
+79875017520
+79875017642
+79875017694
+79875017740
+79869400037
+79869400258
+79869400416
+79869404186
+79869405930
+79869405977
+79869406078
+79869406159
+79869406355
+79869406425
+79875199932
+79502307734
+79502307735
+79502307736
+79502307737
+79502307738
+79502307739
+79502307740
+79502307741
+79502307743
+79875103814
+79875103854
+79875103961
+79875104072
+79875104168
+79875104170
+79875104174
+79875104175
+79875104176
+79875104179
+79502307734
+79502307735
+79502307736
+79502307737
+79502307738
+79502307739
+79502307740
+79502307741
+79502307743
+79502307745
+79870705378
+79870706560
+79870707265
+79870707546
+79870707547
+79870707559
+79870707564
+79870707566
+79870707568
+79870707569
+79869400037
+79869400258
+79869400416
+79869404186
+79869405930
+79869405977
+79869406078
+79869406159
+79869406355
+79869406425
+79875199932
+79022001016
+79022001305
+79022005433
+79022006643
+79022006758
+79022006815
+79022006841
+79022007156
+79022007169
+79867312190
+79867312198
+79867312199
+79867312202
+79867312207
+79867312213
+79867312215
+79867312219
+79867312223
+79867312228
+79875017154
+79875017246
+79875017375
+79875017460
+79875017488
+79875017506
+79875017520
+79875017642
+79875017694
+79875017740
+79023407270
+79023407459
+79023407638
+79023407665
+79023407686
+79023408150
+79023408201
+79023408344
+79023408697
+79023409078
+79875017154
+79875017246
+79875017375
+79875017460
+79875017488
+79875017506
+79875017520
+79875017642
+79875017694
+79875017740
+79023407270
+79023407459
+79023407638
+79023407665
+79023407686
+79023408150
+79023408201
+79023408344
+79023408697
+79023409078
+79085301647
+79085301802
+79085301839
+79085304015
+79085304255
+79085304567
+79085306241
+79085306269
+79085306312
+79085306482
+79875017154
+79875017246
+79875017375
+79875017460
+79875017488
+79875017506
+79875017520
+79875017642
+79875017694
+79875017740
+79869355126
+79869355128
+79869355163
+79869355169
+79869355177
+79869355385
+79869355423
+79869355437
+79869355440
+79869355447
+79867312190
+79867312198
+79867312199
+79867312202
+79867312207
+79867312213
+79867312215
+79867312219
+79867312223
+79867312228
+79875103814
+79875103854
+79875103961
+79875104072
+79875104168
+79875104170
+79875104174
+79875104175
+79875104176
+79875104179
+79875200560
+79875200598
+79875200747
+79875201132
+79875202293
+79875202955
+79875203923
+79875203954
+79875203959
+79875203961
+79023407270
+79023407459
+79023407638
+79023407665
+79023407686
+79023408150
+79023408201
+79023408344
+79023408697
+79023409078
+79085203519
+79085204138
+79085204219
+79085204988
+79085205001
+79085205878
+79085206562
+79085206588
+79085206892
+79085206944
+79875199932
+79085203519
+79085204138
+79085204219
+79085204988
+79085205001
+79085205878
+79085206562
+79085206588
+79085206892
+79085301647
+79085301802
+79085301839
+79085304015
+79085304255
+79085304567
+79085306241
+79085306269
+79085306312
+79085306482
+79085301647
+79085301802
+79085301839
+79085304015
+79085304255
+79085304567
+79085306241
+79085306269
+79085306312
+79085306482
+79502307734
+79502307735
+79502307736
+79502307737
+79502307738
+79502307739
+79502307740
+79502307741
+79502307743
+79502307745
+79867312190
+79867312198
+79867312199
+79867312202
+79867312207
+79867312213
+79867312215
+79867312219
+79867312223
+79867312228
+79869355126
+79869355128
+79869355163
+79869355169
+79869355177
+79869355385
+79869355423
+79869355437
+79869355440
+79869355447
+79875200560
+79875200598
+79875200747
+79875201132
+79875202293
+79875202955
+79875203923
+79875203954
+79875203959
+79875203961
+79875017154
+79875017246
+79875017375
+79875017460
+79875017488
+79875017506
+79875017520
+79875017642
+79875017694
+79875017740
+79502307734
+79502307735
+79502307736
+79502307737
+79502307738
+79502307739
+79502307740
+79502307741
+79502307743
+79502307745
+79870705378
+79870706560
+79870707265
+79870707546
+79870707547
+79870707559
+79870707564
+79870707566
+79870707568
+79870707569
+79022001016
+79022001305
+79022005433
+79022006643
+79022006758
+79022006815
+79022006841
+79022007156
+79022007169
+79022007248
+79085203519
+79085204138
+79085204219
+79085204988
+79085205001
+79085205878
+79085206562
+79085206588
+79085206892
+79085206944
+79870705378
+79870706560
+79870707265
+79870707546
+79870707547
+79870707559
+79870707564
+79870707566
+79870707568
+79870707569
+79875199932
+79020809396
+79020809413
+79020809415
+79020809426
+79020809427
+79020809432
+79020809433
+79020809435
+79020809436
+79020809396
+79020809413
+79020809415
+79020809426
+79020809427
+79020809432
+79020809433
+79020809435
+79020809436
+79020809437
+79869355126
+79869355128
+79869355163
+79869355169
+79869355177
+79869355385
+79869355423
+79869355437
+79869355440
+79869355447
+79875199932
+79020809396
+79020809413
+79020809415
+79020809426
+79020809427
+79020809432
+79020809433
+79020809435
+79020809436
+79870705378
+79870706560
+79870707265
+79870707546
+79870707547
+79870707559
+79870707564
+79870707566
+79870707568
+79870707569
+79870705378
+79870706560
+79870707265
+79870707546
+79870707547
+79870707559
+79870707564
+79870707566
+79870707568
+79870707569
+79869400037
+79869400258
+79869400416
+79869404186
+79869405930
+79869405977
+79869406078
+79869406159
+79869406355
+79869406425
+79020809396
+79020809413
+79020809415
+79020809426
+79020809427
+79020809432
+79020809433
+79020809435
+79020809436
+79020809437
+79020809396
+79020809413
+79020809415
+79020809426
+79020809427
+79020809432
+79020809433
+79020809435
+79020809436
+79020809437
+79875199932
+79022001016
+79022001305
+79022005433
+79022006643
+79022006758
+79022006815
+79022006841
+79022007156
+79022007169
+79870705378
+79870706560
+79870707265
+79870707546
+79870707547
+79870707559
+79870707564
+79870707566
+79870707568
+79870707569
+79875103814
+79875103854
+79875103961
+79875104072
+79875104168
+79875104170
+79875104174
+79875104175
+79875104176
+79875104179
+79867312190
+79867312198
+79867312199
+79867312202
+79867312207
+79867312213
+79867312215
+79867312219
+79867312223
+79867312228
+79502307734
+79502307735
+79502307736
+79502307737
+79502307738
+79502307739
+79502307740
+79502307741
+79502307743
+79502307745
+79869400037
+79869400258
+79869400416
+79869404186
+79869405930
+79869405977
+79869406078
+79869406159
+79869406355
+79869406425
+79869355126
+79869355128
+79869355163
+79869355169
+79869355177
+79869355385
+79869355423
+79869355437
+79869355440
+79869355447
+79023407270
+79023407459
+79023407638
+79023407665
+79023407686
+79023408150
+79023408201
+79023408344
+79023408697
+79023409078
+79870705378
+79870706560
+79870707265
+79870707546
+79870707547
+79870707559
+79870707564
+79870707566
+79870707568
+79870707569
+79022001016
+79022001305
+79022005433
+79022006643
+79022006758
+79022006815
+79022006841
+79022007156
+79022007169
+79022007248
+79875199932
+79875200560
+79875200598
+79875200747
+79875201132
+79875202293
+79875202955
+79875203923
+79875203954
+79875203959
+79023407270
+79023407459
+79023407638
+79023407665
+79023407686
+79023408150
+79023408201
+79023408344
+79023408697
+79023409078
+79867312190
+79867312198
+79867312199
+79867312202
+79867312207
+79867312213
+79867312215
+79867312219
+79867312223
+79867312228
+79023407270
+79023407459
+79023407638
+79023407665
+79023407686
+79023408150
+79023408201
+79023408344
+79023408697
+79023409078
+79085301647
+79085301802
+79085301839
+79085304015
+79085304255
+79085304567
+79085306241
+79085306269
+79085306312
+79085306482
+79875103814
+79875103854
+79875103961
+79875104072
+79875104168
+79875104170
+79875104174
+79875104175
+79875104176
+79875104179
+79875017154
+79875017246
+79875017375
+79875017460
+79875017488
+79875017506
+79875017520
+79875017642
+79875017694
+79875017740
+79502307734
+79502307735
+79502307736
+79502307737
+79502307738
+79502307739
+79502307740
+79502307741
+79502307743
+79502307745
+79875199932
+79875017154
+79875017246
+79875017375
+79875017460
+79875017488
+79875017506
+79875017520
+79875017642
+79875017694
+79870705378
+79870706560
+79870707265
+79870707546
+79870707547
+79870707559
+79870707564
+79870707566
+79870707568
+79870707569
+79085301647
+79085301802
+79085301839
+79085304015
+79085304255
+79085304567
+79085306241
+79085306269
+79085306312
+79085306482
+79020809396
+79020809413
+79020809415
+79020809426
+79020809427
+79020809432
+79020809433
+79020809435
+79020809436
+79020809437
+79022001016
+79022001305
+79022005433
+79022006643
+79022006758
+79022006815
+79022006841
+79022007156
+79022007169
+79022007248
+79875200560
+79875200598
+79875200747
+79875201132
+79875202293
+79875202955
+79875203923
+79875203954
+79875203959
+79875203961
+79875017154
+79875017246
+79875017375
+79875017460
+79875017488
+79875017506
+79875017520
+79875017642
+79875017694
+79875017740
+79023407270
+79023407459
+79023407638
+79023407665
+79023407686
+79023408150
+79023408201
+79023408344
+79023408697
+79023409078
+79875199932
+79869355126
+79869355128
+79869355163
+79869355169
+79869355177
+79869355385
+79869355423
+79869355437
+79869355440
+79502307734
+79502307735
+79502307736
+79502307737
+79502307738
+79502307739
+79502307740
+79502307741
+79502307743
+79502307745
+79023407270
+79023407459
+79023407638
+79023407665
+79023407686
+79023408150
+79023408201
+79023408344
+79023408697
+79023409078
+79502307734
+79502307735
+79502307736
+79502307737
+79502307738
+79502307739
+79502307740
+79502307741
+79502307743
+79502307745
+79020809396
+79020809413
+79020809415
+79020809426
+79020809427
+79020809432
+79020809433
+79020809435
+79020809436
+79020809437
+79875200560
+79875200598
+79875200747
+79875201132
+79875202293
+79875202955
+79875203923
+79875203954
+79875203959
+79875203961
+79022001016
+79022001305
+79022005433
+79022006643
+79022006758
+79022006815
+79022006841
+79022007156
+79022007169
+79022007248
+79022001016
+79022001305
+79022005433
+79022006643
+79022006758
+79022006815
+79022006841
+79022007156
+79022007169
+79022007248
+79875199932
+79085301647
+79085301802
+79085301839
+79085304015
+79085304255
+79085304567
+79085306241
+79085306269
+79085306312
+79867312190
+79867312198
+79867312199
+79867312202
+79867312207
+79867312213
+79867312215
+79867312219
+79867312223
+79867312228
+79867312190
+79867312198
+79867312199
+79867312202
+79867312207
+79867312213
+79867312215
+79867312219
+79867312223
+79867312228
+79020809396
+79020809413
+79020809415
+79020809426
+79020809427
+79020809432
+79020809433
+79020809435
+79020809436
+79020809437
+79875200560
+79875200598
+79875200747
+79875201132
+79875202293
+79875202955
+79875203923
+79875203954
+79875203959
+79875203961
+79869355126
+79869355128
+79869355163
+79869355169
+79869355177
+79869355385
+79869355423
+79869355437
+79869355440
+79869355447
+79022001016
+79022001305
+79022005433
+79022006643
+79022006758
+79022006815
+79022006841
+79022007156
+79022007169
+79022007248
+79869400037
+79869400258
+79869400416
+79869404186
+79869405930
+79869405977
+79869406078
+79869406159
+79869406355
+79869406425
+79020809396
+79020809413
+79020809415
+79020809426
+79020809427
+79020809432
+79020809433
+79020809435
+79020809436
+79020809437
+79875199932
+79085301647
+79085301802
+79085301839
+79085304015
+79085304255
+79085304567
+79085306241
+79085306269
+79085306312
+79875199932
+79023407270
+79023407459
+79023407638
+79023407665
+79023407686
+79023408150
+79023408201
+79023408344
+79023408697
+79085204138
+79085204219
+79085204988
+79085205001
+79085205878
+79085206562
+79085206588
+79085206892
+79085206944
+79085207028
+79869400037
+79869400258
+79869400416
+79869404186
+79869405930
+79869405977
+79869406078
+79869406159
+79869406355
+79869406425
+79869400037
+79869400258
+79869400416
+79869404186
+79869405930
+79869405977
+79869406078
+79869406159
+79869406355
+79869406425
+79875017154
+79875017246
+79875017375
+79875017460
+79875017488
+79875017506
+79875017520
+79875017642
+79875017694
+79875017740
+79875103814
+79875103854
+79875103961
+79875104072
+79875104168
+79875104170
+79875104174
+79875104175
+79875104176
+79875104179
+79870705378
+79870706560
+79870707265
+79870707546
+79870707547
+79870707559
+79870707564
+79870707566
+79870707568
+79870707569
+79869400037
+79869400258
+79869400416
+79869404186
+79869405930
+79869405977
+79869406078
+79869406159
+79869406355
+79869406425
+79869400037
+79869400258
+79869400416
+79869404186
+79869405930
+79869405977
+79869406078
+79869406159
+79869406355
+79869406425
+79085204138
+79085204219
+79085204988
+79085205001
+79085205878
+79085206562
+79085206588
+79085206892
+79085206944
+79085207028
+79020809396
+79020809413
+79020809415
+79020809426
+79020809427
+79020809432
+79020809433
+79020809435
+79020809436
+79020809437
+79085301647
+79085301802
+79085301839
+79085304015
+79085304255
+79085304567
+79085306241
+79085306269
+79085306312
+79085306482
+79867312190
+79867312198
+79867312199
+79867312202
+79867312207
+79867312213
+79867312215
+79867312219
+79867312223
+79867312228
+79867312190
+79867312198
+79867312199
+79867312202
+79867312207
+79867312213
+79867312215
+79867312219
+79867312223
+79867312228
+79023407270
+79023407459
+79023407638
+79023407665
+79023407686
+79023408150
+79023408201
+79023408344
+79023408697
+79023409078
+79875017154
+79875017246
+79875017375
+79875017460
+79875017488
+79875017506
+79875017520
+79875017642
+79875017694
+79875017740
+79869355126
+79869355128
+79869355163
+79869355169
+79869355177
+79869355385
+79869355423
+79869355437
+79869355440
+79869355447
+79875200560
+79875200598
+79875200747
+79875201132
+79875202293
+79875202955
+79875203923
+79875203954
+79875203959
+79875203961
+79020809396
+79020809413
+79020809415
+79020809426
+79020809427
+79020809432
+79020809433
+79020809435
+79020809436
+79020809437
+79020809396
+79020809413
+79020809415
+79020809426
+79020809427
+79020809432
+79020809433
+79020809435
+79020809436
+79020809437
+79875200560
+79875200598
+79875200747
+79875201132
+79875202293
+79875202955
+79875203923
+79875203954
+79875203959
+79875203961
+79085204138
+79085204219
+79085204988
+79085205001
+79085205878
+79085206562
+79085206588
+79085206892
+79085206944
+79085207028
+79869400037
+79869400258
+79869400416
+79869404186
+79869405930
+79869405977
+79869406078
+79869406159
+79869406355
+79869406425
+79869355126
+79869355128
+79869355163
+79869355169
+79869355177
+79869355385
+79869355423
+79869355437
+79869355440
+79869355447
+79022001016
+79022001305
+79022005433
+79022006643
+79022006758
+79022006815
+79022006841
+79022007156
+79022007169
+79022007248
+79023407270
+79023407459
+79023407638
+79023407665
+79023407686
+79023408150
+79023408201
+79023408344
+79023408697
+79023409078
+79085204138
+79085204219
+79085204988
+79085205001
+79085205878
+79085206562
+79085206588
+79085206892
+79085206944
+79085207028
+79870705378
+79870706560
+79870707265
+79870707546
+79870707547
+79870707559
+79870707564
+79870707566
+79870707568
+79870707569
+79875199932
+79022001016
+79022001305
+79022005433
+79022006643
+79022006758
+79022006815
+79022006841
+79022007156
+79022007169
+79502307734
+79502307735
+79502307736
+79502307737
+79502307738
+79502307739
+79502307740
+79502307741
+79502307743
+79502307745
+79875017064
+79875017154
+79875017246
+79875017375
+79875017460
+79875017488
+79875017506
+79875017520
+79875017642
+79875017694
+79875199932
+79875200560
+79875200598
+79875200747
+79875201132
+79875202293
+79875202955
+79875203923
+79875203954
+79875203959
+79867312190
+79867312198
+79867312199
+79867312202
+79867312207
+79867312213
+79867312215
+79867312219
+79867312223
+79867312228
+79085204138
+79085204219
+79085204988
+79085205001
+79085205878
+79085206562
+79085206588
+79085206892
+79085206944
+79085207028
+79502307734
+79502307735
+79502307736
+79502307737
+79502307738
+79502307739
+79502307740
+79502307741
+79502307743
+79502307745
+79085301647
+79085301802
+79085301839
+79085304015
+79085304255
+79085304567
+79085306241
+79085306269
+79085306312
+79085306482
+79875017064
+79875017154
+79875017246
+79875017375
+79875017460
+79875017488
+79875017506
+79875017520
+79875017642
+79875017694
+79502307734
+79502307735
+79502307736
+79502307737
+79502307738
+79502307739
+79502307740
+79502307741
+79502307743
+79502307745
+79020809396
+79020809413
+79020809415
+79020809426
+79020809427
+79020809432
+79020809433
+79020809435
+79020809436
+79020809437
+79085204138
+79085204219
+79085204988
+79085205001
+79085205878
+79085206562
+79085206588
+79085206892
+79085206944
+79085207028
+79085204138
+79085204219
+79085204988
+79085205001
+79085205878
+79085206562
+79085206588
+79085206892
+79085206944
+79085207028
+79085204138
+79085204219
+79085204988
+79085205001
+79085205878
+79085206562
+79085206588
+79085206892
+79085206944
+79085207028
+79875017064
+79875017154
+79875017246
+79875017375
+79875017460
+79875017488
+79875017506
+79875017520
+79875017642
+79875017694
+79022001016
+79022001305
+79022005433
+79022006643
+79022006758
+79022006815
+79022006841
+79022007156
+79022007169
+79022007248
+79085301647
+79085301802
+79085301839
+79085304015
+79085304255
+79085304567
+79085306241
+79085306269
+79085306312
+79085306482
+79875199932
+79085301647
+79085301802
+79085301839
+79085304015
+79085304255
+79085304567
+79085306241
+79085306269
+79085306312
+79869400037
+79869400258
+79869400416
+79869404186
+79869405930
+79869405977
+79869406078
+79869406159
+79869406355
+79869406425
+79875200560
+79875200598
+79875200747
+79875201132
+79875202293
+79875202955
+79875203923
+79875203954
+79875203959
+79875203961
+79502307734
+79502307735
+79502307736
+79502307737
+79502307738
+79502307739
+79502307740
+79502307741
+79502307743
+79502307745
+79085204138
+79085204219
+79085204988
+79085205001
+79085205878
+79085206562
+79085206588
+79085206892
+79085206944
+79085207028
+79023407270
+79023407459
+79023407638
+79023407665
+79023407686
+79023408150
+79023408201
+79023408344
+79023408697
+79023409078
+79867312190
+79867312198
+79867312199
+79867312202
+79867312207
+79867312213
+79867312215
+79867312219
+79867312223
+79867312228
+79020809396
+79020809413
+79020809415
+79020809426
+79020809427
+79020809432
+79020809433
+79020809435
+79020809436
+79020809437
+79875200560
+79875200598
+79875200747
+79875201132
+79875202293
+79875202955
+79875203923
+79875203954
+79875203959
+79875203961
+79020809396
+79020809413
+79020809415
+79020809426
+79020809427
+79020809432
+79020809433
+79020809435
+79020809436
+79020809437
+79875200560
+79875200598
+79875200747
+79875201132
+79875202293
+79875202955
+79875203923
+79875203954
+79875203959
+79875203961
+79869355126
+79869355128
+79869355163
+79869355169
+79869355177
+79869355385
+79869355423
+79869355437
+79869355440
+79869355447
+79020809396
+79020809413
+79020809415
+79020809426
+79020809427
+79020809432
+79020809433
+79020809435
+79020809436
+79020809437
+79085301647
+79085301802
+79085301839
+79085304015
+79085304255
+79085304567
+79085306241
+79085306269
+79085306312
+79085306482
+79869400037
+79869400258
+79869400416
+79869404186
+79869405930
+79869405977
+79869406078
+79869406159
+79869406355
+79869406425
+79867312190
+79867312198
+79867312199
+79867312202
+79867312207
+79867312213
+79867312215
+79867312219
+79867312223
+79867312228
+79875199932
+79869355126
+79869355128
+79869355163
+79869355169
+79869355177
+79869355385
+79869355423
+79869355437
+79869355440
+79502307734
+79502307735
+79502307736
+79502307737
+79502307738
+79502307739
+79502307740
+79502307741
+79502307743
+79502307745
+79875200560
+79875200598
+79875200747
+79875201132
+79875202293
+79875202955
+79875203923
+79875203954
+79875203959
+79875203961
+79085204138
+79085204219
+79085204988
+79085205001
+79085205878
+79085206562
+79085206588
+79085206892
+79085206944
+79085207028
+79022001016
+79022001305
+79022005433
+79022006643
+79022006758
+79022006815
+79022006841
+79022007156
+79022007169
+79022007248
+79867312190
+79867312198
+79867312199
+79867312202
+79867312207
+79867312213
+79867312215
+79867312219
+79867312223
+79867312228
+79875199932
+79869355126
+79869355128
+79869355163
+79869355169
+79869355177
+79869355385
+79869355423
+79869355437
+79869355440
+79875017064
+79875017154
+79875017246
+79875017375
+79875017460
+79875017488
+79875017506
+79875017520
+79875017642
+79875017694
+79020809396
+79020809413
+79020809415
+79020809426
+79020809427
+79020809432
+79020809433
+79020809435
+79020809436
+79020809437
+79870705378
+79870706560
+79870707265
+79870707546
+79870707547
+79870707559
+79870707564
+79870707566
+79870707568
+79870707569
+79085301647
+79085301802
+79085301839
+79085304015
+79085304255
+79085304567
+79085306241
+79085306269
+79085306312
+79085306482
+79867312190
+79867312198
+79867312199
+79867312202
+79867312207
+79867312213
+79867312215
+79867312219
+79867312223
+79867312228
+79869355126
+79869355128
+79869355163
+79869355169
+79869355177
+79869355385
+79869355423
+79869355437
+79869355440
+79869355447
+79875200560
+79875200598
+79875200747
+79875201132
+79875202293
+79875202955
+79875203923
+79875203954
+79875203959
+79875203961
+79020809396
+79020809413
+79020809415
+79020809426
+79020809427
+79020809432
+79020809433
+79020809435
+79020809436
+79020809437
+79020809396
+79020809413
+79020809415
+79020809426
+79020809427
+79020809432
+79020809433
+79020809435
+79020809436
+79020809437
+79875199932
+79502307734
+79502307735
+79502307736
+79502307737
+79502307738
+79502307739
+79502307740
+79502307741
+79502307743
+79870705378
+79870706560
+79870707265
+79870707546
+79870707547
+79870707559
+79870707564
+79870707566
+79870707568
+79870707569
+79875199932
+79085301647
+79085301802
+79085301839
+79085304015
+79085304255
+79085304567
+79085306241
+79085306269
+79085306312
+79023407270
+79023407459
+79023407638
+79023407665
+79023407686
+79023408150
+79023408201
+79023408344
+79023408697
+79023409078
+79020809396
+79020809413
+79020809415
+79020809426
+79020809427
+79020809432
+79020809433
+79020809435
+79020809436
+79020809437
+79022001016
+79022001305
+79022005433
+79022006643
+79022006758
+79022006815
+79022006841
+79022007156
+79022007169
+79022007248
+79875017064
+79875017154
+79875017246
+79875017375
+79875017460
+79875017488
+79875017506
+79875017520
+79875017642
+79875017694
+79875199932
+79020809396
+79020809413
+79020809415
+79020809426
+79020809427
+79020809432
+79020809433
+79020809435
+79020809436
+79875017064
+79875017154
+79875017246
+79875017375
+79875017460
+79875017488
+79875017506
+79875017520
+79875017642
+79875017694
+79875103814
+79875103854
+79875103961
+79875104072
+79875104168
+79875104170
+79875104174
+79875104175
+79875104176
+79875104179
+79023407270
+79023407459
+79023407638
+79023407665
+79023407686
+79023408150
+79023408201
+79023408344
+79023408697
+79023409078
+79022001016
+79022001305
+79022005433
+79022006643
+79022006758
+79022006815
+79022006841
+79022007156
+79022007169
+79022007248
+79870705378
+79870706560
+79870707265
+79870707546
+79870707547
+79870707559
+79870707564
+79870707566
+79870707568
+79870707569
+79875103814
+79875103854
+79875103961
+79875104072
+79875104168
+79875104170
+79875104174
+79875104175
+79875104176
+79875104179
+79867312190
+79867312198
+79867312199
+79867312202
+79867312207
+79867312213
+79867312215
+79867312219
+79867312223
+79867312228
+79875103814
+79875103854
+79875103961
+79875104072
+79875104168
+79875104170
+79875104174
+79875104175
+79875104176
+79875104179
+79875103814
+79875103854
+79875103961
+79875104072
+79875104168
+79875104170
+79875104174
+79875104175
+79875104176
+79875104179
+79502307734
+79502307735
+79502307736
+79502307737
+79502307738
+79502307739
+79502307740
+79502307741
+79502307743
+79502307745
+79875017064
+79875017154
+79875017246
+79875017375
+79875017460
+79875017488
+79875017506
+79875017520
+79875017642
+79875017694
+79875200560
+79875200598
+79875200747
+79875201132
+79875202293
+79875202955
+79875203923
+79875203954
+79875203959
+79875203961
+79502307734
+79502307735
+79502307736
+79502307737
+79502307738
+79502307739
+79502307740
+79502307741
+79502307743
+79502307745
+79870705378
+79870706560
+79870707265
+79870707546
+79870707547
+79870707559
+79870707564
+79870707566
+79870707568
+79870707569
+79023407270
+79023407459
+79023407638
+79023407665
+79023407686
+79023408150
+79023408201
+79023408344
+79023408697
+79023409078
+79502307734
+79502307735
+79502307736
+79502307737
+79502307738
+79502307739
+79502307740
+79502307741
+79502307743
+79502307745
+79020809396
+79020809413
+79020809415
+79020809426
+79020809427
+79020809432
+79020809433
+79020809435
+79020809436
+79020809437
+79023407270
+79023407459
+79023407638
+79023407665
+79023407686
+79023408150
+79023408201
+79023408344
+79023408697
+79023409078
+79869400037
+79869400258
+79869400416
+79869404186
+79869405930
+79869405977
+79869406078
+79869406159
+79869406355
+79869406425
+79875017064
+79875017154
+79875017246
+79875017375
+79875017460
+79875017488
+79875017506
+79875017520
+79875017642
+79875017694
+79870705378
+79870706560
+79870707265
+79870707546
+79870707547
+79870707559
+79870707564
+79870707566
+79870707568
+79870707569
+79869400037
+79869400258
+79869400416
+79869404186
+79869405930
+79869405977
+79869406078
+79869406159
+79869406355
+79869406425
+79085204138
+79085204219
+79085204988
+79085205001
+79085205878
+79085206562
+79085206588
+79085206892
+79085206944
+79085207028
+79020809396
+79020809413
+79020809415
+79020809426
+79020809427
+79020809432
+79020809433
+79020809435
+79020809436
+79020809437
+79085204138
+79085204219
+79085204988
+79085205001
+79085205878
+79085206562
+79085206588
+79085206892
+79085206944
+79085207028
+79870705378
+79870706560
+79870707265
+79870707546
+79870707547
+79870707559
+79870707564
+79870707566
+79870707568
+79870707569
+79870705378
+79870706560
+79870707265
+79870707546
+79870707547
+79870707559
+79870707564
+79870707566
+79870707568
+79870707569
+79022001016
+79022001305
+79022005433
+79022006643
+79022006758
+79022006815
+79022006841
+79022007156
+79022007169
+79022007248
+79869400037
+79869400258
+79869400416
+79869404186
+79869405930
+79869405977
+79869406078
+79869406159
+79869406355
+79869406425
+79502307734
+79502307735
+79502307736
+79502307737
+79502307738
+79502307739
+79502307740
+79502307741
+79502307743
+79502307745
+79875103814
+79875103854
+79875103961
+79875104072
+79875104168
+79875104170
+79875104174
+79875104175
+79875104176
+79875104179
+79875200560
+79875200598
+79875200747
+79875201132
+79875202293
+79875202955
+79875203923
+79875203954
+79875203959
+79875203961
+79875017064
+79875017154
+79875017246
+79875017375
+79875017460
+79875017488
+79875017506
+79875017520
+79875017642
+79875017694
+79020809396
+79020809413
+79020809415
+79020809426
+79020809427
+79020809432
+79020809433
+79020809435
+79020809436
+79020809437
+79023407270
+79023407459
+79023407638
+79023407665
+79023407686
+79023408150
+79023408201
+79023408344
+79023408697
+79023409078
+79867312190
+79867312198
+79867312199
+79867312202
+79867312207
+79867312213
+79867312215
+79867312219
+79867312223
+79867312228
+79869400037
+79869400258
+79869400416
+79869404186
+79869405930
+79869405977
+79869406078
+79869406159
+79869406355
+79869406425
+79023407270
+79023407459
+79023407638
+79023407665
+79023407686
+79023408150
+79023408201
+79023408344
+79023408697
+79023409078
+79869355126
+79869355128
+79869355163
+79869355169
+79869355177
+79869355385
+79869355423
+79869355437
+79869355440
+79869355447
+79022001016
+79022001305
+79022005433
+79022006643
+79022006758
+79022006815
+79022006841
+79022007156
+79022007169
+79022007248
+79020809396
+79020809413
+79020809415
+79020809426
+79020809427
+79020809432
+79020809433
+79020809435
+79020809436
+79020809437
+79869400037
+79869400258
+79869400416
+79869404186
+79869405930
+79869405977
+79869406078
+79869406159
+79869406355
+79869406425
+79870705378
+79870706560
+79870707265
+79870707546
+79870707547
+79870707559
+79870707564
+79870707566
+79870707568
+79870707569
+79085204138
+79085204219
+79085204988
+79085205001
+79085205878
+79085206562
+79085206588
+79085206892
+79085206944
+79085207028
+79020809413
+79020809415
+79020809426
+79020809427
+79020809432
+79020809433
+79020809435
+79020809436
+79020809437
+79020809439
+79875017064
+79875017154
+79875017246
+79875017375
+79875017460
+79875017488
+79875017506
+79875017520
+79875017642
+79875017694
+79020809413
+79020809415
+79020809426
+79020809427
+79020809432
+79020809433
+79020809435
+79020809436
+79020809437
+79020809439
+79875200560
+79875200598
+79875200747
+79875201132
+79875202293
+79875202955
+79875203923
+79875203954
+79875203959
+79875203961
+79875200560
+79875200598
+79875200747
+79875201132
+79875202293
+79875202955
+79875203923
+79875203954
+79875203959
+79875203961
+79867312190
+79867312198
+79867312199
+79867312202
+79867312207
+79867312213
+79867312215
+79867312219
+79867312223
+79867312228
+79870705378
+79870706560
+79870707265
+79870707546
+79870707547
+79870707559
+79870707564
+79870707566
+79870707568
+79870707569
+79023407270
+79023407459
+79023407638
+79023407665
+79023407686
+79023408150
+79023408201
+79023408344
+79023408697
+79023409078
+79875103814
+79875103854
+79875103961
+79875104072
+79875104168
+79875104170
+79875104174
+79875104175
+79875104176
+79875104179
+79085204138
+79085204219
+79085204988
+79085205001
+79085205878
+79085206562
+79085206588
+79085206892
+79085206944
+79085207028
+79870705378
+79870706560
+79870707265
+79870707546
+79870707547
+79870707559
+79870707564
+79870707566
+79870707568
+79870707569
+79870705378
+79870706560
+79870707265
+79870707546
+79870707547
+79870707559
+79870707564
+79870707566
+79870707568
+79870707569
+79022001016
+79022001305
+79022005433
+79022006643
+79022006758
+79022006815
+79022006841
+79022007156
+79022007169
+79022007248
+79875017064
+79875017154
+79875017246
+79875017375
+79875017460
+79875017488
+79875017506
+79875017520
+79875017642
+79875017694
+79085301802
+79085301839
+79085304015
+79085304255
+79085304567
+79085306241
+79085306269
+79085306312
+79085306482
+79085306487
+79085204138
+79085204219
+79085204988
+79085205001
+79085205878
+79085206562
+79085206588
+79085206892
+79085206944
+79085207028
+79085204138
+79085204219
+79085204988
+79085205001
+79085205878
+79085206562
+79085206588
+79085206892
+79085206944
+79085207028
+79875103814
+79875103854
+79875103961
+79875104072
+79875104168
+79875104170
+79875104174
+79875104175
+79875104176
+79875104179
+79875017064
+79875017154
+79875017246
+79875017375
+79875017460
+79875017488
+79875017506
+79875017520
+79875017642
+79875017694
+79502307734
+79502307735
+79502307736
+79502307737
+79502307738
+79502307739
+79502307740
+79502307741
+79502307743
+79502307745
+79875199932
+79867312190
+79867312198
+79867312199
+79867312202
+79867312207
+79867312213
+79867312215
+79867312219
+79867312223
+79870705378
+79870706560
+79870707265
+79870707546
+79870707547
+79870707559
+79870707564
+79870707566
+79870707568
+79870707569
+79875200560
+79875200598
+79875200747
+79875201132
+79875202293
+79875202955
+79875203923
+79875203954
+79875203959
+79875203961
+79502307734
+79502307735
+79502307736
+79502307737
+79502307738
+79502307739
+79502307740
+79502307741
+79502307743
+79502307745
+79875017064
+79875017154
+79875017246
+79875017375
+79875017460
+79875017488
+79875017506
+79875017520
+79875017642
+79875017694
+79023407270
+79023407459
+79023407638
+79023407665
+79023407686
+79023408150
+79023408201
+79023408344
+79023408697
+79023409078
+79022001016
+79022001305
+79022005433
+79022006643
+79022006758
+79022006815
+79022006841
+79022007156
+79022007169
+79022007248
+79022001016
+79022001305
+79022005433
+79022006643
+79022006758
+79022006815
+79022006841
+79022007156
+79022007169
+79022007248
+79875200560
+79875200598
+79875200747
+79875201132
+79875202293
+79875202955
+79875203923
+79875203954
+79875203959
+79875203961
+79869400416
+79869404186
+79869405930
+79869405977
+79869406078
+79869406159
+79869406355
+79869406425
+79869406653
+79869406855
+79022001016
+79022001305
+79022005433
+79022006643
+79022006758
+79022006815
+79022006841
+79022007156
+79022007169
+79022007248
+79022001016
+79022001305
+79022005433
+79022006643
+79022006758
+79022006815
+79022006841
+79022007156
+79022007169
+79022007248
+79875103814
+79875103854
+79875103961
+79875104072
+79875104168
+79875104170
+79875104174
+79875104175
+79875104176
+79875104179
+79870705378
+79870706560
+79870707265
+79870707546
+79870707547
+79870707559
+79870707564
+79870707566
+79870707568
+79870707569
+79870705378
+79870706560
+79870707265
+79870707546
+79870707547
+79870707559
+79870707564
+79870707566
+79870707568
+79870707569
+79022001016
+79022001305
+79022005433
+79022006643
+79022006758
+79022006815
+79022006841
+79022007156
+79022007169
+79022007248
+79875017064
+79875017154
+79875017246
+79875017375
+79875017460
+79875017488
+79875017506
+79875017520
+79875017642
+79875017694
+79875199932
+79875017064
+79875017154
+79875017246
+79875017375
+79875017460
+79875017488
+79875017506
+79875017520
+79875017642
+79023407270
+79023407459
+79023407638
+79023407665
+79023407686
+79023408150
+79023408201
+79023408344
+79023408697
+79023409078
+79875200560
+79875200598
+79875200747
+79875201132
+79875202293
+79875202955
+79875203923
+79875203954
+79875203959
+79875203961
+79022001016
+79022001305
+79022005433
+79022006643
+79022006758
+79022006815
+79022006841
+79022007156
+79022007169
+79022007248
+79869400416
+79869404186
+79869405930
+79869405977
+79869406078
+79869406159
+79869406355
+79869406425
+79869406653
+79869406855
+79875017064
+79875017154
+79875017246
+79875017375
+79875017460
+79875017488
+79875017506
+79875017520
+79875017642
+79875017694
+79867312190
+79867312198
+79867312199
+79867312202
+79867312207
+79867312213
+79867312215
+79867312219
+79867312223
+79867312228
+79869355126
+79869355128
+79869355163
+79869355169
+79869355177
+79869355385
+79869355423
+79869355437
+79869355440
+79869355447
+79875200560
+79875200598
+79875200747
+79875201132
+79875202293
+79875202955
+79875203923
+79875203954
+79875203959
+79875203961
+79875199932
+79869400416
+79869404186
+79869405930
+79869405977
+79869406078
+79869406159
+79869406355
+79869406425
+79869406653
+79869355126
+79869355128
+79869355163
+79869355169
+79869355177
+79869355385
+79869355423
+79869355437
+79869355440
+79869355447
+79875017064
+79875017154
+79875017246
+79875017375
+79875017460
+79875017488
+79875017506
+79875017520
+79875017642
+79875017694
+79870705378
+79870706560
+79870707265
+79870707546
+79870707547
+79870707559
+79870707564
+79870707566
+79870707568
+79870707569
+79867312190
+79867312198
+79867312199
+79867312202
+79867312207
+79867312213
+79867312215
+79867312219
+79867312223
+79867312228
+79869400416
+79869404186
+79869405930
+79869405977
+79869406078
+79869406159
+79869406355
+79869406425
+79869406653
+79869406855
+79085204138
+79085204219
+79085204988
+79085205001
+79085205878
+79085206562
+79085206588
+79085206892
+79085206944
+79085207028
+79502307734
+79502307735
+79502307736
+79502307737
+79502307738
+79502307739
+79502307740
+79502307741
+79502307743
+79502307745
+79022001016
+79022001305
+79022005433
+79022006643
+79022006758
+79022006815
+79022006841
+79022007156
+79022007169
+79022007248
+79869400416
+79869404186
+79869405930
+79869405977
+79869406078
+79869406159
+79869406355
+79869406425
+79869406653
+79869406855
+79023407270
+79023407459
+79023407638
+79023407665
+79023407686
+79023408150
+79023408201
+79023408344
+79023408697
+79023409078
+79023407270
+79023407459
+79023407638
+79023407665
+79023407686
+79023408150
+79023408201
+79023408344
+79023408697
+79023409078
+79875200560
+79875200598
+79875200747
+79875201132
+79875202293
+79875202955
+79875203923
+79875203954
+79875203959
+79875203961
+79020809415
+79020809426
+79020809427
+79020809432
+79020809433
+79020809435
+79020809436
+79020809437
+79020809439
+79020809440
+79869400416
+79869404186
+79869405930
+79869405977
+79869406078
+79869406159
+79869406355
+79869406425
+79869406653
+79869406855
+79502307734
+79502307735
+79502307736
+79502307737
+79502307738
+79502307739
+79502307740
+79502307741
+79502307743
+79502307745
+79085204138
+79085204219
+79085204988
+79085205001
+79085205878
+79085206562
+79085206588
+79085206892
+79085206944
+79085207028
+79875200560
+79875200598
+79875200747
+79875201132
+79875202293
+79875202955
+79875203923
+79875203954
+79875203959
+79875203961
+79875017064
+79875017154
+79875017246
+79875017375
+79875017460
+79875017488
+79875017506
+79875017520
+79875017642
+79875017694
+79085301802
+79085301839
+79085304015
+79085304255
+79085304567
+79085306241
+79085306269
+79085306312
+79085306482
+79085306487
+79875199932
+79085301802
+79085301839
+79085304015
+79085304255
+79085304567
+79085306241
+79085306269
+79085306312
+79085306482
+79875017064
+79875017154
+79875017246
+79875017375
+79875017460
+79875017488
+79875017506
+79875017520
+79875017642
+79875017694
+79870705378
+79870706560
+79870707265
+79870707546
+79870707547
+79870707559
+79870707564
+79870707566
+79870707568
+79870707569
+79875199932
+79020809442
+79020809443
+79020809451
+79020809457
+79020809459
+79020809463
+79020809465
+79020809467
+79020809469
+79869355126
+79869355128
+79869355163
+79869355169
+79869355177
+79869355385
+79869355423
+79869355437
+79869355440
+79869355447
+79020809442
+79020809443
+79020809451
+79020809457
+79020809459
+79020809463
+79020809465
+79020809467
+79020809469
+79020809470
+79023407270
+79023407459
+79023407638
+79023407665
+79023407686
+79023408150
+79023408201
+79023408344
+79023408697
+79023409078
+79502307734
+79502307735
+79502307736
+79502307737
+79502307738
+79502307739
+79502307740
+79502307741
+79502307743
+79502307745
+79870705378
+79870706560
+79870707265
+79870707546
+79870707547
+79870707559
+79870707564
+79870707566
+79870707568
+79870707569
+79022001016
+79022001305
+79022005433
+79022006643
+79022006758
+79022006815
+79022006841
+79022007156
+79022007169
+79022007248
+79875199932
+79869355126
+79869355128
+79869355163
+79869355169
+79869355177
+79869355385
+79869355423
+79869355437
+79869355440
+79020809413
+79020809415
+79020809426
+79020809427
+79020809432
+79020809433
+79020809435
+79020809436
+79020809437
+79020809439
+79023407270
+79023407459
+79023407638
+79023407665
+79023407686
+79023408150
+79023408201
+79023408344
+79023408697
+79023409078
+79875017064
+79875017154
+79875017246
+79875017375
+79875017460
+79875017488
+79875017506
+79875017520
+79875017642
+79875017694
+79085204138
+79085204219
+79085204988
+79085205001
+79085205878
+79085206562
+79085206588
+79085206892
+79085206944
+79085207028
+79867312190
+79867312198
+79867312199
+79867312202
+79867312207
+79867312213
+79867312215
+79867312219
+79867312223
+79867312228
