+79824906716
+79824334084
+79824334854
+79197004689
+79194702376
+79824907332
+79129803932
+79194404335
+79124901584
+79824708027
+79824603652
+79822302931
+79197005541
+79824907356
+79822507029
+79197102489
+79194702183
+79194404522
+79822407357
+79128812787
+79129803838
+79197003453
+79125807378
+79824708019
+79125903147
+79197003943
+79194901678
+79824822179
+79824401968
+79824401976
+79822407358
+79197101836
+79127804460
+79194803005
+79824707959
+79194901636
+79824508864
+79194404633
+79194604596
+79824707939
+79197102492
+79125807477
+79197005613
+79125807387
+79124850232
+79124850236
+79128812649
+79822405633
+79822506963
+79824701233
+79824906882
+79194604292
+79824401844
+79194500452
+79128812675
+79124850128
+79194501422
+79124901642
+79824603629
+79824603651
+79125807404
+79194701600
+79128812670
+79824907403
+79197102683
+79128812640
+79194901672
+79194901654
+79824401990
+79824907327
+79824750640
+79194603493
+79194704393
+79194500740
+79194405167
+79822507163
+79824822803
+79194604672
+79127804461
+79197005330
+79194404337
+79124850245
+79194702745
+79125903786
+79824801847
+79125807431
+79824508789
+79824703190
+79124901786
+79824751615
+79194808426
+79194502187
+79824508910
+79194405176
+79127804057
+79197102688
+79124850247
+79822507124
+79128812639
+79125903718
+79824508886
+79824603642
+79822507158
+79194702858
+79824508889
+79194404197
+79194500617
+79194901627
+79128812642
+79822405078
+79194808939
+79822303259
+79197004879
+79124850123
+79194901528
+79822303192
+79125807381
+79125903854
+79824603660
+79125903234
+79194704219
+79194901653
+79822405982
+79824751725
+79824907394
+79824603664
+79125807434
+79125901967
+79824334075
+79194603754
+79128812673
+79824603659
+79194602358
+79194703514
+79824751718
+79824907410
+79822407772
+79194901634
+79824751667
+79125807389
+79822300268
+79824334812
+79194603689
+79824704155
+79194805425
+79124849742
+79125903566
+79822300452
+79822407775
+79127804448
+79824334073
+79824805957
+79824706773
+79127804013
+79125807460
+79127803193
+79128812716
+79194604344
+79197101486
+79197005529
+79194809001
+79125903284
+79824751650
+79824334909
+79194405138
+79822407776
+79194703963
+79824506863
+79822406745
+79127804226
+79124901854
+79197005711
+79824508947
+79129804111
+79822507153
+79125807444
+79194502310
+79129804333
+79824401950
+79127803848
+79824401902
+79197102369
+79194807915
+79194807851
+79124901857
+79824401954
+79197102186
+79822303211
+79824907417
+79822507095
+79822302182
+79824401800
+79125903687
+79124900623
+79824806395
+79824506659
+79822303216
+79124901840
+79124850263
+79824333863
+79824401933
+79824400582
+79127804133
+79194603999
+79194404706
+79824603643
+79129802932
+79824907402
+79197102878
+79129804110
+79824508940
+79124901631
+79129804439
+79129802757
+79824705651
+79127804481
+79824751738
+79822407773
+79824822096
+79824907357
+79194502273
+79194603941
+79194404795
+79824751749
+79129804442
+79822501325
+79125903532
+79194502039
+79824334904
+79824751666
+79197005094
+79125807369
+79824334816
+79197101948
+79824804389
+79194901637
+79129803957
+79824820238
+79824820517
+79824508926
+79824600431
+79824751751
+79124850109
+79124901842
+79824603641
+79194804769
+79194702279
+79125807414
+79194808729
+79128812721
+79822303136
+79194809358
+79824707968
+79194901643
+79822302971
+79822501719
+79125901637
+79824334557
+79824820287
+79194502286
+79822506764
+79194500729
+79124850111
+79124901647
+79194603785
