+79147931116
+79147302229
+79143402779
+79146802260
+79147201472
+79841901952
+79149701499
+79147302256
+79149601863
+79147300992
+79146504167
+79146504187
+79143402981
+79841883514
+79146703716
+79146803136
+79146602748
+79143304602
+79140667303
+79146802068
+79143206047
+79140708970
+79147930904
+79140664452
+79146802842
+79143206505
+79147203074
+79147930706
+79841882951
+79146900890
+79140709114
+79146902461
+79841901866
+79140666946
+79147103529
+79146504301
+79841405410
+79149701509
+79143303426
+79147007198
+79146503744
+79146504291
+79841882729
+79147930739
+79146802881
+79146602360
+79146703820
+79841502221
+79146802833
+79140708745
+79143302410
+79841502226
+79147103558
+79841900792
+79149701559
+79146703984
+79140666379
+79147303282
+79147930660
+79146504963
+79140706795
+79146601151
+79147205274
+79149602865
+79841901889
+79143402627
+79147103698
+79147302903
+79147302500
+79147200920
+79146901810
+79143403843
+79140708998
+79841883496
+79146504335
+79143403194
+79149701553
+79140708566
+79146802382
+79147003914
+79146603097
+79140666318
+79140665431
+79149602452
+79146900983
+79143303176
+79140667580
+79140667517
+79147302638
+79140664495
+79149701497
+79146602945
+79841882968
+79147103599
+79146504338
+79841883497
+79146602959
+79140708995
+79143206403
+79147003122
+79147205425
+79143303820
+79147100655
+79143402254
+79841502077
+79143303928
+79149602874
+79841405427
+79841502225
+79147005023
+79147103674
+79146702903
+79143303405
+79841405398
+79146901752
+79140666095
+79147205337
+79147302559
+79149602448
+79146901768
+79841502218
+79143402778
+79147205223
+79149701193
+79143206437
+79140664731
+79146503736
+79841405392
+79841902055
+79147931119
+79140667305
+79143402446
+79147204737
+79146801994
+79841502227
+79143304307
+79140666920
+79149701576
+79140667627
+79149602863
+79841883601
+79146504136
+79143402944
+79146703974
+79146901344
+79143206510
+79140708639
+79140665064
+79146803292
+79841902025
+79146902279
+79841405418
+79841883467
+79146603059
+79841883341
+79146703564
+79147103648
+79143304394
+79140656793
+79140708193
+79149602764
+79146703879
+79841405429
+79147205233
+79143403481
+79143206509
+79143206486
+79147301982
+79146801357
+79147930730
+79146504322
+79147003182
+79146902294
+79140708657
+79149701554
+79147204963
+79143206444
+79149602748
+79146704042
+79146902081
+79143303974
+79143205967
+79140666094
+79147103689
+79147103357
+79841902021
+79841502197
+79149602254
+79841502224
+79140666285
+79841405417
+79146703916
+79140664396
+79149701641
+79841402795
+79147003862
+79147930339
+79149602123
+79147002946
+79147931117
+79146703865
+79146602436
+79841502213
+79147007213
+79841405447
+79841883164
+79149701071
+79149701569
+79147931118
+79140665869
+79147103730
+79146602903
+79143206378
+79841901964
+79841901885
+79147302319
+79147007114
+79841901983
+79140665897
+79841405428
+79146602184
+79147006856
+79841500964
