+79156008413
+79156009646
+79156010052
+79156012096
+79156013402
+79156013758
+79156014163
+79156015331
+79156015332
+79156016042
+79105700441
+79105700459
+79105700467
+79105702085
+79105702666
+79105703331
+79105703346
+79105705871
+79105706442
+79105709003
+79805613094
+79805616696
+79805619444
+79805620120
+79805621320
+79805621374
+79805623065
+79805623613
+79805623875
+79805624001
+79105605077
+79105608322
+79105609096
+79105609772
+79105610109
+79105610327
+79105610535
+79105610614
+79105611002
+79105611523
+79106102474
+79106102652
+79106103564
+79106105446
+79106106872
+79106106883
+79106106890
+79106106903
+79106106919
+79106107598
+79106102474
+79106102652
+79106103564
+79106105446
+79106106872
+79106106883
+79106106890
+79106106903
+79106106919
+79106107598
+79805613094
+79805616696
+79805619444
+79805620120
+79805621320
+79805621374
+79805623065
+79805623613
+79805623875
+79805624001
+79805613094
+79805616696
+79805619444
+79805620120
+79805621320
+79805621374
+79805623065
+79805623613
+79805623875
+79805624001
+79156008413
+79156009646
+79156010052
+79156012096
+79156013402
+79156013758
+79156014163
+79156015331
+79156015332
+79156016042
+79105036871
+79105036899
+79105036905
+79105036916
+79105036925
+79105036942
+79105036946
+79105036948
+79105036953
+79105036957
+79156008413
+79156009646
+79156010052
+79156012096
+79156013402
+79156013758
+79156014163
+79156015331
+79156015332
+79156016042
+79106102474
+79106102652
+79106103564
+79106105446
+79106106872
+79106106883
+79106106890
+79106106903
+79106106919
+79106107598
+79805613094
+79805616696
+79805619444
+79805620120
+79805621320
+79805621374
+79805623065
+79805623613
+79805623875
+79805624001
+79156001587
+79156003396
+79156003781
+79156003824
+79156003914
+79156004158
+79156004837
+79156005461
+79156005612
+79156200756
+79156200756
+79156201151
+79156202483
+79156202880
+79156203328
+79156204073
+79156208193
+79156208801
+79156209342
+79156210475
+79105700441
+79105700459
+79105700467
+79105702085
+79105702666
+79105703331
+79105703346
+79105705871
+79105706442
+79105709003
+79805080104
+79805085512
+79805089224
+79805089909
+79805091165
+79805095536
+79805099914
+79155954131
+79155954294
+79155954342
+79156008413
+79156009646
+79156010052
+79156012096
+79156013402
+79156013758
+79156014163
+79156015331
+79156015332
+79156016042
+79156200756
+79156201151
+79156202483
+79156202880
+79156203328
+79156204073
+79156208193
+79156208801
+79156209342
+79156210475
+79106203203
+79106206508
+79106206684
+79106206694
+79106206732
+79106206734
+79106206746
+79106206748
+79106206752
+79106206758
+79106312172
+79106312720
+79106312879
+79106313545
+79106313597
+79106314238
+79106314526
+79106315680
+79106315798
+79106315935
+79109007625
+79109007649
+79109008157
+79109008258
+79109009115
+79109009805
+79109010460
+79109010811
+79109011458
+79109011460
+79106203203
+79106206508
+79106206684
+79106206694
+79106206732
+79106206734
+79106206746
+79106206748
+79106206752
+79106206758
+79156008413
+79156009646
+79156010052
+79156012096
+79156013402
+79156013758
+79156014163
+79156015331
+79156015332
+79156016042
+79156103923
+79156106871
+79156112805
+79156112897
+79156115917
+79156116200
+79156116704
+79156116786
+79156116827
+79156117086
+79156103923
+79156106871
+79156112805
+79156112897
+79156115917
+79156116200
+79156116704
+79156116786
+79156116827
+79156117086
+79156103923
+79156106871
+79156112805
+79156112897
+79156115917
+79156116200
+79156116704
+79156116786
+79156116827
+79156117086
+79156103923
+79156106871
+79156112805
+79156112897
+79156115917
+79156116200
+79156116704
+79156116786
+79156116827
+79156117086
+79106413407
+79106413610
+79106413618
+79106414250
+79106414363
+79106415898
+79106416875
+79106417689
+79106419263
+79106420585
+79155954131
+79155954294
+79155954342
+79155954435
+79155955734
+79155956477
+79155957180
+79155958349
+79155959520
+79155960208
+79155954131
+79155954294
+79155954342
+79155954435
+79155955734
+79155956477
+79155957180
+79155958349
+79155959520
+79155960208
+79106102474
+79106102652
+79106103564
+79106105446
+79106106872
+79106106883
+79106106890
+79106106903
+79106106919
+79106107598
+79156008413
+79156009646
+79156010052
+79156012096
+79156013402
+79156013758
+79156014163
+79156015331
+79156015332
+79156016042
+79805012377
+79805012500
+79805012822
+79805016146
+79805016214
+79805016598
+79805016857
+79805017336
+79805017941
+79805018978
+79105605077
+79105608322
+79105609096
+79105609772
+79105610109
+79105610327
+79105610535
+79105610614
+79105611002
+79105611523
+79156008413
+79156009646
+79156010052
+79156012096
+79156013402
+79156013758
+79156014163
+79156015331
+79156015332
+79156016042
+79105700441
+79105700459
+79105700467
+79105702085
+79105702666
+79105703331
+79105703346
+79105705871
+79105706442
+79105709003
+79805613094
+79805616696
+79805619444
+79805620120
+79805621320
+79805621374
+79805623065
+79805623613
+79805623875
+79805624001
+79156200756
+79156201151
+79156202483
+79156202880
+79156203328
+79156204073
+79156208193
+79156208801
+79156209342
+79156210475
+79156200756
+79156201151
+79156202483
+79156202880
+79156203328
+79156204073
+79156208193
+79156208801
+79156209342
+79156210475
+79156008413
+79156009646
+79156010052
+79156012096
+79156013402
+79156013758
+79156014163
+79156015331
+79156015332
+79156016042
+79156103923
+79156106871
+79156112805
+79156112897
+79156115917
+79156116200
+79156116704
+79156116786
+79156116827
+79156117086
+79109007625
+79109007649
+79109008157
+79109008258
+79109009115
+79109009805
+79109010460
+79109010811
+79109011458
+79109011460
+79106312172
+79106312720
+79106312879
+79106313545
+79106313597
+79106314238
+79106314526
+79106315680
+79106315798
+79106315935
+79156200756
+79156201151
+79156202483
+79156202880
+79156203328
+79156204073
+79156208193
+79156208801
+79156209342
+79156210475
+79805012377
+79805012500
+79805012822
+79805016146
+79805016214
+79805016598
+79805016857
+79805017336
+79805017941
+79805018978
+79105605077
+79105608322
+79105609096
+79105609772
+79105610109
+79105610327
+79105610535
+79105610614
+79105611002
+79105611523
+79106312172
+79106312720
+79106312879
+79106313545
+79106313597
+79106314238
+79106314526
+79106315680
+79106315798
+79106315935
+79156103923
+79156106871
+79156112805
+79156112897
+79156115917
+79156116200
+79156116704
+79156116786
+79156116827
+79156117086
+79156008413
+79156009646
+79156010052
+79156012096
+79156013402
+79156013758
+79156014163
+79156015331
+79156015332
+79156016042
+79156008413
+79156009646
+79156010052
+79156012096
+79156013402
+79156013758
+79156014163
+79156015331
+79156015332
+79156016042
+79106203203
+79106206508
+79106206684
+79106206694
+79106206732
+79106206734
+79106206746
+79106206748
+79106206752
+79106206758
+79106413407
+79106413610
+79106413618
+79106414250
+79106414363
+79106415898
+79106416875
+79106417689
+79106419263
+79106420585
+79105605077
+79105608322
+79105609096
+79105609772
+79105610109
+79105610327
+79105610535
+79105610614
+79105611002
+79105611523
+79105700441
+79105700459
+79105700467
+79105702085
+79105702666
+79105703331
+79105703346
+79105705871
+79105706442
+79105709003
