+79142610389
+79142610631
+79142610744
+79142611271
+79142611357
+79142611835
+79142611865
+79142611874
+79142612275
+79142612279
+79841230741
+79841230853
+79841230976
+79841230997
+79841231041
+79841231045
+79841231047
+79841231048
+79841231049
+79841231050
+79142301265
+79142301380
+79142301468
+79142301538
+79142301549
+79142301558
+79142301562
+79142302169
+79142302174
+79142302177
+79142400412
+79142400421
+79142400423
+79142400426
+79142400438
+79142400439
+79142400452
+79142400453
+79142400456
+79142400457
+79142400412
+79142400421
+79142400423
+79142400426
+79142400438
+79142400439
+79142400452
+79142400453
+79142400456
+79142400457
+79148201506
+79148201513
+79148201519
+79148201521
+79148201523
+79148201524
+79148201526
+79148201528
+79148201529
+79148201530
+79142301265
+79142301380
+79142301468
+79142301538
+79142301549
+79142301558
+79142301562
+79142302169
+79142302174
+79142302177
+79148201506
+79148201513
+79148201519
+79148201521
+79148201523
+79148201524
+79148201526
+79148201528
+79148201529
+79148201530
+79142850183
+79142850223
+79142850345
+79142851106
+79142851108
+79142851627
+79142852305
+79142852596
+79142852610
+79142852611
+79142902063
+79142902064
+79142902069
+79142902076
+79142902078
+79142902154
+79142902182
+79142902195
+79142902197
+79142902278
+79841120261
+79841120279
+79841120496
+79841120581
+79841121493
+79841121537
+79841121646
+79841121669
+79841121671
+79841121673
+79141009533
+79141009534
+79141009536
+79141009539
+79141009540
+79141009541
+79141009542
+79141009543
+79141009547
+79141009550
+79142301265
+79142301380
+79142301468
+79142301538
+79142301549
+79142301558
+79142301562
+79142302169
+79142302174
+79142302177
+79142850183
+79142850223
+79142850345
+79142851106
+79142851108
+79142851627
+79142852305
+79142852596
+79142852610
+79142852611
+79841120261
+79841120279
+79841120496
+79841120581
+79841121493
+79841121537
+79841121646
+79841121669
+79841121671
+79841121673
+79142301265
+79142301380
+79142301468
+79142301538
+79142301549
+79142301558
+79142301562
+79142302169
+79142302174
+79142302177
+79142850183
+79142850223
+79142850345
+79142851106
+79142851108
+79142851627
+79142852305
+79142852596
+79142852610
+79142852611
+79141160350
+79141160722
+79141160723
+79141160724
+79141160725
+79141160729
+79141160731
+79141160732
+79141160733
+79141160734
+79142301265
+79142301380
+79142301468
+79142301538
+79142301549
+79142301558
+79142301562
+79142302169
+79142302174
+79142302177
+79142960165
+79142960237
+79142960375
+79142960472
+79142960489
+79142960495
+79142960739
+79142960774
+79142960778
+79142960783
+79143060450
+79143060653
+79143061156
+79143061168
+79143061281
+79143061377
+79143061379
+79143061541
+79143061830
+79143061841
+79141009533
+79141009534
+79141009536
+79141009539
+79141009540
+79141009541
+79141009542
+79141009543
+79141009547
+79141009550
+79142960165
+79142960237
+79142960375
+79142960472
+79142960489
+79142960495
+79142960739
+79142960774
+79142960778
+79142960783
+79142400412
+79142400421
+79142400423
+79142400426
+79142400438
+79142400439
+79142400452
+79142400453
+79142400456
+79142400457
+79841230741
+79841230853
+79841230976
+79841230997
+79841231041
+79841231045
+79841231047
+79841231048
+79841231049
+79841231050
+79142850183
+79142850223
+79142850345
+79142851106
+79142851108
+79142851627
+79142852305
+79142852596
+79142852610
+79142852611
+79141160350
+79141160722
+79141160723
+79141160724
+79141160725
+79141160729
+79141160731
+79141160732
+79141160733
+79141160734
+79142902063
+79142902064
+79142902069
+79142902076
+79142902078
+79142902154
+79142902182
+79142902195
+79142902197
+79142902278
+79141009533
+79141009534
+79141009536
+79141009539
+79141009540
+79141009541
+79141009542
+79141009543
+79141009547
+79141009550
+79143000574
+79143000694
+79143000859
+79143000861
+79143000871
+79143000893
+79143000895
+79143000897
+79143000912
+79143000913
+79142400412
+79142400421
+79142400423
+79142400426
+79142400438
+79142400439
+79142400452
+79142400453
+79142400456
+79142400457
+79841120261
+79841120279
+79841120496
+79841120581
+79841121493
+79841121537
+79841121646
+79841121669
+79841121671
+79841121673
+79841001426
+79841001630
+79841001634
+79841001637
+79841001638
+79841001640
+79841001643
+79841001657
+79841001663
+79841001667
+79141101668
+79141101783
+79141101798
+79141102019
+79141102329
+79141102338
+79141103129
+79141103237
+79141103384
+79141103460
+79142960165
+79142960237
+79142960375
+79142960472
+79142960489
+79142960495
+79142960739
+79142960774
+79142960778
+79142960783
+79142400412
+79142400421
+79142400423
+79142400426
+79142400438
+79142400439
+79142400452
+79142400453
+79142400456
+79142400457
+79142760594
+79142761206
+79142761207
+79142761523
+79142761631
+79142761692
+79142761726
+79142761764
+79142761820
+79142761876
+79141009533
+79141009534
+79141009536
+79141009539
+79141009540
+79141009541
+79141009542
+79141009543
+79141009547
+79141009550
+79841230741
+79841230853
+79841230976
+79841230997
+79841231041
+79841231045
+79841231047
+79841231048
+79841231049
+79841231050
+79143000574
+79143000694
+79143000859
+79143000861
+79143000871
+79143000893
+79143000895
+79143000897
+79143000912
+79143000913
+79141101668
+79141101783
+79141101798
+79141102019
+79141102329
+79141102338
+79141103129
+79141103237
+79141103384
+79141103460
+79841001426
+79841001630
+79841001634
+79841001637
+79841001638
+79841001640
+79841001643
+79841001657
+79841001663
+79841001667
+79841001426
+79841001630
+79841001634
+79841001637
+79841001638
+79841001640
+79841001643
+79841001657
+79841001663
+79841001667
+79142850183
+79142850223
+79142850345
+79142851106
+79142851108
+79142851627
+79142852305
+79142852596
+79142852610
+79142852611
+79143000574
+79143000694
+79143000859
+79143000861
+79143000871
+79143000893
+79143000895
+79143000897
+79143000912
+79143000913
+79148201506
+79148201513
+79148201519
+79148201521
+79148201523
+79148201524
+79148201526
+79148201528
+79148201529
+79148201530
+79142801176
+79142801263
+79142801289
+79142801290
+79142801308
+79142801309
+79142801316
+79142801317
+79142801319
+79142801320
+79148201506
+79148201513
+79148201519
+79148201521
+79148201523
+79148201524
+79148201526
+79148201528
+79148201529
+79148201530
+79142610389
+79142610631
+79142610744
+79142611271
+79142611357
+79142611835
+79142611865
+79142611874
+79142612275
+79142612279
+79142301265
+79142301380
+79142301468
+79142301538
+79142301549
+79142301558
+79142301562
+79142302169
+79142302174
+79142302177
+79142610389
+79142610631
+79142610744
+79142611271
+79142611357
+79142611835
+79142611865
+79142611874
+79142612275
+79142612279
+79141009533
+79141009534
+79141009536
+79141009539
+79141009540
+79141009541
+79141009542
+79141009543
+79141009547
+79141009550
+79841001426
+79841001630
+79841001634
+79841001637
+79841001638
+79841001640
+79841001643
+79841001657
+79841001663
+79841001667
+79143060450
+79143060653
+79143061156
+79143061168
+79143061281
+79143061377
+79143061379
+79143061541
+79143061830
+79143061841
+79142960165
+79142960237
+79142960375
+79142960472
+79142960489
+79142960495
+79142960739
+79142960774
+79142960778
+79142960783
+79142400412
+79142400421
+79142400423
+79142400426
+79142400438
+79142400439
+79142400452
+79142400453
+79142400456
+79142400457
+79141009533
+79141009534
+79141009536
+79141009539
+79141009540
+79141009541
+79141009542
+79141009543
+79141009547
+79141009550
+79142902063
+79142902064
+79142902069
+79142902076
+79142902078
+79142902154
+79142902182
+79142902195
+79142902197
+79142902278
+79841001426
+79841001630
+79841001634
+79841001637
+79841001638
+79841001640
+79841001643
+79841001657
+79841001663
+79841001667
+79142301265
+79142301380
+79142301468
+79142301538
+79142301549
+79142301558
+79142301562
+79142302169
+79142302174
+79142302177
+79142821076
+79142821084
+79142821087
+79142821093
+79142821096
+79142821097
+79142821098
+79142821101
+79142821102
+79142821103
+79141009533
+79141009534
+79141009536
+79141009539
+79141009540
+79141009541
+79141009542
+79141009543
+79141009547
+79141009550
+79141160350
+79141160722
+79141160723
+79141160724
+79141160725
+79141160729
+79141160731
+79141160732
+79141160733
+79141160734
+79841230741
+79841230853
+79841230976
+79841230997
+79841231041
+79841231045
+79841231047
+79841231048
+79841231049
+79841231050
+79142400412
+79142400421
+79142400423
+79142400426
+79142400438
+79142400439
+79142400452
+79142400453
+79142400456
+79142400457
+79142801176
+79142801263
+79142801289
+79142801290
+79142801308
+79142801309
+79142801316
+79142801317
+79142801319
+79142801320
+79841001426
+79841001630
+79841001634
+79841001637
+79841001638
+79841001640
+79841001643
+79841001657
+79841001663
+79841001667
+79142821076
+79142821084
+79142821087
+79142821093
+79142821096
+79142821097
+79142821098
+79142821101
+79142821102
+79142821103
+79841230741
+79841230853
+79841230976
+79841230997
+79841231041
+79841231045
+79841231047
+79841231048
+79841231049
+79841231050
+79141101668
+79141101783
+79141101798
+79141102019
+79141102329
+79141102338
+79141103129
+79141103237
+79141103384
+79141103460
+79142960165
+79142960237
+79142960375
+79142960472
+79142960489
+79142960495
+79142960739
+79142960774
+79142960778
+79142960783
+79141101668
+79141101783
+79141101798
+79141102019
+79141102329
+79141102338
+79141103129
+79141103237
+79141103384
+79141103460
+79142610389
+79142610631
+79142610744
+79142611271
+79142611357
+79142611835
+79142611865
+79142611874
+79142612275
+79142612279
+79142850183
+79142850223
+79142850345
+79142851106
+79142851108
+79142851627
+79142852305
+79142852596
+79142852610
+79142852611
+79143000574
+79143000694
+79143000859
+79143000861
+79143000871
+79143000893
+79143000895
+79143000897
+79143000912
+79143000913
+79142960165
+79142960237
+79142960375
+79142960472
+79142960489
+79142960495
+79142960739
+79142960774
+79142960778
+79142960783
+79142200039
+79142200657
+79142200871
+79142200953
+79142201056
+79142201245
+79142201251
+79142201258
+79142201268
+79142201294
+79142902063
+79142902064
+79142902069
+79142902076
+79142902078
+79142902154
+79142902182
+79142902195
+79142902197
+79142902278
+79142760594
+79142761206
+79142761207
+79142761523
+79142761631
+79142761692
+79142761726
+79142761764
+79142761820
+79142761876
+79142902063
+79142902064
+79142902069
+79142902076
+79142902078
+79142902154
+79142902182
+79142902195
+79142902197
+79142902278
+79141160350
+79141160722
+79141160723
+79141160724
+79141160725
+79141160729
+79141160731
+79141160732
+79141160733
+79141160734
+79142610389
+79142610631
+79142610744
+79142611271
+79142611357
+79142611835
+79142611865
+79142611874
+79142612275
+79142612279
+79142200039
+79142200657
+79142200871
+79142200953
+79142201056
+79142201245
+79142201251
+79142201258
+79142201268
+79142201294
+79841120261
+79841120279
+79841120496
+79841120581
+79841121493
+79841121537
+79841121646
+79841121669
+79841121671
+79841121673
+79148201019
+79148201506
+79148201513
+79148201519
+79148201521
+79148201523
+79148201524
+79148201526
+79148201528
+79148201529
+79142760594
+79142761206
+79142761207
+79142761523
+79142761631
+79142761692
+79142761726
+79142761764
+79142761820
+79142761876
+79841001426
+79841001630
+79841001634
+79841001637
+79841001638
+79841001640
+79841001643
+79841001657
+79841001663
+79841001667
+79143000574
+79143000694
+79143000859
+79143000861
+79143000871
+79143000893
+79143000895
+79143000897
+79143000912
+79143000913
+79142610389
+79142610631
+79142610744
+79142611271
+79142611357
+79142611835
+79142611865
+79142611874
+79142612275
+79142612279
+79143060450
+79143060653
+79143061156
+79143061168
+79143061281
+79143061377
+79143061379
+79143061541
+79143061830
+79143061841
+79141160350
+79141160722
+79141160723
+79141160724
+79141160725
+79141160729
+79141160731
+79141160732
+79141160733
+79141160734
+79841001426
+79841001630
+79841001634
+79841001637
+79841001638
+79841001640
+79841001643
+79841001657
+79841001663
+79841001667
+79141101668
+79141101783
+79141101798
+79141102019
+79141102329
+79141102338
+79141103129
+79141103237
+79141103384
+79141103460
+79142200039
+79142200657
+79142200871
+79142200953
+79142201056
+79142201245
+79142201251
+79142201258
+79142201268
+79142201294
+79141009533
+79141009534
+79141009536
+79141009539
+79141009540
+79141009541
+79141009542
+79141009543
+79141009547
+79141009550
+79142200039
+79142200657
+79142200871
+79142200953
+79142201056
+79142201245
+79142201251
+79142201258
+79142201268
+79142201294
+79142760594
+79142761206
+79142761207
+79142761523
+79142761631
+79142761692
+79142761726
+79142761764
+79142761820
+79142761876
+79142821076
+79142821084
+79142821087
+79142821093
+79142821096
+79142821097
+79142821098
+79142821101
+79142821102
+79142821103
+79143000574
+79143000694
+79143000859
+79143000861
+79143000871
+79143000893
+79143000895
+79143000897
+79143000912
+79143000913
+79142400412
+79142400421
+79142400423
+79142400426
+79142400438
+79142400439
+79142400452
+79142400453
+79142400456
+79142400457
+79142610389
+79142610631
+79142610744
+79142611271
+79142611357
+79142611835
+79142611865
+79142611874
+79142612275
+79142612279
+79142902063
+79142902064
+79142902069
+79142902076
+79142902078
+79142902154
+79142902182
+79142902195
+79142902197
+79142902278
+79141160350
+79141160722
+79141160723
+79141160724
+79141160725
+79141160729
+79141160731
+79141160732
+79141160733
+79141160734
+79142400412
+79142400421
+79142400423
+79142400426
+79142400438
+79142400439
+79142400452
+79142400453
+79142400456
+79142400457
+79143060450
+79143060653
+79143061156
+79143061168
+79143061281
+79143061377
+79143061379
+79143061541
+79143061830
+79143061841
+79142301265
+79142301380
+79142301468
+79142301538
+79142301549
+79142301558
+79142301562
+79142302169
+79142302174
+79142302177
+79142200039
+79142200657
+79142200871
+79142200953
+79142201056
+79142201245
+79142201251
+79142201258
+79142201268
+79142201294
+79142400412
+79142400421
+79142400423
+79142400426
+79142400438
+79142400439
+79142400452
+79142400453
+79142400456
+79142400457
+79143060450
+79143060653
+79143061156
+79143061168
+79143061281
+79143061377
+79143061379
+79143061541
+79143061830
+79143061841
+79141101668
+79141101783
+79141101798
+79141102019
+79141102329
+79141102338
+79141103129
+79141103237
+79141103384
+79141103460
+79142801176
+79142801263
+79142801289
+79142801290
+79142801308
+79142801309
+79142801316
+79142801317
+79142801319
+79142801320
+79141160350
+79141160722
+79141160723
+79141160724
+79141160725
+79141160729
+79141160731
+79141160732
+79141160733
+79141160734
+79141160350
+79141160722
+79141160723
+79141160724
+79141160725
+79141160729
+79141160731
+79141160732
+79141160733
+79141160734
+79142610389
+79142610631
+79142610744
+79142611271
+79142611357
+79142611835
+79142611865
+79142611874
+79142612275
+79142612279
+79141160350
+79141160722
+79141160723
+79141160724
+79141160725
+79141160729
+79141160731
+79141160732
+79141160733
+79141160734
+79841001426
+79841001630
+79841001634
+79841001637
+79841001638
+79841001640
+79841001643
+79841001657
+79841001663
+79841001667
+79143000574
+79143000694
+79143000859
+79143000861
+79143000871
+79143000893
+79143000895
+79143000897
+79143000912
+79143000913
+79142200039
+79142200657
+79142200871
+79142200953
+79142201056
+79142201245
+79142201251
+79142201258
+79142201268
+79142201294
+79142400412
+79142400421
+79142400423
+79142400426
+79142400438
+79142400439
+79142400452
+79142400453
+79142400456
+79142400457
+79841230741
+79841230853
+79841230976
+79841230997
+79841231041
+79841231045
+79841231047
+79841231048
+79841231049
+79841231050
+79841001426
+79841001630
+79841001634
+79841001637
+79841001638
+79841001640
+79841001643
+79841001657
+79841001663
+79841001667
+79841120261
+79841120279
+79841120496
+79841120581
+79841121493
+79841121537
+79841121646
+79841121669
+79841121671
+79841121673
+79141009533
+79141009534
+79141009536
+79141009539
+79141009540
+79141009541
+79141009542
+79141009543
+79141009547
+79141009550
+79142301265
+79142301380
+79142301468
+79142301538
+79142301549
+79142301558
+79142301562
+79142302169
+79142302174
+79142302177
+79143000574
+79143000694
+79143000859
+79143000861
+79143000871
+79143000893
+79143000895
+79143000897
+79143000912
+79143000913
+79142200039
+79142200657
+79142200871
+79142200953
+79142201056
+79142201245
+79142201251
+79142201258
+79142201268
+79142201294
+79143000574
+79143000694
+79143000859
+79143000861
+79143000871
+79143000893
+79143000895
+79143000897
+79143000912
+79143000913
+79143000574
+79143000694
+79143000859
+79143000861
+79143000871
+79143000893
+79143000895
+79143000897
+79143000912
+79143000913
+79142301265
+79142301380
+79142301468
+79142301538
+79142301549
+79142301558
+79142301562
+79142302169
+79142302174
+79142302177
+79142821076
+79142821084
+79142821087
+79142821093
+79142821096
+79142821097
+79142821098
+79142821101
+79142821102
+79142821103
+79142902063
+79142902064
+79142902069
+79142902076
+79142902078
+79142902154
+79142902182
+79142902195
+79142902197
+79142902278
+79841120261
+79841120279
+79841120496
+79841120581
+79841121493
+79841121537
+79841121646
+79841121669
+79841121671
+79841121673
+79142960165
+79142960237
+79142960375
+79142960472
+79142960489
+79142960495
+79142960739
+79142960774
+79142960778
+79142960783
+79841230487
+79841230741
+79841230853
+79841230976
+79841230997
+79841231041
+79841231045
+79841231047
+79841231048
+79841231049
+79143060450
+79143060653
+79143061156
+79143061168
+79143061281
+79143061377
+79143061379
+79143061541
+79143061830
+79143061841
+79142821076
+79142821084
+79142821087
+79142821093
+79142821096
+79142821097
+79142821098
+79142821101
+79142821102
+79142821103
+79141009533
+79141009534
+79141009536
+79141009539
+79141009540
+79141009541
+79141009542
+79141009543
+79141009547
+79141009550
+79142200039
+79142200657
+79142200871
+79142200953
+79142201056
+79142201245
+79142201251
+79142201258
+79142201268
+79142201294
+79143060450
+79143060653
+79143061156
+79143061168
+79143061281
+79143061377
+79143061379
+79143061541
+79143061830
+79143061841
+79141160350
+79141160722
+79141160723
+79141160724
+79141160725
+79141160729
+79141160731
+79141160732
+79141160733
+79141160734
+79142200039
+79142200657
+79142200871
+79142200953
+79142201056
+79142201245
+79142201251
+79142201258
+79142201268
+79142201294
+79141009533
+79141009534
+79141009536
+79141009539
+79141009540
+79141009541
+79141009542
+79141009543
+79141009547
+79141009550
+79141101668
+79141101783
+79141101798
+79141102019
+79141102329
+79141102338
+79141103129
+79141103237
+79141103384
+79141103460
+79141101668
+79141101783
+79141101798
+79141102019
+79141102329
+79141102338
+79141103129
+79141103237
+79141103384
+79141103460
+79141160350
+79141160722
+79141160723
+79141160724
+79141160725
+79141160729
+79141160731
+79141160732
+79141160733
+79141160734
+79142610389
+79142610631
+79142610744
+79142611271
+79142611357
+79142611835
+79142611865
+79142611874
+79142612275
+79142612279
+79142301265
+79142301380
+79142301468
+79142301538
+79142301549
+79142301558
+79142301562
+79142302169
+79142302174
+79142302177
+79142850183
+79142850223
+79142850345
+79142851106
+79142851108
+79142851627
+79142852305
+79142852596
+79142852610
+79142852611
+79142200039
+79142200657
+79142200871
+79142200953
+79142201056
+79142201245
+79142201251
+79142201258
+79142201268
+79142201294
+79841230487
+79841230741
+79841230853
+79841230976
+79841230997
+79841231041
+79841231045
+79841231047
+79841231048
+79841231049
+79141160350
+79141160722
+79141160723
+79141160724
+79141160725
+79141160729
+79141160731
+79141160732
+79141160733
+79141160734
+79143000574
+79143000694
+79143000859
+79143000861
+79143000871
+79143000893
+79143000895
+79143000897
+79143000912
+79143000913
+79841001426
+79841001630
+79841001634
+79841001637
+79841001638
+79841001640
+79841001643
+79841001657
+79841001663
+79841001667
+79142821076
+79142821084
+79142821087
+79142821093
+79142821096
+79142821097
+79142821098
+79142821101
+79142821102
+79142821103
+79142850183
+79142850223
+79142850345
+79142851106
+79142851108
+79142851627
+79142852305
+79142852596
+79142852610
+79142852611
+79142200039
+79142200657
+79142200871
+79142200953
+79142201056
+79142201245
+79142201251
+79142201258
+79142201268
+79142201294
