+79873700653
+79873700738
+79873700949
+79873700979
+79873700981
+79873701009
+79873701108
+79873701211
+79873702027
+79873702072
+79873500379
+79873500846
+79873500918
+79873503769
+79873503772
+79873503796
+79873503800
+79873503805
+79873503810
+79873503817
+79869800023
+79869800270
+79869800431
+79869800483
+79869800531
+79869800543
+79869800681
+79869800799
+79869800893
+79869801113
+79869901946
+79869902033
+79869904021
+79869904232
+79869905379
+79869905400
+79869905418
+79869905466
+79869906151
+79869906292
+79873000795
+79873001091
+79873001179
+79873001192
+79873001198
+79873001294
+79873001378
+79873001418
+79873001421
+79873001423
+79172000179
+79172000324
+79172002537
+79172002730
+79172002780
+79172003499
+79172003550
+79172003576
+79172003610
+79172004106
+79173200619
+79173204827
+79173204856
+79173204888
+79173204897
+79173204921
+79173204933
+79173204971
+79173204999
+79173205074
+79873301034
+79873301126
+79873301252
+79873301275
+79873301495
+79873301560
+79873301679
+79873301926
+79873301960
+79873302015
+79878002978
+79878002990
+79878003123
+79878003138
+79878003271
+79878003365
+79878003485
+79878003622
+79878003628
+79878003678
+79873301034
+79873301126
+79873301252
+79873301275
+79873301495
+79873301560
+79873301679
+79873301926
+79873301960
+79873302015
+79878200526
+79878200643
+79878200647
+79878200652
+79878200696
+79878200715
+79878200753
+79878200862
+79878200959
+79878200984
+79873500379
+79873500846
+79873500918
+79873503769
+79873503772
+79873503796
+79873503800
+79873503805
+79873503810
+79873503817
+79873100462
+79873100470
+79873100480
+79873100492
+79873100493
+79873100494
+79873100495
+79873100499
+79873100504
+79873100506
+79173000791
+79173000866
+79173002117
+79173003961
+79173004275
+79173004402
+79173004704
+79173005903
+79173006551
+79173006649
+79198200701
+79198200712
+79198200741
+79198200886
+79198200890
+79198201051
+79198201213
+79198201601
+79198201634
+79198201663
+79173000791
+79173000866
+79173002117
+79173003961
+79173004275
+79173004402
+79173004704
+79173005903
+79173006551
+79173006649
+79873212916
+79873218886
+79873218906
+79873218949
+79873218954
+79873218966
+79873218976
+79873219014
+79873219018
+79873219023
+79172100426
+79172100460
+79172100896
+79172101375
+79172101613
+79172101677
+79172102276
+79172102297
+79172102298
+79172102306
+79173200619
+79173204827
+79173204856
+79173204888
+79173204897
+79173204921
+79173204933
+79173204971
+79173204999
+79173205074
+79873100462
+79873100470
+79873100480
+79873100492
+79873100493
+79873100494
+79873100495
+79873100499
+79873100504
+79873100506
+79173000791
+79173000866
+79173002117
+79173003961
+79173004275
+79173004402
+79173004704
+79173005903
+79173006551
+79173006649
+79179801725
+79179802192
+79179803537
+79179803546
+79179803551
+79179803565
+79179803588
+79179803598
+79179803628
+79179803644
+79873212916
+79873218886
+79873218906
+79873218949
+79873218954
+79873218966
+79873218976
+79873219014
+79873219018
+79873219023
+79179801725
+79179802192
+79179803537
+79179803546
+79179803551
+79179803565
+79179803588
+79179803598
+79179803628
+79179803644
+79179801725
+79179802192
+79179803537
+79179803546
+79179803551
+79179803565
+79179803588
+79179803598
+79179803628
+79179803644
+79172000179
+79172000324
+79172002537
+79172002730
+79172002780
+79172003499
+79172003550
+79172003576
+79172003610
+79172004106
+79878300351
+79878300432
+79878300524
+79878300576
+79878300580
+79878300582
+79878300584
+79878300586
+79878300590
+79878300602
+79172100426
+79172100460
+79172100896
+79172101375
+79172101613
+79172101677
+79172102276
+79172102297
+79172102298
+79172102306
+79873000795
+79873001091
+79873001179
+79873001192
+79873001198
+79873001294
+79873001378
+79873001418
+79873001421
+79873001423
+79873301034
+79873301126
+79873301252
+79873301275
+79873301495
+79873301560
+79873301679
+79873301926
+79873301960
+79873302015
+79873603798
+79873606242
+79873607947
+79873609157
+79873610205
+79873610723
+79873611243
+79873611250
+79873611256
+79873611270
+79198200701
+79198200712
+79198200741
+79198200886
+79198200890
+79198201051
+79198201213
+79198201601
+79198201634
+79198201663
+79869800023
+79869800270
+79869800431
+79869800483
+79869800531
+79869800543
+79869800681
+79869800893
+79869801113
+79869801114
+79873800384
+79873800468
+79873800509
+79873800678
+79873800731
+79873800765
+79873800891
+79873800911
+79873800921
+79873800922
+79873800384
+79873800468
+79873800509
+79873800678
+79873800731
+79873800765
+79873800891
+79873800911
+79873800921
+79873800922
+79869800023
+79869800270
+79869800431
+79869800483
+79869800531
+79869800543
+79869800681
+79869800893
+79869801113
+79869801114
+79873100462
+79873100470
+79873100480
+79873100492
+79873100493
+79873100494
+79873100495
+79873100504
+79873100506
+79873100508
+79873301034
+79873301126
+79873301252
+79873301275
+79873301495
+79873301560
+79873301679
+79873301926
+79873301960
+79873302015
+79170231732
+79170231734
+79170231737
+79170231738
+79170231739
+79170231742
+79170231743
+79170231749
+79170231753
+79170231757
+79173100845
+79173101258
+79173101587
+79173101593
+79173101612
+79173102237
+79173102317
+79173103147
+79173103229
+79173103258
+79873603798
+79873606242
+79873607947
+79873609157
+79873610205
+79873610723
+79873611243
+79873611250
+79873611256
+79873611270
+79173000791
+79173000866
+79173002117
+79173003961
+79173004275
+79173004402
+79173004704
+79173005903
+79173006551
+79173006649
+79869800023
+79869800270
+79869800431
+79869800483
+79869800531
+79869800543
+79869800681
+79869800893
+79869801113
+79869801114
+79873000795
+79873001091
+79873001179
+79873001192
+79873001198
+79873001294
+79873001378
+79873001418
+79873001421
+79873001423
+79873700653
+79873700738
+79873700949
+79873700979
+79873700981
+79873701009
+79873701108
+79873701211
+79873702027
+79873702072
+79179801725
+79179802192
+79179803537
+79179803546
+79179803551
+79179803565
+79179803588
+79179803598
+79179803628
+79179803644
+79869800023
+79869800270
+79869800431
+79869800483
+79869800531
+79869800543
+79869800681
+79869800893
+79869801113
+79869801114
+79869800023
+79869800270
+79869800431
+79869800483
+79869800531
+79869800543
+79869800681
+79869800893
+79869801113
+79869801114
+79172000179
+79172000324
+79172002537
+79172002730
+79172002780
+79172003499
+79172003550
+79172003576
+79172003610
+79172004106
+79179801725
+79179802192
+79179803537
+79179803546
+79179803551
+79179803565
+79179803588
+79179803598
+79179803628
+79179803644
+79173000791
+79173000866
+79173002117
+79173003961
+79173004275
+79173004402
+79173004704
+79173005903
+79173006551
+79173006649
+79198301777
+79198301989
+79198303565
+79198304095
+79198305234
+79198306482
+79198307263
+79198307276
+79198307277
+79198307281
+79878300351
+79878300432
+79878300524
+79878300576
+79878300580
+79878300582
+79878300584
+79878300586
+79878300590
+79878300602
+79873603798
+79873606242
+79873607947
+79873609157
+79873610205
+79873610723
+79873611243
+79873611250
+79873611256
+79873611270
+79173100845
+79173101258
+79173101587
+79173101593
+79173101612
+79173102237
+79173102317
+79173103147
+79173103229
+79173103258
+79873603798
+79873606242
+79873607947
+79873609157
+79873610205
+79873610723
+79873611243
+79873611250
+79873611256
+79873611270
+79873603798
+79873606242
+79873607947
+79873609157
+79873610205
+79873610723
+79873611243
+79873611250
+79873611256
+79873611270
+79873100462
+79873100470
+79873100480
+79873100492
+79873100493
+79873100494
+79873100495
+79873100504
+79873100506
+79873100508
+79172000179
+79172000324
+79172002537
+79172002730
+79172002780
+79172003499
+79172003550
+79172003576
+79172003610
+79172004106
+79873000795
+79873001091
+79873001179
+79873001192
+79873001198
+79873001294
+79873001378
+79873001418
+79873001421
+79873001423
+79869901946
+79869902033
+79869904021
+79869904232
+79869905379
+79869905400
+79869905418
+79869905466
+79869906151
+79869906292
+79873800384
+79873800468
+79873800509
+79873800678
+79873800731
+79873800765
+79873800891
+79873800911
+79873800921
+79873800922
+79873800384
+79873800468
+79873800509
+79873800678
+79873800731
+79873800765
+79873800891
+79873800911
+79873800921
+79873800922
+79173100845
+79173101258
+79173101587
+79173101593
+79173101612
+79173102237
+79173102317
+79173103147
+79173103229
+79173103258
+79173000791
+79173000866
+79173002117
+79173003961
+79173004275
+79173004402
+79173004704
+79173005903
+79173006551
+79173006649
+79173100845
+79173101258
+79173101587
+79173101593
+79173101612
+79173102237
+79173102317
+79173103147
+79173103229
+79173103258
+79878002978
+79878002990
+79878003123
+79878003138
+79878003271
+79878003365
+79878003485
+79878003622
+79878003628
+79878003678
+79873000795
+79873001091
+79873001179
+79873001192
+79873001198
+79873001294
+79873001378
+79873001418
+79873001421
+79873001423
+79873800384
+79873800468
+79873800509
+79873800678
+79873800731
+79873800765
+79873800891
+79873800911
+79873800921
+79873800922
+79873301034
+79873301126
+79873301252
+79873301275
+79873301495
+79873301560
+79873301679
+79873301926
+79873301960
+79873302015
+79873000795
+79873001091
+79873001179
+79873001192
+79873001198
+79873001294
+79873001378
+79873001418
+79873001421
+79873001423
+79172100426
+79172100460
+79172100896
+79172101375
+79172101613
+79172101677
+79172102276
+79172102297
+79172102298
+79172102306
+79173100845
+79173101258
+79173101587
+79173101593
+79173101612
+79173102237
+79173102317
+79173103147
+79173103229
+79173103258
+79873100462
+79873100470
+79873100480
+79873100492
+79873100493
+79873100494
+79873100495
+79873100504
+79873100506
+79873100508
+79170231734
+79170231737
+79170231738
+79170231739
+79170231742
+79170231743
+79170231749
+79170231753
+79170231757
+79170231760
+79878002978
+79878002990
+79878003123
+79878003138
+79878003271
+79878003365
+79878003485
+79878003622
+79878003628
+79878003678
+79170231734
+79170231737
+79170231738
+79170231739
+79170231742
+79170231743
+79170231749
+79170231753
+79170231757
+79170231760
+79170231734
+79170231737
+79170231738
+79170231739
+79170231742
+79170231743
+79170231749
+79170231753
+79170231757
+79170231760
+79172000179
+79172000324
+79172002537
+79172002730
+79172002780
+79172003499
+79172003550
+79172003576
+79172003610
+79172004106
+79873800384
+79873800468
+79873800509
+79873800678
+79873800731
+79873800765
+79873800891
+79873800911
+79873800921
+79873800922
+79179801725
+79179802192
+79179803537
+79179803546
+79179803551
+79179803565
+79179803588
+79179803598
+79179803628
+79179803644
+79198200701
+79198200712
+79198200741
+79198200886
+79198200890
+79198201051
+79198201213
+79198201601
+79198201634
+79198201663
+79173000791
+79173000866
+79173002117
+79173003961
+79173004275
+79173004402
+79173004704
+79173005903
+79173006551
+79173006649
+79172100426
+79172100460
+79172100896
+79172101375
+79172101613
+79172101677
+79172102276
+79172102297
+79172102298
+79172102306
+79172000179
+79172000324
+79172002537
+79172002730
+79172002780
+79172003499
+79172003550
+79172003576
+79172003610
+79172004106
+79873700653
+79873700738
+79873700949
+79873700979
+79873700981
+79873701009
+79873701108
+79873701211
+79873702027
+79873702072
+79873100462
+79873100470
+79873100480
+79873100492
+79873100493
+79873100494
+79873100495
+79873100504
+79873100506
+79873100508
+79878300351
+79878300432
+79878300524
+79878300576
+79878300580
+79878300582
+79878300584
+79878300586
+79878300590
+79878300602
+79878100711
+79878100828
+79878100967
+79878101238
+79878101402
+79878101579
+79878101708
+79878101842
+79878101886
+79878101909
+79873700653
+79873700738
+79873700949
+79873700979
+79873700981
+79873701009
+79873701108
+79873701211
+79873702027
+79873702072
+79172000179
+79172000324
+79172002537
+79172002730
+79172002780
+79172003499
+79172003550
+79172003576
+79172003610
+79172004106
+79173000791
+79173000866
+79173002117
+79173003961
+79173004275
+79173004402
+79173004704
+79173005903
+79173006551
+79173006649
+79198200701
+79198200712
+79198200741
+79198200886
+79198200890
+79198201051
+79198201213
+79198201601
+79198201634
+79198201663
+79873301034
+79873301126
+79873301252
+79873301275
+79873301495
+79873301560
+79873301679
+79873301926
+79873301960
+79873302015
+79172000179
+79172000324
+79172002537
+79172002730
+79172002780
+79172003499
+79172003550
+79172003576
+79172003610
+79172004106
+79172100426
+79172100460
+79172100896
+79172101375
+79172101613
+79172101677
+79172102276
+79172102297
+79172102298
+79172102306
+79873500379
+79873500846
+79873500918
+79873503769
+79873503772
+79873503796
+79873503800
+79873503805
+79873503810
+79873503817
+79873301034
+79873301126
+79873301252
+79873301275
+79873301495
+79873301560
+79873301679
+79873301926
+79873301960
+79873302015
+79173100845
+79173101258
+79173101587
+79173101593
+79173101612
+79173102237
+79173102317
+79173103147
+79173103229
+79173103258
+79878200526
+79878200643
+79878200647
+79878200652
+79878200696
+79878200715
+79878200753
+79878200862
+79878200959
+79878200984
+79873603798
+79873606242
+79873607947
+79873609157
+79873610205
+79873610723
+79873611243
+79873611250
+79873611256
+79873611270
+79170231732
+79170231734
+79170231737
+79170231738
+79170231739
+79170231742
+79170231743
+79170231749
+79170231753
+79170231757
+79170231732
+79170231734
+79170231737
+79170231738
+79170231739
+79170231742
+79170231743
+79170231749
+79170231753
+79170231757
+79198200701
+79198200712
+79198200741
+79198200886
+79198200890
+79198201051
+79198201213
+79198201601
+79198201634
+79198201663
+79173200619
+79173204827
+79173204856
+79173204888
+79173204897
+79173204921
+79173204933
+79173204971
+79173204999
+79173205074
+79878300351
+79878300432
+79878300524
+79878300576
+79878300580
+79878300582
+79878300584
+79878300586
+79878300590
+79878300602
+79878002922
+79878002978
+79878002990
+79878003123
+79878003138
+79878003271
+79878003365
+79878003485
+79878003622
+79878003628
+79869800023
+79869800270
+79869800431
+79869800483
+79869800531
+79869800543
+79869800681
+79869800893
+79869801113
+79869801114
+79173200619
+79173204827
+79173204856
+79173204888
+79173204897
+79173204921
+79173204933
+79173204971
+79173204999
+79173205074
+79873301034
+79873301126
+79873301252
+79873301275
+79873301495
+79873301560
+79873301679
+79873301926
+79873301960
+79873302015
+79873700653
+79873700738
+79873700949
+79873700979
+79873700981
+79873701009
+79873701108
+79873701211
+79873702027
+79873702072
+79873603798
+79873606242
+79873607947
+79873609157
+79873610205
+79873610723
+79873611243
+79873611250
+79873611256
+79873611270
+79873000795
+79873001091
+79873001179
+79873001192
+79873001198
+79873001294
+79873001378
+79873001418
+79873001421
+79873001423
+79172100426
+79172100460
+79172100896
+79172101375
+79172101613
+79172101677
+79172102276
+79172102297
+79172102298
+79172102306
+79198301777
+79198301989
+79198303565
+79198304095
+79198305234
+79198306482
+79198307263
+79198307276
+79198307277
+79198307281
+79873301034
+79873301126
+79873301252
+79873301275
+79873301495
+79873301560
+79873301679
+79873301926
+79873301960
+79873302015
+79172000179
+79172000324
+79172002537
+79172002730
+79172002780
+79172003499
+79172003550
+79172003576
+79172003610
+79172004106
+79172100426
+79172100460
+79172100896
+79172101375
+79172101613
+79172101677
+79172102276
+79172102297
+79172102298
+79172102306
+79873700653
+79873700738
+79873700949
+79873700979
+79873700981
+79873701009
+79873701108
+79873701211
+79873702027
+79873702072
+79873800384
+79873800468
+79873800509
+79873800678
+79873800731
+79873800765
+79873800891
+79873800911
+79873800921
+79873800922
+79873212916
+79873218886
+79873218906
+79873218949
+79873218954
+79873218966
+79873218976
+79873219014
+79873219018
+79873219023
+79173000791
+79173000866
+79173002117
+79173003961
+79173004275
+79173004402
+79173004704
+79173005903
+79173006551
+79173006649
+79873700653
+79873700738
+79873700949
+79873700979
+79873700981
+79873701009
+79873701108
+79873701211
+79873702027
+79873702072
+79873800384
+79873800468
+79873800509
+79873800678
+79873800731
+79873800765
+79873800891
+79873800911
+79873800921
+79873800922
+79873603798
+79873606242
+79873607947
+79873609157
+79873610205
+79873610723
+79873611243
+79873611250
+79873611256
+79873611270
+79873700653
+79873700738
+79873700949
+79873700979
+79873700981
+79873701009
+79873701108
+79873701211
+79873702027
+79873702072
+79873301034
+79873301126
+79873301252
+79873301275
+79873301495
+79873301560
+79873301679
+79873301926
+79873301960
+79873302015
+79198200701
+79198200712
+79198200741
+79198200886
+79198200890
+79198201051
+79198201213
+79198201601
+79198201634
+79198201663
+79873700653
+79873700738
+79873700949
+79873700979
+79873700981
+79873701009
+79873701108
+79873701211
+79873702027
+79873702072
+79873000795
+79873001091
+79873001179
+79873001192
+79873001198
+79873001294
+79873001378
+79873001418
+79873001421
+79873001423
+79873000795
+79873001091
+79873001179
+79873001192
+79873001198
+79873001294
+79873001378
+79873001418
+79873001421
+79873001423
+79198301777
+79198301989
+79198303565
+79198304095
+79198305234
+79198306482
+79198307263
+79198307276
+79198307277
+79198307281
+79172000179
+79172000324
+79172002537
+79172002730
+79172002780
+79172003499
+79172003550
+79172003576
+79172003610
+79172004106
+79873000795
+79873001091
+79873001179
+79873001192
+79873001198
+79873001294
+79873001378
+79873001418
+79873001421
+79873001423
+79873100462
+79873100470
+79873100480
+79873100492
+79873100493
+79873100494
+79873100495
+79873100499
+79873100504
+79873100506
+79873603798
+79873606242
+79873607947
+79873609157
+79873610205
+79873610723
+79873611243
+79873611250
+79873611256
+79873611270
+79173200619
+79173204827
+79173204856
+79173204888
+79173204897
+79173204921
+79173204933
+79173204971
+79173204999
+79173205074
+79170231732
+79170231734
+79170231737
+79170231738
+79170231739
+79170231742
+79170231743
+79170231749
+79170231753
+79170231757
+79873603798
+79873606242
+79873607947
+79873609157
+79873610205
+79873610723
+79873611243
+79873611250
+79873611256
+79873611270
+79173100845
+79173101258
+79173101587
+79173101593
+79173101612
+79173102237
+79173102317
+79173103147
+79173103229
+79173103258
+79873700653
+79873700738
+79873700949
+79873700979
+79873700981
+79873701009
+79873701108
+79873701211
+79873702027
+79873702072
+79173200619
+79173204827
+79173204856
+79173204888
+79173204897
+79173204921
+79173204933
+79173204971
+79173204999
+79173205074
+79173000791
+79173000866
+79173002117
+79173003961
+79173004275
+79173004402
+79173004704
+79173005903
+79173006551
+79173006649
+79873500379
+79873500846
+79873500918
+79873503769
+79873503772
+79873503796
+79873503800
+79873503805
+79873503810
+79873503817
+79878300351
+79878300432
+79878300524
+79878300576
+79878300580
+79878300582
+79878300584
+79878300586
+79878300590
+79878300602
+79878100711
+79878100828
+79878100967
+79878101238
+79878101402
+79878101579
+79878101708
+79878101842
+79878101886
+79878101909
+79198200701
+79198200712
+79198200741
+79198200886
+79198200890
+79198201051
+79198201213
+79198201601
+79198201634
+79198201663
+79179801725
+79179802192
+79179803537
+79179803546
+79179803551
+79179803565
+79179803588
+79179803598
+79179803628
+79179803644
+79172100426
+79172100460
+79172100896
+79172101375
+79172101613
+79172101677
+79172102276
+79172102297
+79172102298
+79172102306
+79173200619
+79173204827
+79173204856
+79173204888
+79173204897
+79173204921
+79173204933
+79173204971
+79173204999
+79173205074
+79172000179
+79172000324
+79172002537
+79172002730
+79172002780
+79172003499
+79172003550
+79172003576
+79172003610
+79172004106
+79873000795
+79873001091
+79873001179
+79873001192
+79873001198
+79873001294
+79873001378
+79873001418
+79873001421
+79873001423
+79878200526
+79878200643
+79878200647
+79878200652
+79878200696
+79878200715
+79878200753
+79878200862
+79878200959
+79878200984
+79172000179
+79172000324
+79172002537
+79172002730
+79172002780
+79172003499
+79172003550
+79172003576
+79172003610
+79172004106
+79198301989
+79198303565
+79198304095
+79198305234
+79198306482
+79198307263
+79198307276
+79198307277
+79198307281
+79198307304
+79873700653
+79873700738
+79873700949
+79873700979
+79873700981
+79873701009
+79873701108
+79873701211
+79873702027
+79873702072
+79873603798
+79873606242
+79873607947
+79873609157
+79873610205
+79873610723
+79873611243
+79873611250
+79873611256
+79873611270
+79198301989
+79198303565
+79198304095
+79198305234
+79198306482
+79198307263
+79198307276
+79198307277
+79198307281
+79198307304
+79873301034
+79873301126
+79873301252
+79873301275
+79873301495
+79873301560
+79873301679
+79873301926
+79873301960
+79873302015
+79172000179
+79172000324
+79172002537
+79172002730
+79172002780
+79172003499
+79172003550
+79172003576
+79172003610
+79172004106
+79198200701
+79198200712
+79198200741
+79198200886
+79198200890
+79198201051
+79198201213
+79198201601
+79198201634
+79198201663
+79172100426
+79172100460
+79172100896
+79172101375
+79172101613
+79172101677
+79172102276
+79172102297
+79172102298
+79172102306
+79179801725
+79179802192
+79179803537
+79179803546
+79179803551
+79179803565
+79179803588
+79179803598
+79179803628
+79179803644
+79179801725
+79179802192
+79179803537
+79179803546
+79179803551
+79179803565
+79179803588
+79179803598
+79179803628
+79179803644
+79173000791
+79173000866
+79173002117
+79173003961
+79173004275
+79173004402
+79173004704
+79173005903
+79173006551
+79173006649
+79869800023
+79869800270
+79869800431
+79869800483
+79869800531
+79869800543
+79869800681
+79869800799
+79869800893
+79869801113
+79198301989
+79198303565
+79198304095
+79198305234
+79198306482
+79198307263
+79198307276
+79198307277
+79198307281
+79198307304
+79873800384
+79873800468
+79873800509
+79873800678
+79873800731
+79873800765
+79873800891
+79873800911
+79873800921
+79873800922
+79173100845
+79173101258
+79173101587
+79173101593
+79173101612
+79173102237
+79173102317
+79173103147
+79173103229
+79173103258
+79172100426
+79172100460
+79172100896
+79172101375
+79172101613
+79172101677
+79172102276
+79172102297
+79172102298
+79172102306
+79172100426
+79172100460
+79172100896
+79172101375
+79172101613
+79172101677
+79172102276
+79172102297
+79172102298
+79172102306
+79873000795
+79873001091
+79873001179
+79873001192
+79873001198
+79873001294
+79873001378
+79873001418
+79873001421
+79873001423
+79873000795
+79873001091
+79873001179
+79873001192
+79873001198
+79873001294
+79873001378
+79873001418
+79873001421
+79873001423
+79172000179
+79172000324
+79172002537
+79172002730
+79172002780
+79172003499
+79172003550
+79172003576
+79172003610
+79172004106
+79172000179
+79172000324
+79172002537
+79172002730
+79172002780
+79172003499
+79172003550
+79172003576
+79172003610
+79172004106
+79873603798
+79873606242
+79873607947
+79873609157
+79873610205
+79873610723
+79873611243
+79873611250
+79873611256
+79873611270
+79173200619
+79173204827
+79173204856
+79173204888
+79173204897
+79173204921
+79173204933
+79173204971
+79173204999
+79173205074
+79878200526
+79878200643
+79878200647
+79878200652
+79878200696
+79878200715
+79878200753
+79878200862
+79878200959
+79878200984
+79878100711
+79878100828
+79878100967
+79878101238
+79878101402
+79878101579
+79878101708
+79878101842
+79878101886
+79878101909
+79878002922
+79878002978
+79878002990
+79878003123
+79878003138
+79878003271
+79878003365
+79878003485
+79878003622
+79878003628
+79173000791
+79173000866
+79173002117
+79173003961
+79173004275
+79173004402
+79173004704
+79173005903
+79173006551
+79173006649
+79173200619
+79173204827
+79173204856
+79173204888
+79173204897
+79173204921
+79173204933
+79173204971
+79173204999
+79173205074
+79878100711
+79878100828
+79878100967
+79878101238
+79878101402
+79878101579
+79878101708
+79878101842
+79878101886
+79878101909
+79878300351
+79878300432
+79878300524
+79878300576
+79878300580
+79878300582
+79878300584
+79878300586
+79878300590
+79878300602
+79873603798
+79873606242
+79873607947
+79873609157
+79873610205
+79873610723
+79873611243
+79873611250
+79873611256
+79873611270
+79873500379
+79873500846
+79873500918
+79873503769
+79873503772
+79873503796
+79873503800
+79873503805
+79873503810
+79873503817
+79869800023
+79869800270
+79869800431
+79869800483
+79869800531
+79869800543
+79869800681
+79869800799
+79869800893
+79869801113
+79873700653
+79873700738
+79873700949
+79873700979
+79873700981
+79873701009
+79873701108
+79873701211
+79873702027
+79873702072
+79878002922
+79878002978
+79878002990
+79878003123
+79878003138
+79878003271
+79878003365
+79878003485
+79878003622
+79878003628
+79869901946
+79869902033
+79869904021
+79869904232
+79869905379
+79869905400
+79869905418
+79869905466
+79869906151
+79869906292
+79869800023
+79869800270
+79869800431
+79869800483
+79869800531
+79869800543
+79869800681
+79869800799
+79869800893
+79869801113
+79873301034
+79873301126
+79873301252
+79873301275
+79873301495
+79873301560
+79873301679
+79873301926
+79873301960
+79873302015
+79173200619
+79173204827
+79173204856
+79173204888
+79173204897
+79173204921
+79173204933
+79173204971
+79173204999
+79173205074
+79873800384
+79873800468
+79873800509
+79873800678
+79873800731
+79873800765
+79873800891
+79873800911
+79873800921
+79873800922
+79173200619
+79173204827
+79173204856
+79173204888
+79173204897
+79173204921
+79173204933
+79173204971
+79173204999
+79173205074
+79873700653
+79873700738
+79873700949
+79873700979
+79873700981
+79873701009
+79873701108
+79873701211
+79873702027
+79873702072
+79869901946
+79869902033
+79869904021
+79869904232
+79869905379
+79869905400
+79869905418
+79869905466
+79869906151
+79869906292
+79873301034
+79873301126
+79873301252
+79873301275
+79873301495
+79873301560
+79873301679
+79873301926
+79873301960
+79873302015
+79873500379
+79873500846
+79873500918
+79873503769
+79873503772
+79873503796
+79873503800
+79873503805
+79873503810
+79873503817
+79170231732
+79170231734
+79170231737
+79170231738
+79170231739
+79170231742
+79170231743
+79170231749
+79170231753
+79170231757
+79173000791
+79173000866
+79173002117
+79173003961
+79173004275
+79173004402
+79173004704
+79173005903
+79173006551
+79173006649
+79878100711
+79878100828
+79878100967
+79878101238
+79878101402
+79878101579
+79878101708
+79878101842
+79878101886
+79878101909
+79179801725
+79179802192
+79179803537
+79179803546
+79179803551
+79179803565
+79179803588
+79179803598
+79179803628
+79179803644
+79869800023
+79869800270
+79869800431
+79869800483
+79869800531
+79869800543
+79869800681
+79869800799
+79869800893
+79869801113
+79198200701
+79198200712
+79198200741
+79198200886
+79198200890
+79198201051
+79198201213
+79198201601
+79198201634
+79198201663
+79873800384
+79873800468
+79873800509
+79873800678
+79873800731
+79873800765
+79873800891
+79873800911
+79873800921
+79873800922
+79873301034
+79873301126
+79873301252
+79873301275
+79873301495
+79873301560
+79873301679
+79873301926
+79873301960
+79873302015
+79170231734
+79170231737
+79170231738
+79170231739
+79170231742
+79170231743
+79170231749
+79170231753
+79170231757
+79170231760
+79878300351
+79878300432
+79878300524
+79878300576
+79878300580
+79878300582
+79878300584
+79878300586
+79878300590
+79878300602
+79873500379
+79873500846
+79873500918
+79873503769
+79873503772
+79873503796
+79873503800
+79873503805
+79873503810
+79873503817
+79873500379
+79873500846
+79873500918
+79873503769
+79873503772
+79873503796
+79873503800
+79873503805
+79873503810
+79873503817
+79869800023
+79869800270
+79869800431
+79869800483
+79869800531
+79869800543
+79869800681
+79869800799
+79869800893
+79869801113
+79878200526
+79878200643
+79878200647
+79878200652
+79878200696
+79878200715
+79878200753
+79878200862
+79878200959
+79878200984
+79873000795
+79873001091
+79873001179
+79873001192
+79873001198
+79873001294
+79873001378
+79873001418
+79873001421
+79873001423
+79873500379
+79873500846
+79873500918
+79873503769
+79873503772
+79873503796
+79873503800
+79873503805
+79873503810
+79873503817
+79172100426
+79172100460
+79172100896
+79172101375
+79172101613
+79172101677
+79172102276
+79172102297
+79172102298
+79172102306
+79873100462
+79873100470
+79873100480
+79873100492
+79873100493
+79873100494
+79873100495
+79873100499
+79873100504
+79873100506
+79173200619
+79173204827
+79173204856
+79173204888
+79173204897
+79173204921
+79173204933
+79173204971
+79173204999
+79173205074
+79878100711
+79878100828
+79878100967
+79878101238
+79878101402
+79878101579
+79878101708
+79878101842
+79878101886
+79878101909
+79873603798
+79873606242
+79873607947
+79873609157
+79873610205
+79873610723
+79873611243
+79873611250
+79873611256
+79873611270
+79198301989
+79198303565
+79198304095
+79198305234
+79198306482
+79198307263
+79198307276
+79198307277
+79198307281
+79198307304
+79878100711
+79878100828
+79878100967
+79878101238
+79878101402
+79878101579
+79878101708
+79878101842
+79878101886
+79878101909
+79198200701
+79198200712
+79198200741
+79198200886
+79198200890
+79198201051
+79198201213
+79198201601
+79198201634
+79198201663
+79873100462
+79873100470
+79873100480
+79873100492
+79873100493
+79873100494
+79873100495
+79873100499
+79873100504
+79873100506
+79878200526
+79878200643
+79878200647
+79878200652
+79878200696
+79878200715
+79878200753
+79878200862
+79878200959
+79878200984
+79878200526
+79878200643
+79878200647
+79878200652
+79878200696
+79878200715
+79878200753
+79878200862
+79878200959
+79878200984
+79878002922
+79878002978
+79878002990
+79878003123
+79878003138
+79878003271
+79878003365
+79878003485
+79878003622
+79878003628
+79179801725
+79179802192
+79179803537
+79179803546
+79179803551
+79179803565
+79179803588
+79179803598
+79179803628
+79179803644
+79173200619
+79173204827
+79173204856
+79173204888
+79173204897
+79173204921
+79173204933
+79173204971
+79173204999
+79173205074
+79878100711
+79878100828
+79878100967
+79878101238
+79878101402
+79878101579
+79878101708
+79878101842
+79878101886
+79878101909
+79878200526
+79878200643
+79878200647
+79878200652
+79878200696
+79878200715
+79878200753
+79878200862
+79878200959
+79878200984
+79198200701
+79198200712
+79198200741
+79198200886
+79198200890
+79198201051
+79198201213
+79198201601
+79198201634
+79198201663
+79878200526
+79878200643
+79878200647
+79878200652
+79878200696
+79878200715
+79878200753
+79878200862
+79878200959
+79878200984
+79878300351
+79878300432
+79878300524
+79878300576
+79878300580
+79878300582
+79878300584
+79878300586
+79878300590
+79878300602
+79873100462
+79873100470
+79873100480
+79873100492
+79873100493
+79873100494
+79873100495
+79873100499
+79873100504
+79873100506
+79878100711
+79878100828
+79878100967
+79878101238
+79878101402
+79878101579
+79878101708
+79878101842
+79878101886
+79878101909
+79873700653
+79873700738
+79873700949
+79873700979
+79873700981
+79873701009
+79873701108
+79873701211
+79873702027
+79873702072
+79878100711
+79878100828
+79878100967
+79878101238
+79878101402
+79878101579
+79878101708
+79878101842
+79878101886
+79878101909
+79869901946
+79869902033
+79869904021
+79869904232
+79869905379
+79869905400
+79869905418
+79869905466
+79869906151
+79869906292
+79173000791
+79173000866
+79173002117
+79173003961
+79173004275
+79173004402
+79173004704
+79173005903
+79173006551
+79173006649
+79878300351
+79878300432
+79878300524
+79878300576
+79878300580
+79878300582
+79878300584
+79878300586
+79878300590
+79878300602
+79869800023
+79869800270
+79869800431
+79869800483
+79869800531
+79869800543
+79869800681
+79869800799
+79869800893
+79869801113
+79878002922
+79878002978
+79878002990
+79878003123
+79878003138
+79878003271
+79878003365
+79878003485
+79878003622
+79878003628
+79878002922
+79878002978
+79878002990
+79878003123
+79878003138
+79878003271
+79878003365
+79878003485
+79878003622
+79878003628
+79173100845
+79173101258
+79173101587
+79173101593
+79173101612
+79173102237
+79173102317
+79173103147
+79173103229
+79173103258
+79873500379
+79873500846
+79873500918
+79873503769
+79873503772
+79873503796
+79873503800
+79873503805
+79873503810
+79873503817
+79198301777
+79198301989
+79198303565
+79198304095
+79198305234
+79198306482
+79198307263
+79198307276
+79198307277
+79198307281
+79869800023
+79869800270
+79869800431
+79869800483
+79869800531
+79869800543
+79869800681
+79869800799
+79869800893
+79869801113
+79873100462
+79873100470
+79873100480
+79873100492
+79873100493
+79873100494
+79873100495
+79873100499
+79873100504
+79873100506
+79173200619
+79173204827
+79173204856
+79173204888
+79173204897
+79173204921
+79173204933
+79173204971
+79173204999
+79173205074
+79873212916
+79873218886
+79873218906
+79873218949
+79873218954
+79873218966
+79873218976
+79873219014
+79873219018
+79873219023
+79873212916
+79873218886
+79873218906
+79873218949
+79873218954
+79873218966
+79873218976
+79873219014
+79873219018
+79873219023
+79173200619
+79173204827
+79173204856
+79173204888
+79173204897
+79173204921
+79173204933
+79173204971
+79173204999
+79173205074
+79172100426
+79172100460
+79172100896
+79172101375
+79172101613
+79172101677
+79172102276
+79172102297
+79172102298
+79172102306
+79873800384
+79873800468
+79873800509
+79873800678
+79873800731
+79873800765
+79873800891
+79873800911
+79873800921
+79873800922
+79869901946
+79869902033
+79869904021
+79869904232
+79869905379
+79869905400
+79869905418
+79869905466
+79869906151
+79869906292
+79873700653
+79873700738
+79873700949
+79873700979
+79873700981
+79873701009
+79873701108
+79873701211
+79873702027
+79873702072
+79873500379
+79873500846
+79873500918
+79873503769
+79873503772
+79873503796
+79873503800
+79873503805
+79873503810
+79873503817
+79179801725
+79179802192
+79179803537
+79179803546
+79179803551
+79179803565
+79179803588
+79179803598
+79179803628
+79179803644
+79878200526
+79878200643
+79878200647
+79878200652
+79878200696
+79878200715
+79878200753
+79878200862
+79878200959
+79878200984
+79873301034
+79873301126
+79873301252
+79873301275
+79873301495
+79873301560
+79873301679
+79873301926
+79873301960
+79873302015
+79170231737
+79170231738
+79170231739
+79170231742
+79170231743
+79170231749
+79170231753
+79170231757
+79170231760
+79170231762
+79873500379
+79873500846
+79873500918
+79873503769
+79873503772
+79873503796
+79873503800
+79873503805
+79873503810
+79873503817
+79878300351
+79878300432
+79878300524
+79878300576
+79878300580
+79878300582
+79878300584
+79878300586
+79878300590
+79878300602
+79873700653
+79873700738
+79873700949
+79873700979
+79873700981
+79873701009
+79873701108
+79873701211
+79873702027
+79873702072
+79179801725
+79179802192
+79179803537
+79179803546
+79179803551
+79179803565
+79179803588
+79179803598
+79179803628
+79179803644
+79173200619
+79173204827
+79173204856
+79173204888
+79173204897
+79173204921
+79173204933
+79173204971
+79173204999
+79173205074
+79873301034
+79873301126
+79873301252
+79873301275
+79873301495
+79873301560
+79873301679
+79873301926
+79873301960
+79873302015
+79873700653
+79873700738
+79873700949
+79873700979
+79873700981
+79873701009
+79873701108
+79873701211
+79873702027
+79873702072
+79173000791
+79173000866
+79173002117
+79173003961
+79173004275
+79173004402
+79173004704
+79173005903
+79173006551
+79173006649
+79878002922
+79878002978
+79878002990
+79878003123
+79878003138
+79878003271
+79878003365
+79878003485
+79878003622
+79878003628
+79878100711
+79878100828
+79878100967
+79878101238
+79878101402
+79878101579
+79878101708
+79878101842
+79878101886
+79878101909
+79198200701
+79198200712
+79198200741
+79198200886
+79198200890
+79198201051
+79198201213
+79198201601
+79198201634
+79198201663
+79873212916
+79873218886
+79873218906
+79873218949
+79873218954
+79873218966
+79873218976
+79873219014
+79873219018
+79873219023
+79873603798
+79873606242
+79873607947
+79873609157
+79873610205
+79873610723
+79873611243
+79873611250
+79873611256
+79873611270
+79878300351
+79878300432
+79878300524
+79878300576
+79878300580
+79878300582
+79878300584
+79878300586
+79878300590
+79878300602
+79873800384
+79873800468
+79873800509
+79873800678
+79873800731
+79873800765
+79873800891
+79873800911
+79873800921
+79873800922
+79873212916
+79873218886
+79873218906
+79873218949
+79873218954
+79873218966
+79873218976
+79873219014
+79873219018
+79873219023
+79173100845
+79173101258
+79173101587
+79173101593
+79173101612
+79173102237
+79173102317
+79173103147
+79173103229
+79173103258
+79179801725
+79179802192
+79179803537
+79179803546
+79179803551
+79179803565
+79179803588
+79179803598
+79179803628
+79179803644
+79873212916
+79873218886
+79873218906
+79873218949
+79873218954
+79873218966
+79873218976
+79873219014
+79873219018
+79873219023
+79873800384
+79873800468
+79873800509
+79873800678
+79873800731
+79873800765
+79873800891
+79873800911
+79873800921
+79873800922
+79198301777
+79198301989
+79198303565
+79198304095
+79198305234
+79198306482
+79198307263
+79198307276
+79198307277
+79198307281
+79173100845
+79173101258
+79173101587
+79173101593
+79173101612
+79173102237
+79173102317
+79173103147
+79173103229
+79173103258
+79173200619
+79173204827
+79173204856
+79173204888
+79173204897
+79173204921
+79173204933
+79173204971
+79173204999
+79173205074
+79878002922
+79878002978
+79878002990
+79878003123
+79878003138
+79878003271
+79878003365
+79878003485
+79878003622
+79878003628
+79170231737
+79170231738
+79170231739
+79170231742
+79170231743
+79170231749
+79170231753
+79170231757
+79170231760
+79170231762
+79172100426
+79172100460
+79172100896
+79172101375
+79172101613
+79172101677
+79172102276
+79172102297
+79172102298
+79172102306
+79173100845
+79173101258
+79173101587
+79173101593
+79173101612
+79173102237
+79173102317
+79173103147
+79173103229
+79173103258
+79873301034
+79873301126
+79873301252
+79873301275
+79873301495
+79873301560
+79873301679
+79873301926
+79873301960
+79873302015
+79179801725
+79179802192
+79179803537
+79179803546
+79179803551
+79179803565
+79179803588
+79179803598
+79179803628
+79179803644
+79878300351
+79878300432
+79878300524
+79878300576
+79878300580
+79878300582
+79878300584
+79878300586
+79878300590
+79878300602
+79873500379
+79873500846
+79873500918
+79873503769
+79873503772
+79873503796
+79873503800
+79873503805
+79873503810
+79873503817
+79878002922
+79878002978
+79878002990
+79878003123
+79878003138
+79878003271
+79878003365
+79878003485
+79878003622
+79878003628
+79172000179
+79172000324
+79172002537
+79172002730
+79172002780
+79172003499
+79172003550
+79172003576
+79172003610
+79172004106
+79873100462
+79873100470
+79873100480
+79873100492
+79873100493
+79873100494
+79873100495
+79873100499
+79873100504
+79873100506
+79873301034
+79873301126
+79873301252
+79873301275
+79873301495
+79873301560
+79873301679
+79873301926
+79873301960
+79873302015
+79873603798
+79873606242
+79873607947
+79873609157
+79873610205
+79873610723
+79873611243
+79873611250
+79873611256
+79873611270
+79873500379
+79873500846
+79873500918
+79873503769
+79873503772
+79873503796
+79873503800
+79873503805
+79873503810
+79873503817
+79172100426
+79172100460
+79172100896
+79172101375
+79172101613
+79172101677
+79172102276
+79172102297
+79172102298
+79172102306
+79198200701
+79198200712
+79198200741
+79198200886
+79198200890
+79198201051
+79198201213
+79198201601
+79198201634
+79198201663
+79170231737
+79170231738
+79170231739
+79170231742
+79170231743
+79170231749
+79170231753
+79170231757
+79170231760
+79170231762
+79878002922
+79878002978
+79878002990
+79878003123
+79878003138
+79878003271
+79878003365
+79878003485
+79878003622
+79878003628
+79869800023
+79869800270
+79869800431
+79869800483
+79869800531
+79869800543
+79869800681
+79869800799
+79869800893
+79869801113
+79179801725
+79179802192
+79179803537
+79179803546
+79179803551
+79179803565
+79179803588
+79179803598
+79179803628
+79179803644
+79873500379
+79873500846
+79873500918
+79873503769
+79873503772
+79873503796
+79873503800
+79873503805
+79873503810
+79873503817
+79873212916
+79873218886
+79873218906
+79873218949
+79873218954
+79873218966
+79873218976
+79873219014
+79873219018
+79873219023
+79873100462
+79873100470
+79873100480
+79873100492
+79873100493
+79873100494
+79873100495
+79873100499
+79873100504
+79873100506
+79172000179
+79172000324
+79172002537
+79172002730
+79172002780
+79172003499
+79172003550
+79172003576
+79172003610
+79172004106
+79873000795
+79873001091
+79873001179
+79873001192
+79873001198
+79873001294
+79873001378
+79873001418
+79873001421
+79873001423
+79878002922
+79878002978
+79878002990
+79878003123
+79878003138
+79878003271
+79878003365
+79878003485
+79878003622
+79878003628
+79878100711
+79878100828
+79878100967
+79878101238
+79878101402
+79878101579
+79878101708
+79878101842
+79878101886
+79878101909
+79173100845
+79173101258
+79173101587
+79173101593
+79173101612
+79173102237
+79173102317
+79173103147
+79173103229
+79173103258
+79173100845
+79173101258
+79173101587
+79173101593
+79173101612
+79173102237
+79173102317
+79173103147
+79173103229
+79173103258
+79873603798
+79873606242
+79873607947
+79873609157
+79873610205
+79873610723
+79873611243
+79873611250
+79873611256
+79873611270
+79873212916
+79873218886
+79873218906
+79873218949
+79873218954
+79873218966
+79873218976
+79873219014
+79873219018
+79873219023
+79873000795
+79873001091
+79873001179
+79873001192
+79873001198
+79873001294
+79873001378
+79873001418
+79873001421
+79873001423
+79878300351
+79878300432
+79878300524
+79878300576
+79878300580
+79878300582
+79878300584
+79878300586
+79878300590
+79878300602
+79198200701
+79198200712
+79198200741
+79198200886
+79198200890
+79198201051
+79198201213
+79198201601
+79198201634
+79198201663
+79869800023
+79869800270
+79869800431
+79869800483
+79869800531
+79869800543
+79869800681
+79869800799
+79869800893
+79869801113
+79172100426
+79172100460
+79172100896
+79172101375
+79172101613
+79172101677
+79172102276
+79172102297
+79172102298
+79172102306
+79873800384
+79873800468
+79873800509
+79873800678
+79873800731
+79873800765
+79873800891
+79873800911
+79873800921
+79873800922
+79198200701
+79198200712
+79198200741
+79198200886
+79198200890
+79198201051
+79198201213
+79198201601
+79198201634
+79198201663
+79873301034
+79873301126
+79873301252
+79873301275
+79873301495
+79873301560
+79873301679
+79873301926
+79873301960
+79873302015
+79173100845
+79173101258
+79173101587
+79173101593
+79173101612
+79173102237
+79173102317
+79173103147
+79173103229
+79173103258
+79869800023
+79869800270
+79869800431
+79869800483
+79869800531
+79869800543
+79869800681
+79869800799
+79869800893
+79869801113
+79198200701
+79198200712
+79198200741
+79198200886
+79198200890
+79198201051
+79198201213
+79198201601
+79198201634
+79198201663
+79878100711
+79878100828
+79878100967
+79878101238
+79878101402
+79878101579
+79878101708
+79878101842
+79878101886
+79878101909
+79170231737
+79170231738
+79170231739
+79170231742
+79170231743
+79170231749
+79170231753
+79170231757
+79170231760
+79170231762
+79198200701
+79198200712
+79198200741
+79198200886
+79198200890
+79198201051
+79198201213
+79198201601
+79198201634
+79198201663
+79873000795
+79873001091
+79873001179
+79873001192
+79873001198
+79873001294
+79873001378
+79873001418
+79873001421
+79873001423
+79198301989
+79198303565
+79198304095
+79198305234
+79198306482
+79198307263
+79198307276
+79198307277
+79198307281
+79198307304
+79878100711
+79878100828
+79878100967
+79878101238
+79878101402
+79878101579
+79878101708
+79878101842
+79878101886
+79878101909
+79873100462
+79873100470
+79873100480
+79873100492
+79873100493
+79873100494
+79873100495
+79873100499
+79873100504
+79873100506
+79198200701
+79198200712
+79198200741
+79198200886
+79198200890
+79198201051
+79198201213
+79198201601
+79198201634
+79198201663
+79172100426
+79172100460
+79172100896
+79172101375
+79172101613
+79172101677
+79172102276
+79172102297
+79172102298
+79172102306
+79873212916
+79873218886
+79873218906
+79873218949
+79873218954
+79873218966
+79873218976
+79873219014
+79873219018
+79873219023
+79869800023
+79869800270
+79869800431
+79869800483
+79869800531
+79869800543
+79869800681
+79869800799
+79869800893
+79869801113
+79869901946
+79869902033
+79869904021
+79869904232
+79869905379
+79869905400
+79869905418
+79869905466
+79869906151
+79869906292
+79179801725
+79179802192
+79179803537
+79179803546
+79179803551
+79179803565
+79179803588
+79179803598
+79179803628
+79179803644
+79170231737
+79170231738
+79170231739
+79170231742
+79170231743
+79170231749
+79170231753
+79170231757
+79170231760
+79170231762
+79172000179
+79172000324
+79172002537
+79172002730
+79172002780
+79172003499
+79172003550
+79172003576
+79172003610
+79172004106
+79173000791
+79173000866
+79173002117
+79173003961
+79173004275
+79173004402
+79173004704
+79173005903
+79173006551
+79173006649
+79873603798
+79873606242
+79873607947
+79873609157
+79873610205
+79873610723
+79873611243
+79873611250
+79873611256
+79873611270
+79873301034
+79873301126
+79873301252
+79873301275
+79873301495
+79873301560
+79873301679
+79873301926
+79873301960
+79873302015
+79878002922
+79878002978
+79878002990
+79878003123
+79878003138
+79878003271
+79878003365
+79878003485
+79878003622
+79878003628
+79869901946
+79869902033
+79869904021
+79869904232
+79869905379
+79869905400
+79869905418
+79869905466
+79869906151
+79869906292
+79873603798
+79873606242
+79873607947
+79873609157
+79873610205
+79873610723
+79873611243
+79873611250
+79873611256
+79873611270
+79873212916
+79873218886
+79873218906
+79873218949
+79873218954
+79873218966
+79873218976
+79873219014
+79873219018
+79873219023
+79873800384
+79873800468
+79873800509
+79873800678
+79873800731
+79873800765
+79873800891
+79873800911
+79873800921
+79873800922
+79179801725
+79179802192
+79179803537
+79179803546
+79179803551
+79179803565
+79179803588
+79179803598
+79179803628
+79179803644
+79878300351
+79878300432
+79878300524
+79878300576
+79878300580
+79878300582
+79878300584
+79878300586
+79878300590
+79878300602
+79869901946
+79869902033
+79869904021
+79869904232
+79869905379
+79869905400
+79869905418
+79869905466
+79869906151
+79869906292
+79873301034
+79873301126
+79873301252
+79873301275
+79873301495
+79873301560
+79873301679
+79873301926
+79873301960
+79873302015
+79173100845
+79173101258
+79173101587
+79173101593
+79173101612
+79173102237
+79173102317
+79173103147
+79173103229
+79173103258
+79873212916
+79873218886
+79873218906
+79873218949
+79873218954
+79873218966
+79873218976
+79873219014
+79873219018
+79873219023
+79878100711
+79878100828
+79878100967
+79878101238
+79878101402
+79878101579
+79878101708
+79878101842
+79878101886
+79878101909
+79172000179
+79172000324
+79172002537
+79172002730
+79172002780
+79172003499
+79172003550
+79172003576
+79172003610
+79172004106
+79170231737
+79170231738
+79170231739
+79170231742
+79170231743
+79170231749
+79170231753
+79170231757
+79170231760
+79170231762
+79873212916
+79873218886
+79873218906
+79873218949
+79873218954
+79873218966
+79873218976
+79873219014
+79873219018
+79873219023
+79170231737
+79170231738
+79170231739
+79170231742
+79170231743
+79170231749
+79170231753
+79170231757
+79170231760
+79170231762
+79873500379
+79873500695
+79873500846
+79873500918
+79873503769
+79873503772
+79873503796
+79873503800
+79873503805
+79873503810
+79873603798
+79873606242
+79873607947
+79873609157
+79873610205
+79873610723
+79873611243
+79873611250
+79873611256
+79873611270
+79873000795
+79873001091
+79873001179
+79873001192
+79873001198
+79873001294
+79873001378
+79873001418
+79873001421
+79873001423
+79873212916
+79873218886
+79873218906
+79873218949
+79873218954
+79873218966
+79873218976
+79873219014
+79873219018
+79873219023
+79172100426
+79172100460
+79172100896
+79172101375
+79172101613
+79172101677
+79172102276
+79172102297
+79172102298
+79172102306
+79869901946
+79869902033
+79869904021
+79869904232
+79869905379
+79869905400
+79869905418
+79869905466
+79869906151
+79869906292
+79873301034
+79873301126
+79873301252
+79873301275
+79873301495
+79873301560
+79873301679
+79873301926
+79873301960
+79873302015
+79873100462
+79873100470
+79873100480
+79873100492
+79873100493
+79873100494
+79873100495
+79873100499
+79873100504
+79873100506
+79873301034
+79873301126
+79873301252
+79873301275
+79873301495
+79873301560
+79873301679
+79873301926
+79873301960
+79873302015
+79873800384
+79873800468
+79873800509
+79873800678
+79873800731
+79873800765
+79873800891
+79873800911
+79873800921
+79873800922
+79873603798
+79873606242
+79873607947
+79873609157
+79873610205
+79873610723
+79873611243
+79873611250
+79873611256
+79873611270
+79878002922
+79878002978
+79878002990
+79878003123
+79878003138
+79878003271
+79878003365
+79878003485
+79878003622
+79878003628
+79878200526
+79878200643
+79878200647
+79878200652
+79878200696
+79878200715
+79878200753
+79878200862
+79878200959
+79878200984
+79878100711
+79878100828
+79878100967
+79878101238
+79878101402
+79878101579
+79878101708
+79878101842
+79878101886
+79878101909
+79869901946
+79869902033
+79869904021
+79869904232
+79869905379
+79869905400
+79869905418
+79869905466
+79869906151
+79869906292
+79873212916
+79873218886
+79873218906
+79873218949
+79873218954
+79873218966
+79873218976
+79873219014
+79873219018
+79873219023
+79873500379
+79873500695
+79873500846
+79873500918
+79873503769
+79873503772
+79873503796
+79873503800
+79873503805
+79873503810
+79878100711
+79878100828
+79878100967
+79878101238
+79878101402
+79878101579
+79878101708
+79878101842
+79878101886
+79878101909
+79878002922
+79878002978
+79878002990
+79878003123
+79878003138
+79878003271
+79878003365
+79878003485
+79878003622
+79878003628
+79873500379
+79873500695
+79873500846
+79873500918
+79873503769
+79873503772
+79873503796
+79873503800
+79873503805
+79873503810
+79873212916
+79873218886
+79873218906
+79873218949
+79873218954
+79873218966
+79873218976
+79873219014
+79873219018
+79873219023
+79873100462
+79873100470
+79873100480
+79873100492
+79873100493
+79873100494
+79873100495
+79873100499
+79873100504
+79873100506
+79869901946
+79869902033
+79869904021
+79869904232
+79869905379
+79869905400
+79869905418
+79869905466
+79869906151
+79869906292
+79869800023
+79869800270
+79869800431
+79869800483
+79869800531
+79869800543
+79869800681
+79869800799
+79869800893
+79869801113
+79869901946
+79869902033
+79869904021
+79869904232
+79869905379
+79869905400
+79869905418
+79869905466
+79869906151
+79869906292
+79172000179
+79172000324
+79172002537
+79172002730
+79172002780
+79172003499
+79172003550
+79172003576
+79172003610
+79172004106
+79173200619
+79173204827
+79173204856
+79173204888
+79173204897
+79173204921
+79173204933
+79173204971
+79173204999
+79173205074
+79873000795
+79873001091
+79873001179
+79873001192
+79873001198
+79873001294
+79873001378
+79873001418
+79873001421
+79873001423
+79170231738
+79170231739
+79170231742
+79170231743
+79170231749
+79170231753
+79170231757
+79170231760
+79170231762
+79170231764
+79878002922
+79878002978
+79878002990
+79878003123
+79878003138
+79878003271
+79878003365
+79878003485
+79878003622
+79878003628
+79172000179
+79172000324
+79172002537
+79172002730
+79172002780
+79172003499
+79172003550
+79172003576
+79172003610
+79172004106
+79873301034
+79873301126
+79873301252
+79873301275
+79873301495
+79873301560
+79873301679
+79873301926
+79873301960
+79873302015
+79873700653
+79873700738
+79873700949
+79873700979
+79873700981
+79873701009
+79873701108
+79873701211
+79873702027
+79873702072
+79878100711
+79878100828
+79878100967
+79878101238
+79878101402
+79878101579
+79878101708
+79878101842
+79878101886
+79878101909
+79172000179
+79172000324
+79172002537
+79172002730
+79172002780
+79172003499
+79172003550
+79172003576
+79172003610
+79172004106
+79869901946
+79869902033
+79869904021
+79869904232
+79869905379
+79869905400
+79869905418
+79869905466
+79869906151
+79869906292
+79873000795
+79873001091
+79873001179
+79873001192
+79873001198
+79873001294
+79873001378
+79873001418
+79873001421
+79873001423
+79873301034
+79873301126
+79873301252
+79873301275
+79873301495
+79873301560
+79873301679
+79873301926
+79873301960
+79873302015
+79878200526
+79878200643
+79878200647
+79878200652
+79878200696
+79878200715
+79878200753
+79878200862
+79878200959
+79878200984
+79873603798
+79873606242
+79873607947
+79873609157
+79873610205
+79873610723
+79873611243
+79873611250
+79873611256
+79873611270
+79873800384
+79873800468
+79873800509
+79873800678
+79873800731
+79873800765
+79873800891
+79873800911
+79873800921
+79873800922
+79179801725
+79179802192
+79179803537
+79179803546
+79179803551
+79179803565
+79179803588
+79179803598
+79179803628
+79179803644
+79172100426
+79172100460
+79172100896
+79172101375
+79172101613
+79172101677
+79172102276
+79172102297
+79172102298
+79172102306
+79173100845
+79173101258
+79173101587
+79173101593
+79173101612
+79173102237
+79173102317
+79173103147
+79173103229
+79173103258
+79878200526
+79878200643
+79878200647
+79878200652
+79878200696
+79878200715
+79878200753
+79878200862
+79878200959
+79878200984
+79873500379
+79873500695
+79873500846
+79873500918
+79873503769
+79873503772
+79873503796
+79873503800
+79873503805
+79873503810
+79173000791
+79173000866
+79173002117
+79173003961
+79173004275
+79173004402
+79173004704
+79173005903
+79173006551
+79173006649
+79179801725
+79179802192
+79179803537
+79179803546
+79179803551
+79179803565
+79179803588
+79179803598
+79179803628
+79179803644
+79873500379
+79873500695
+79873500846
+79873500918
+79873503769
+79873503772
+79873503796
+79873503800
+79873503805
+79873503810
+79179801725
+79179802192
+79179803537
+79179803546
+79179803551
+79179803565
+79179803588
+79179803598
+79179803628
+79179803644
+79873301034
+79873301126
+79873301252
+79873301275
+79873301495
+79873301560
+79873301679
+79873301926
+79873301960
+79873302015
+79873212916
+79873218886
+79873218906
+79873218949
+79873218954
+79873218966
+79873218976
+79873219014
+79873219018
+79873219023
+79173200619
+79173204827
+79173204856
+79173204888
+79173204897
+79173204921
+79173204933
+79173204971
+79173204999
+79173205074
+79873000795
+79873001091
+79873001179
+79873001192
+79873001198
+79873001294
+79873001378
+79873001418
+79873001421
+79873001423
+79873603798
+79873606242
+79873607947
+79873609157
+79873610205
+79873610723
+79873611243
+79873611250
+79873611256
+79873611270
+79873000795
+79873001091
+79873001179
+79873001192
+79873001198
+79873001294
+79873001378
+79873001418
+79873001421
+79873001423
+79873000795
+79873001091
+79873001179
+79873001192
+79873001198
+79873001294
+79873001378
+79873001418
+79873001421
+79873001423
+79873500379
+79873500695
+79873500846
+79873500918
+79873503769
+79873503772
+79873503796
+79873503800
+79873503805
+79873503810
+79873500379
+79873500695
+79873500846
+79873500918
+79873503769
+79873503772
+79873503796
+79873503800
+79873503805
+79873503810
+79873301034
+79873301126
+79873301252
+79873301275
+79873301495
+79873301560
+79873301679
+79873301926
+79873301960
+79873302015
+79172000179
+79172000324
+79172002537
+79172002730
+79172002780
+79172003499
+79172003550
+79172003576
+79172003610
+79172004106
+79878300351
+79878300432
+79878300524
+79878300576
+79878300580
+79878300582
+79878300584
+79878300586
+79878300590
+79878300602
+79873000795
+79873001091
+79873001179
+79873001192
+79873001198
+79873001294
+79873001378
+79873001418
+79873001421
+79873001423
+79873700653
+79873700738
+79873700949
+79873700979
+79873700981
+79873701009
+79873701108
+79873701211
+79873702027
+79873702072
+79878002922
+79878002978
+79878002990
+79878003123
+79878003138
+79878003271
+79878003365
+79878003485
+79878003622
+79878003628
+79172000179
+79172000324
+79172002537
+79172002730
+79172002780
+79172003499
+79172003550
+79172003576
+79172003610
+79172004106
+79172000179
+79172000324
+79172002537
+79172002730
+79172002780
+79172003499
+79172003550
+79172003576
+79172003610
+79172004106
+79170231743
+79170231749
+79170231753
+79170231757
+79170231760
+79170231762
+79170231764
+79170231765
+79170231768
+79170231770
+79170231743
+79170231749
+79170231753
+79170231757
+79170231760
+79170231762
+79170231764
+79170231765
+79170231768
+79170231770
+79878200643
+79878200647
+79878200652
+79878200696
+79878200715
+79878200753
+79878200862
+79878200959
+79878200984
+79878201113
+79873100462
+79873100470
+79873100480
+79873100492
+79873100493
+79873100494
+79873100495
+79873100499
+79873100504
+79873100506
+79172100426
+79172100460
+79172100896
+79172101375
+79172101613
+79172101677
+79172102276
+79172102297
+79172102298
+79172102306
+79873500379
+79873500695
+79873500846
+79873500918
+79873503769
+79873503772
+79873503796
+79873503800
+79873503805
+79873503810
+79198200701
+79198200712
+79198200741
+79198200886
+79198200890
+79198201051
+79198201213
+79198201601
+79198201634
+79198201663
+79878200643
+79878200647
+79878200652
+79878200696
+79878200715
+79878200753
+79878200862
+79878200959
+79878200984
+79878201113
+79869901946
+79869902033
+79869904021
+79869904232
+79869905379
+79869905400
+79869905418
+79869905466
+79869906151
+79869906292
+79198301777
+79198301989
+79198303565
+79198304095
+79198305234
+79198306482
+79198307263
+79198307276
+79198307277
+79198307281
+79873100462
+79873100470
+79873100480
+79873100492
+79873100493
+79873100494
+79873100495
+79873100499
+79873100504
+79873100506
+79198200701
+79198200712
+79198200741
+79198200886
+79198200890
+79198201051
+79198201213
+79198201601
+79198201634
+79198201663
+79878100711
+79878100828
+79878100967
+79878101238
+79878101402
+79878101579
+79878101708
+79878101842
+79878101886
+79878101909
+79878002922
+79878002978
+79878002990
+79878003123
+79878003138
+79878003271
+79878003365
+79878003485
+79878003622
+79878003628
+79172000179
+79172000324
+79172002537
+79172002730
+79172002780
+79172003499
+79172003550
+79172003576
+79172003610
+79172004106
+79873700653
+79873700738
+79873700949
+79873700979
+79873700981
+79873701009
+79873701108
+79873701211
+79873702027
+79873702072
+79878200643
+79878200647
+79878200652
+79878200696
+79878200715
+79878200753
+79878200862
+79878200959
+79878200984
+79878201113
+79173200619
+79173204827
+79173204856
+79173204888
+79173204897
+79173204921
+79173204933
+79173204971
+79173204999
+79173205074
+79173000791
+79173000866
+79173002117
+79173003961
+79173004275
+79173004402
+79173004704
+79173005903
+79173006551
+79173006649
+79873000795
+79873001091
+79873001179
+79873001192
+79873001198
+79873001294
+79873001378
+79873001418
+79873001421
+79873001423
+79170231749
+79170231753
+79170231757
+79170231760
+79170231762
+79170231764
+79170231765
+79170231768
+79170231770
+79170231775
+79878100711
+79878100828
+79878100967
+79878101238
+79878101402
+79878101579
+79878101708
+79878101842
+79878101886
+79878101909
+79869800023
+79869800270
+79869800431
+79869800483
+79869800531
+79869800543
+79869800681
+79869800799
+79869800893
+79869801113
+79873301034
+79873301126
+79873301252
+79873301275
+79873301495
+79873301560
+79873301679
+79873301926
+79873301960
+79873302015
+79878100711
+79878100828
+79878100967
+79878101238
+79878101402
+79878101579
+79878101708
+79878101842
+79878101886
+79878101909
+79198200701
+79198200712
+79198200741
+79198200886
+79198200890
+79198201051
+79198201213
+79198201601
+79198201634
+79198201663
+79878300351
+79878300432
+79878300524
+79878300576
+79878300580
+79878300582
+79878300584
+79878300586
+79878300590
+79878300602
+79179801725
+79179802192
+79179803537
+79179803546
+79179803551
+79179803565
+79179803588
+79179803598
+79179803628
+79179803644
+79878200643
+79878200647
+79878200652
+79878200696
+79878200715
+79878200753
+79878200862
+79878200959
+79878200984
+79878201113
+79873800384
+79873800468
+79873800509
+79873800678
+79873800731
+79873800765
+79873800891
+79873800911
+79873800921
+79873800922
+79873603798
+79873606242
+79873607947
+79873609157
+79873610205
+79873610723
+79873611243
+79873611250
+79873611256
+79873611270
+79172000179
+79172000324
+79172002537
+79172002730
+79172002780
+79172003499
+79172003550
+79172003576
+79172003610
+79172004106
+79878002922
+79878002978
+79878002990
+79878003123
+79878003138
+79878003271
+79878003365
+79878003485
+79878003622
+79878003628
+79878100711
+79878100828
+79878100967
+79878101238
+79878101402
+79878101579
+79878101708
+79878101842
+79878101886
+79878101909
+79873700653
+79873700738
+79873700949
+79873700979
+79873700981
+79873701009
+79873701108
+79873701211
+79873702027
+79873702072
+79173100845
+79173101258
+79173101587
+79173101593
+79173101612
+79173102237
+79173102317
+79173103147
+79173103229
+79173103258
+79173100845
+79173101258
+79173101587
+79173101593
+79173101612
+79173102237
+79173102317
+79173103147
+79173103229
+79173103258
+79179801725
+79179802192
+79179803537
+79179803546
+79179803551
+79179803565
+79179803588
+79179803598
+79179803628
+79179803644
+79173000791
+79173000866
+79173002117
+79173003961
+79173004275
+79173004402
+79173004704
+79173005903
+79173006551
+79173006649
+79170231749
+79170231753
+79170231757
+79170231760
+79170231762
+79170231764
+79170231765
+79170231768
+79170231770
+79170231775
+79873301034
+79873301126
+79873301252
+79873301275
+79873301495
+79873301560
+79873301679
+79873301926
+79873301960
+79873302015
+79198200701
+79198200712
+79198200741
+79198200886
+79198200890
+79198201051
+79198201213
+79198201601
+79198201634
+79198201663
+79873100462
+79873100470
+79873100480
+79873100492
+79873100493
+79873100494
+79873100495
+79873100499
+79873100504
+79873100506
+79869901946
+79869902033
+79869904021
+79869904232
+79869905379
+79869905400
+79869905418
+79869905466
+79869906151
+79869906292
+79172000179
+79172000324
+79172002537
+79172002730
+79172002780
+79172003499
+79172003550
+79172003576
+79172003610
+79172004106
+79873301034
+79873301126
+79873301252
+79873301275
+79873301495
+79873301560
+79873301679
+79873301926
+79873301960
+79873302015
+79873500379
+79873500695
+79873500846
+79873500918
+79873503769
+79873503772
+79873503796
+79873503800
+79873503805
+79873503810
+79873301034
+79873301126
+79873301252
+79873301275
+79873301495
+79873301560
+79873301679
+79873301926
+79873301960
+79873302015
+79198301777
+79198301989
+79198303565
+79198304095
+79198305234
+79198306482
+79198307263
+79198307276
+79198307277
+79198307281
+79869901946
+79869902033
+79869904021
+79869904232
+79869905379
+79869905400
+79869905418
+79869905466
+79869906151
+79869906292
+79873700653
+79873700738
+79873700949
+79873700979
+79873700981
+79873701009
+79873701108
+79873701211
+79873702027
+79873702072
+79873301034
+79873301126
+79873301252
+79873301275
+79873301495
+79873301560
+79873301679
+79873301926
+79873301960
+79873302015
+79173000791
+79173000866
+79173002117
+79173003961
+79173004275
+79173004402
+79173004704
+79173005903
+79173006551
+79173006649
+79170231749
+79170231753
+79170231757
+79170231760
+79170231762
+79170231764
+79170231765
+79170231768
+79170231770
+79170231775
+79170231749
+79170231753
+79170231757
+79170231760
+79170231762
+79170231764
+79170231765
+79170231768
+79170231770
+79170231775
+79170231749
+79170231753
+79170231757
+79170231760
+79170231762
+79170231764
+79170231765
+79170231768
+79170231770
+79170231775
+79873212916
+79873218886
+79873218906
+79873218949
+79873218954
+79873218966
+79873218976
+79873219014
+79873219018
+79873219023
+79878100711
+79878100828
+79878100967
+79878101238
+79878101402
+79878101579
+79878101708
+79878101842
+79878101886
+79878101909
+79873100462
+79873100470
+79873100480
+79873100492
+79873100493
+79873100494
+79873100495
+79873100499
+79873100504
+79873100506
+79198200701
+79198200712
+79198200741
+79198200886
+79198200890
+79198201051
+79198201213
+79198201601
+79198201634
+79198201663
+79869800023
+79869800270
+79869800431
+79869800483
+79869800531
+79869800543
+79869800681
+79869800799
+79869800893
+79869801113
+79173200619
+79173204827
+79173204856
+79173204888
+79173204897
+79173204921
+79173204933
+79173204971
+79173204999
+79173205074
+79873500379
+79873500695
+79873500846
+79873500918
+79873503769
+79873503772
+79873503796
+79873503800
+79873503805
+79873503810
+79873100462
+79873100470
+79873100480
+79873100492
+79873100493
+79873100494
+79873100495
+79873100499
+79873100504
+79873100506
+79873301034
+79873301126
+79873301252
+79873301275
+79873301495
+79873301560
+79873301679
+79873301926
+79873301960
+79873302015
+79873603798
+79873606242
+79873607947
+79873609157
+79873610723
+79873611243
+79873611250
+79873611256
+79873611270
+79873611272
+79873800384
+79873800468
+79873800509
+79873800678
+79873800731
+79873800765
+79873800891
+79873800911
+79873800921
+79873800922
+79170231749
+79170231753
+79170231757
+79170231760
+79170231762
+79170231764
+79170231765
+79170231768
+79170231770
+79170231775
+79172000179
+79172000324
+79172002537
+79172002730
+79172002780
+79172003499
+79172003550
+79172003576
+79172003610
+79172004106
+79873100462
+79873100470
+79873100480
+79873100492
+79873100493
+79873100494
+79873100495
+79873100499
+79873100504
+79873100506
+79873603798
+79873606242
+79873607947
+79873609157
+79873610723
+79873611243
+79873611250
+79873611256
+79873611270
+79873611272
+79878100711
+79878100828
+79878100967
+79878101238
+79878101402
+79878101579
+79878101708
+79878101842
+79878101886
+79878101909
+79172000179
+79172000324
+79172002537
+79172002730
+79172002780
+79172003499
+79172003550
+79172003576
+79172003610
+79172004106
+79873301034
+79873301126
+79873301252
+79873301275
+79873301495
+79873301560
+79873301679
+79873301926
+79873301960
+79873302015
+79869901946
+79869902033
+79869904021
+79869904232
+79869905379
+79869905400
+79869905418
+79869905466
+79869906151
+79869906292
+79873700653
+79873700738
+79873700949
+79873700979
+79873700981
+79873701009
+79873701108
+79873701211
+79873702027
+79873702072
