+79156300861
+79156300884
+79156300893
+79156308815
+79156308825
+79156308830
+79156308852
+79156308854
+79156308874
+79156308881
+79107114183
+79107114196
+79107114197
+79107114205
+79107114218
+79107114227
+79107114240
+79107114247
+79107114251
+79107114252
+79156400639
+79156407996
+79156408228
+79156408236
+79156408331
+79156408333
+79156408335
+79156408379
+79156408394
+79156408415
+79190400164
+79190400515
+79190400613
+79190401614
+79190402298
+79190402338
+79190402509
+79190402526
+79190402734
+79190403063
+79107602446
+79107602502
+79107602516
+79107603213
+79107603966
+79107604515
+79107605287
+79107605399
+79107605852
+79107606071
+79190400164
+79190400515
+79190400613
+79190401614
+79190402298
+79190402338
+79190402509
+79190402526
+79190402734
+79190403063
+79156300861
+79156300884
+79156300893
+79156308815
+79156308825
+79156308830
+79156308852
+79156308854
+79156308874
+79156308881
+79107805285
+79107806038
+79107806307
+79107806398
+79107806447
+79107806495
+79107806581
+79107806653
+79107806803
+79107806851
+79107114183
+79107114196
+79107114197
+79107114205
+79107114218
+79107114227
+79107114240
+79107114247
+79107114251
+79107114252
+79101113154
+79101113156
+79101113162
+79101113168
+79101113175
+79101113179
+79101113180
+79101113185
+79101113186
+79101113194
+79190400164
+79190400515
+79190400613
+79190401614
+79190402298
+79190402338
+79190402509
+79190402526
+79190402734
+79190403063
+79190400164
+79190400515
+79190400613
+79190401614
+79190402298
+79190402338
+79190402509
+79190402526
+79190402734
+79190403063
+79101113154
+79101113156
+79101113162
+79101113168
+79101113175
+79101113179
+79101113180
+79101113185
+79101113186
+79101113194
+79190400164
+79190400515
+79190400613
+79190401614
+79190402298
+79190402338
+79190402509
+79190402526
+79190402734
+79190403063
+79156300861
+79156300884
+79156300893
+79156308815
+79156308825
+79156308830
+79156308852
+79156308854
+79156308874
+79156308881
+79107602446
+79107602502
+79107602516
+79107603213
+79107603966
+79107604515
+79107605287
+79107605399
+79107605852
+79107606071
+79805774750
+79805780775
+79156400639
+79156407996
+79156408228
+79156408236
+79156408331
+79156408333
+79156408335
+79156408379
+79156300861
+79156300884
+79156300893
+79156308815
+79156308825
+79156308830
+79156308852
+79156308854
+79156308874
+79156308881
+79805774750
+79805780775
+79156400639
+79156407996
+79156408228
+79156408236
+79156408331
+79156408333
+79156408335
+79156408379
+79101113154
+79101113156
+79101113162
+79101113168
+79101113175
+79101113179
+79101113180
+79101113185
+79101113186
+79101113194
+79190400164
+79190400515
+79190400613
+79190401614
+79190402298
+79190402338
+79190402509
+79190402526
+79190402734
+79190403063
+79107114183
+79107114196
+79107114197
+79107114205
+79107114218
+79107114227
+79107114240
+79107114247
+79107114251
+79107114252
+79805774750
+79805780775
+79107207428
+79107207569
+79107209318
+79107210233
+79107210891
+79107211157
+79107211160
+79107211162
+79107207428
+79107207569
+79107209318
+79107210233
+79107210891
+79107211157
+79107211160
+79107211162
+79107211163
+79107211164
+79156400639
+79156407996
+79156408228
+79156408236
+79156408331
+79156408333
+79156408335
+79156408379
+79156408394
+79156408415
+79156400639
+79156407996
+79156408228
+79156408236
+79156408331
+79156408333
+79156408335
+79156408379
+79156408394
+79156408415
+79107114183
+79107114196
+79107114197
+79107114205
+79107114218
+79107114227
+79107114240
+79107114247
+79107114251
+79107114252
+79190400164
+79190400515
+79190400613
+79190401614
+79190402298
+79190402338
+79190402509
+79190402526
+79190402734
+79190403063
+79107114183
+79107114196
+79107114197
+79107114205
+79107114218
+79107114227
+79107114240
+79107114247
+79107114251
+79107114252
+79190400164
+79190400515
+79190400613
+79190401614
+79190402298
+79190402338
+79190402509
+79190402526
+79190402734
+79190403063
+79156300861
+79156300884
+79156300893
+79156308815
+79156308825
+79156308830
+79156308852
+79156308854
+79156308874
+79156308881
+79805774750
+79805780775
+79156400639
+79156407996
+79156408228
+79156408236
+79156408331
+79156408333
+79156408335
+79156408379
+79190400164
+79190400515
+79190400613
+79190401614
+79190402298
+79190402338
+79190402509
+79190402526
+79190402734
+79190403063
+79190400164
+79190400515
+79190400613
+79190401614
+79190402298
+79190402338
+79190402509
+79190402526
+79190402734
+79190403063
+79156501013
+79156507298
+79156508279
+79156510438
+79156510455
+79156510469
+79156510499
+79156510534
+79156510553
+79156510558
+79107114183
+79107114196
+79107114197
+79107114205
+79107114218
+79107114227
+79107114240
+79107114247
+79107114251
+79107114252
+79107805285
+79107806038
+79107806307
+79107806398
+79107806447
+79107806495
+79107806581
+79107806653
+79107806803
+79107806851
+79107207428
+79107207569
+79107209318
+79107210233
+79107210891
+79107211157
+79107211160
+79107211162
+79107211163
+79107211164
+79101113154
+79101113156
+79101113162
+79101113168
+79101113175
+79101113179
+79101113180
+79101113185
+79101113186
+79101113194
+79156501013
+79156507298
+79156508279
+79156510438
+79156510455
+79156510469
+79156510499
+79156510534
+79156510553
+79156510558
+79156400639
+79156407996
+79156408228
+79156408236
+79156408331
+79156408333
+79156408335
+79156408379
+79156408394
+79156408415
+79805774750
+79805780775
+79156300861
+79156300884
+79156300893
+79156308815
+79156308825
+79156308830
+79156308852
+79156308854
+79156300861
+79156300884
+79156300893
+79156308815
+79156308825
+79156308830
+79156308852
+79156308854
+79156308874
+79156308881
+79107207428
+79107207569
+79107209318
+79107210233
+79107210891
+79107211157
+79107211160
+79107211162
+79107211163
+79107211164
+79107207428
+79107207569
+79107209318
+79107210233
+79107210891
+79107211157
+79107211160
+79107211162
+79107211163
+79107211164
+79156501013
+79156507298
+79156508279
+79156510438
+79156510455
+79156510469
+79156510499
+79156510534
+79156510553
+79156510558
+79107602446
+79107602502
+79107602516
+79107603213
+79107603966
+79107604515
+79107605287
+79107605399
+79107605852
+79107606071
+79805774750
+79805780775
+79190400164
+79190400515
+79190400613
+79190401614
+79190402298
+79190402338
+79190402509
+79190402526
+79107114183
+79107114196
+79107114197
+79107114205
+79107114218
+79107114227
+79107114240
+79107114247
+79107114251
+79107114252
+79107805285
+79107806038
+79107806307
+79107806398
+79107806447
+79107806495
+79107806581
+79107806653
+79107806803
+79107806851
+79805774750
+79805780775
+79156400639
+79156407996
+79156408228
+79156408236
+79156408331
+79156408333
+79156408335
+79156408379
+79107207428
+79107207569
+79107209318
+79107210233
+79107210891
+79107211157
+79107211160
+79107211162
+79107211163
+79107211164
+79156400639
+79156407996
+79156408228
+79156408236
+79156408331
+79156408333
+79156408335
+79156408379
+79156408394
+79156408415
+79156400639
+79156407996
+79156408228
+79156408236
+79156408331
+79156408333
+79156408335
+79156408379
+79156408394
+79156408415
+79156501013
+79156507298
+79156508279
+79156510438
+79156510455
+79156510469
+79156510499
+79156510534
+79156510553
+79156510558
+79156300861
+79156300884
+79156300893
+79156308815
+79156308825
+79156308830
+79156308852
+79156308854
+79156308874
+79156308881
+79107114183
+79107114196
+79107114197
+79107114205
+79107114218
+79107114227
+79107114240
+79107114247
+79107114251
+79107114252
+79101113154
+79101113156
+79101113162
+79101113168
+79101113175
+79101113179
+79101113180
+79101113185
+79101113186
+79101113194
+79107602446
+79107602502
+79107602516
+79107603213
+79107603966
+79107604515
+79107605287
+79107605399
+79107605852
+79107606071
+79101113154
+79101113156
+79101113162
+79101113168
+79101113175
+79101113179
+79101113180
+79101113185
+79101113186
+79101113194
+79107602446
+79107602502
+79107602516
+79107603213
+79107603966
+79107604515
+79107605287
+79107605399
+79107605852
+79107606071
+79805774750
+79805780775
+79101113154
+79101113156
+79101113162
+79101113168
+79101113175
+79101113179
+79101113180
+79101113185
+79107805285
+79107806038
+79107806307
+79107806398
+79107806447
+79107806495
+79107806581
+79107806653
+79107806803
+79107806851
+79107114183
+79107114196
+79107114197
+79107114205
+79107114218
+79107114227
+79107114240
+79107114247
+79107114251
+79107114252
+79156300861
+79156300884
+79156300893
+79156308815
+79156308825
+79156308830
+79156308852
+79156308854
+79156308874
+79156308881
+79190400164
+79190400515
+79190400613
+79190401614
+79190402298
+79190402338
+79190402509
+79190402526
+79190402734
+79190403063
+79190400164
+79190400515
+79190400613
+79190401614
+79190402298
+79190402338
+79190402509
+79190402526
+79190402734
+79190403063
+79156300861
+79156300884
+79156300893
+79156308815
+79156308825
+79156308830
+79156308852
+79156308854
+79156308874
+79156308881
+79190400164
+79190400515
+79190400613
+79190401614
+79190402298
+79190402338
+79190402509
+79190402526
+79190402734
+79190403063
+79101113154
+79101113156
+79101113162
+79101113168
+79101113175
+79101113179
+79101113180
+79101113185
+79101113186
+79101113194
+79156300861
+79156300884
+79156300893
+79156308815
+79156308825
+79156308830
+79156308852
+79156308854
+79156308874
+79156308881
+79107114183
+79107114196
+79107114197
+79107114205
+79107114218
+79107114227
+79107114240
+79107114247
+79107114251
+79107114252
+79156501013
+79156507298
+79156508279
+79156510438
+79156510455
+79156510469
+79156510499
+79156510534
+79156510553
+79156510558
+79190400164
+79190400515
+79190400613
+79190401614
+79190402298
+79190402338
+79190402509
+79190402526
+79190402734
+79190403063
+79156501013
+79156507298
+79156508279
+79156510438
+79156510455
+79156510469
+79156510499
+79156510534
+79156510553
+79156510558
+79156501013
+79156507298
+79156508279
+79156510438
+79156510455
+79156510469
+79156510499
+79156510534
+79156510553
+79156510558
+79190400164
+79190400515
+79190400613
+79190401614
+79190402298
+79190402338
+79190402509
+79190402526
+79190402734
+79190403063
+79107114183
+79107114196
+79107114197
+79107114205
+79107114218
+79107114227
+79107114240
+79107114247
+79107114251
+79107114252
+79156501013
+79156507298
+79156508279
+79156510438
+79156510455
+79156510469
+79156510499
+79156510534
+79156510553
+79156510558
+79101113154
+79101113156
+79101113162
+79101113168
+79101113175
+79101113179
+79101113180
+79101113185
+79101113186
+79101113194
+79107805285
+79107806038
+79107806307
+79107806398
+79107806447
+79107806495
+79107806581
+79107806653
+79107806803
+79107806851
+79107114183
+79107114196
+79107114197
+79107114205
+79107114218
+79107114227
+79107114240
+79107114247
+79107114251
+79107114252
+79190400164
+79190400515
+79190400613
+79190401614
+79190402298
+79190402338
+79190402509
+79190402526
+79190402734
+79190403063
+79156300861
+79156300884
+79156300893
+79156308815
+79156308825
+79156308830
+79156308852
+79156308854
+79156308874
+79156308881
+79101113154
+79101113156
+79101113162
+79101113168
+79101113175
+79101113179
+79101113180
+79101113185
+79101113186
+79101113194
+79107207428
+79107207569
+79107209318
+79107210233
+79107210891
+79107211157
+79107211160
+79107211162
+79107211163
+79107211164
+79805774750
+79805780775
+79107114183
+79107114196
+79107114197
+79107114205
+79107114218
+79107114227
+79107114240
+79107114247
+79107114183
+79107114196
+79107114197
+79107114205
+79107114218
+79107114227
+79107114240
+79107114247
+79107114251
+79107114252
+79101113154
+79101113156
+79101113162
+79101113168
+79101113175
+79101113179
+79101113180
+79101113185
+79101113186
+79101113194
+79156501013
+79156507298
+79156508279
+79156510438
+79156510455
+79156510469
+79156510499
+79156510534
+79156510553
+79156510558
+79101113154
+79101113156
+79101113162
+79101113168
+79101113175
+79101113179
+79101113180
+79101113185
+79101113186
+79101113194
+79107602446
+79107602502
+79107602516
+79107603213
+79107603966
+79107604515
+79107605287
+79107605399
+79107605852
+79107606071
+79107114183
+79107114196
+79107114197
+79107114205
+79107114218
+79107114227
+79107114240
+79107114247
+79107114251
+79107114252
+79101113154
+79101113156
+79101113162
+79101113168
+79101113175
+79101113179
+79101113180
+79101113185
+79101113186
+79101113194
+79101113154
+79101113156
+79101113162
+79101113168
+79101113175
+79101113179
+79101113180
+79101113185
+79101113186
+79101113194
+79805774750
+79805780775
+79156400639
+79156407996
+79156408228
+79156408236
+79156408331
+79156408333
+79156408335
+79156408379
+79107805285
+79107806038
+79107806307
+79107806398
+79107806447
+79107806495
+79107806581
+79107806653
+79107806803
+79107806851
+79101113154
+79101113156
+79101113162
+79101113168
+79101113175
+79101113179
+79101113180
+79101113185
+79101113186
+79101113194
+79107805285
+79107806038
+79107806307
+79107806398
+79107806447
+79107806495
+79107806581
+79107806653
+79107806803
+79107806851
+79156400639
+79156407996
+79156408228
+79156408236
+79156408331
+79156408333
+79156408335
+79156408379
+79156408394
+79156408415
+79156501013
+79156507298
+79156508279
+79156510438
+79156510455
+79156510469
+79156510499
+79156510534
+79156510553
+79156510558
+79156300861
+79156300884
+79156300893
+79156308815
+79156308825
+79156308830
+79156308852
+79156308854
+79156308874
+79156308881
+79107602446
+79107602502
+79107602516
+79107603213
+79107603966
+79107604515
+79107605287
+79107605399
+79107605852
+79107606071
+79805774750
+79805780775
+79107602446
+79107602502
+79107602516
+79107603213
+79107603966
+79107604515
+79107605287
+79107605399
+79107207428
+79107207569
+79107209318
+79107210233
+79107210891
+79107211157
+79107211160
+79107211162
+79107211163
+79107211164
+79156501013
+79156507298
+79156508279
+79156510438
+79156510455
+79156510469
+79156510499
+79156510534
+79156510553
+79156510558
+79156300861
+79156300884
+79156300893
+79156308815
+79156308825
+79156308830
+79156308852
+79156308854
+79156308874
+79156308881
+79107207428
+79107207569
+79107209318
+79107210233
+79107210891
+79107211157
+79107211160
+79107211162
+79107211163
+79107211164
+79107602446
+79107602502
+79107602516
+79107603213
+79107603966
+79107604515
+79107605287
+79107605399
+79107605852
+79107606071
+79156300861
+79156300884
+79156300893
+79156308815
+79156308825
+79156308830
+79156308852
+79156308854
+79156308874
+79156308881
+79101113154
+79101113156
+79101113162
+79101113168
+79101113175
+79101113179
+79101113180
+79101113185
+79101113186
+79101113194
+79156300861
+79156300884
+79156300893
+79156308815
+79156308825
+79156308830
+79156308852
+79156308854
+79156308874
+79156308881
+79156300861
+79156300884
+79156300893
+79156308815
+79156308825
+79156308830
+79156308852
+79156308854
+79156308874
+79156308881
+79190400164
+79190400515
+79190400613
+79190401614
+79190402298
+79190402338
+79190402509
+79190402526
+79190402734
+79190403063
+79805774750
+79805780775
+79190400164
+79190400515
+79190400613
+79190401614
+79190402298
+79190402338
+79190402509
+79190402526
+79107805285
+79107806038
+79107806307
+79107806398
+79107806447
+79107806495
+79107806581
+79107806653
+79107806803
+79107806851
+79107805285
+79107806038
+79107806307
+79107806398
+79107806447
+79107806495
+79107806581
+79107806653
+79107806803
+79107806851
+79101113154
+79101113156
+79101113162
+79101113168
+79101113175
+79101113179
+79101113180
+79101113185
+79101113186
+79101113194
+79156400639
+79156407996
+79156408228
+79156408236
+79156408331
+79156408333
+79156408335
+79156408379
+79156408394
+79156408415
+79107602446
+79107602502
+79107602516
+79107603213
+79107603966
+79107604515
+79107605287
+79107605399
+79107605852
+79107606071
+79107207428
+79107207569
+79107209318
+79107210233
+79107210891
+79107211157
+79107211160
+79107211162
+79107211163
+79107211164
+79156300861
+79156300884
+79156300893
+79156308815
+79156308825
+79156308830
+79156308852
+79156308854
+79156308874
+79156308881
+79156300861
+79156300884
+79156300893
+79156308815
+79156308825
+79156308830
+79156308852
+79156308854
+79156308874
+79156308881
+79805774750
+79805780775
+79107602446
+79107602502
+79107602516
+79107603213
+79107603966
+79107604515
+79107605287
+79107605399
+79107207428
+79107207569
+79107209318
+79107210233
+79107210891
+79107211157
+79107211160
+79107211162
+79107211163
+79107211164
+79190400164
+79190400515
+79190400613
+79190401614
+79190402298
+79190402338
+79190402509
+79190402526
+79190402734
+79190403063
+79156400639
+79156407996
+79156408228
+79156408236
+79156408331
+79156408333
+79156408335
+79156408379
+79156408394
+79156408415
+79107805285
+79107806038
+79107806307
+79107806398
+79107806447
+79107806495
+79107806581
+79107806653
+79107806803
+79107806851
+79107602446
+79107602502
+79107602516
+79107603213
+79107603966
+79107604515
+79107605287
+79107605399
+79107605852
+79107606071
+79805774750
+79805780775
+79190400164
+79190400515
+79190400613
+79190401614
+79190402298
+79190402338
+79190402509
+79190402526
+79190400164
+79190400515
+79190400613
+79190401614
+79190402298
+79190402338
+79190402509
+79190402526
+79190402734
+79190403063
+79107207428
+79107207569
+79107209318
+79107210233
+79107210891
+79107211157
+79107211160
+79107211162
+79107211163
+79107211164
+79156400639
+79156407996
+79156408228
+79156408236
+79156408331
+79156408333
+79156408335
+79156408379
+79156408394
+79156408415
+79156501013
+79156507298
+79156508279
+79156510438
+79156510455
+79156510469
+79156510499
+79156510534
+79156510553
+79156510558
+79107805285
+79107806038
+79107806307
+79107806398
+79107806447
+79107806495
+79107806581
+79107806653
+79107806803
+79107806851
+79107207428
+79107207569
+79107209318
+79107210233
+79107210891
+79107211157
+79107211160
+79107211162
+79107211163
+79107211164
+79805774750
+79805780775
+79156501013
+79156507298
+79156508279
+79156510438
+79156510455
+79156510469
+79156510499
+79156510534
+79107805285
+79107806038
+79107806307
+79107806398
+79107806447
+79107806495
+79107806581
+79107806653
+79107806803
+79107806851
+79107602446
+79107602502
+79107602516
+79107603213
+79107603966
+79107604515
+79107605287
+79107605399
+79107605852
+79107606071
+79805774750
+79805780775
+79107805285
+79107806038
+79107806307
+79107806398
+79107806447
+79107806495
+79107806581
+79107806653
+79805774750
+79805780775
+79190400164
+79190400515
+79190400613
+79190401614
+79190402298
+79190402338
+79190402509
+79190402526
+79107207428
+79107207569
+79107209318
+79107210233
+79107210891
+79107211157
+79107211160
+79107211162
+79107211163
+79107211164
+79107602446
+79107602502
+79107602516
+79107603213
+79107603966
+79107604515
+79107605287
+79107605399
+79107605852
+79107606071
+79805774750
+79805780775
+79190400164
+79190400515
+79190400613
+79190401614
+79190402298
+79190402338
+79190402509
+79190402526
+79107207428
+79107207569
+79107209318
+79107210233
+79107210891
+79107211157
+79107211160
+79107211162
+79107211163
+79107211164
+79156400639
+79156407996
+79156408228
+79156408236
+79156408331
+79156408333
+79156408335
+79156408379
+79156408394
+79156408415
+79156400639
+79156407996
+79156408228
+79156408236
+79156408331
+79156408333
+79156408335
+79156408379
+79156408394
+79156408415
+79156300861
+79156300884
+79156300893
+79156308815
+79156308825
+79156308830
+79156308852
+79156308854
+79156308874
+79156308881
+79107114183
+79107114196
+79107114197
+79107114205
+79107114218
+79107114227
+79107114240
+79107114247
+79107114251
+79107114252
+79107805285
+79107806038
+79107806307
+79107806398
+79107806447
+79107806495
+79107806581
+79107806653
+79107806803
+79107806851
+79156400639
+79156407996
+79156408228
+79156408236
+79156408331
+79156408333
+79156408335
+79156408379
+79156408394
+79156408415
+79107114183
+79107114196
+79107114197
+79107114205
+79107114218
+79107114227
+79107114240
+79107114247
+79107114251
+79107114252
+79156400639
+79156407996
+79156408228
+79156408236
+79156408331
+79156408333
+79156408335
+79156408379
+79156408394
+79156408415
+79156300861
+79156300884
+79156300893
+79156308815
+79156308825
+79156308830
+79156308852
+79156308854
+79156308874
+79156308881
+79805774750
+79805780775
+79107602446
+79107602502
+79107602516
+79107603213
+79107603966
+79107604515
+79107605287
+79107605399
+79805774750
+79805780775
+79190400164
+79190400515
+79190400613
+79190401614
+79190402298
+79190402338
+79190402509
+79190402526
+79156501013
+79156507298
+79156508279
+79156510438
+79156510455
+79156510469
+79156510499
+79156510534
+79156510553
+79156510558
+79107114183
+79107114196
+79107114197
+79107114205
+79107114218
+79107114227
+79107114240
+79107114247
+79107114251
+79107114252
+79156400639
+79156407996
+79156408228
+79156408236
+79156408331
+79156408333
+79156408335
+79156408379
+79156408394
+79156408415
+79101113154
+79101113156
+79101113162
+79101113168
+79101113175
+79101113179
+79101113180
+79101113185
+79101113186
+79101113194
+79107805285
+79107806038
+79107806307
+79107806398
+79107806447
+79107806495
+79107806581
+79107806653
+79107806851
+79107806862
+79107114183
+79107114196
+79107114197
+79107114205
+79107114218
+79107114227
+79107114240
+79107114247
+79107114251
+79107114252
+79805774750
+79805780775
+79156501013
+79156507298
+79156508279
+79156510438
+79156510455
+79156510469
+79156510499
+79156510534
+79107114183
+79107114196
+79107114197
+79107114205
+79107114218
+79107114227
+79107114240
+79107114247
+79107114251
+79107114252
+79805774750
+79805780775
+79156501013
+79156507298
+79156508279
+79156510438
+79156510455
+79156510469
+79156510499
+79156510534
+79190400164
+79190400515
+79190400613
+79190401614
+79190402298
+79190402338
+79190402509
+79190402526
+79190402734
+79190403063
+79107602446
+79107602502
+79107602516
+79107603213
+79107603966
+79107604515
+79107605287
+79107605399
+79107605852
+79107606071
+79156501013
+79156507298
+79156508279
+79156510438
+79156510455
+79156510469
+79156510499
+79156510534
+79156510553
+79156510558
+79107805285
+79107806038
+79107806307
+79107806398
+79107806447
+79107806495
+79107806581
+79107806653
+79107806851
+79107806862
+79156300861
+79156300884
+79156300893
+79156308815
+79156308825
+79156308830
+79156308852
+79156308854
+79156308874
+79156308881
+79190400164
+79190400515
+79190400613
+79190401614
+79190402298
+79190402338
+79190402509
+79190402526
+79190402734
+79190403063
+79805774750
+79805780775
+79107805285
+79107806038
+79107806307
+79107806398
+79107806447
+79107806495
+79107806581
+79107806653
+79156501013
+79156507298
+79156508279
+79156510438
+79156510455
+79156510469
+79156510499
+79156510534
+79156510553
+79156510558
+79107602446
+79107602502
+79107602516
+79107603213
+79107603966
+79107604515
+79107605287
+79107605399
+79107605852
+79107606071
+79156501013
+79156507298
+79156508279
+79156510438
+79156510455
+79156510469
+79156510499
+79156510534
+79156510553
+79156510558
+79107114183
+79107114196
+79107114197
+79107114205
+79107114218
+79107114227
+79107114240
+79107114247
+79107114251
+79107114267
+79107114183
+79107114196
+79107114197
+79107114205
+79107114218
+79107114227
+79107114240
+79107114247
+79107114251
+79107114267
