+79111124937
+79112513991
+79818104097
+79111302456
+79111023506
+79112609705
+79111120902
+79119119741
+79817326432
+79818100396
+79119703183
+79119706481
+79118335049
+79811801689
+79112604602
+79117412325
+79111004462
+79819476026
+79818586163
+79112615837
+79110300450
+79112289596
+79110807356
+79117610959
+79118150937
+79818601418
+79117424381
+79112615728
+79819501284
+79811402650
+79811402961
+79117302092
+79819602059
+79111804996
+79112503398
+79816802440
+79111412798
+79110227624
+79819024452
+79817447048
