+79818380731
+79111412050
+79817115876
+79812702927
+79819601711
+79812006380
+79819399283
+79812702798
+79119120270
+79111203704
+79119505811
+79111102386
+79111649727
+79816935954
+79112307129
+79818586074
+79110295440
+79812120757
+79817512043
+79117205784
+79817204728
+79111649670
+79811101998
+79812006435
+79817313418
+79112941354
+79817204604
+79810511046
+79817446618
+79119982797
+79818104228
+79112125128
+79112431013
+79111752396
+79818601399
+79811601862
+79118205831
+79893359708
+79810222833
+79117900146
+79111752549
+79811417637
+79110295458
+79811801575
+79117900299
+79111590739
+79811719465
+79818009058
+79811405630
+79811719547
+79119844688
+79119700759
+79819162653
+79816935928
+79818009316
+79111023360
+79817951075
+79118335063
+79119844827
+79117900239
+79812832410
+79819023726
+79119005483
+79112124966
+79119844662
+79117205587
+79117544834
+79119701243
+79818601394
+79817802558
+79119844551
+79812703604
+79118404124
+79810322089
+79117201877
+79112612511
+79111403345
+79819475944
+79111124937
+79119502215
+79811719509
+79111405672
+79811102006
+79117138561
+79819808839
+79819024600
+79812903299
+79112513991
+79893561085
+79819399226
+79112289078
+79110271861
+79817044784
+79110295193
+79810322092
+79893430116
+79819802769
+79818104097
+79112289157
+79111302456
+79119505264
+79811719460
+79118151084
+79111023506
+79812006096
+79111590853
+79111203188
+79819982896
+79810511537
+79117544680
+79117305079
+79817447133
+79817514997
+79119120522
+79811237749
+79817325216
+79818710450
+79119342276
+79111023077
+79818104079
+79118205933
+79118335136
+79818002832
+79118200263
+79118151060
+79117748709
+79810222693
+79118205934
+79117610757
+79112701660
+79811801829
+79112609705
+79119106315
+79817329471
+79811923019
+79819162424
+79119707188
+79819162451
+79819982905
+79112612858
+79119909857
+79818104174
+79111752257
+79819604921
+79117003633
+79111003119
+79818902514
+79812833199
+79117411290
+79111408371
+79811310536
+79118151180
+79111649941
+79111752182
+79817115864
+79112301578
+79810412478
+79111003067
+79818236246
+79811237761
+79119003907
+79112003973
+79810122742
+79811601417
+79119962384
+79111414600
+79112002286
+79810027540
+79818586177
+79817514053
+79811502564
+79118402970
+79893530306
+79819162462
+79818900291
+79811102004
+79110295154
+79817503786
+79819024258
+79819203081
+79810223318
+79811601386
+79810027563
+79111203850
+79812905682
+79817044582
+79817830093
+79112515007
+79811102005
+79817203252
+79119405179
+79817115828
+79818380804
+79811719494
+79111022864
+79811719680
+79812703226
+79119120315
+79111203878
+79812904764
+79816801826
+79819603422
+79110948225
+79110948170
+79818586161
+79117748726
+79118335220
+79811101993
+79119121264
+79812120755
+79110300756
+79110948132
+79111590655
+79893425099
+79818380774
+79812006360
+79819024155
+79811923209
+79111120902
+79117138469
+79111403436
+79818903251
+79819982873
+79110800257
+79818710449
+79810223066
+79117411713
+79817446985
+79119982402
+79117138504
+79816803371
+79818900581
+79119342191
+79817951147
+79819023579
+79811504409
+79817951137
+79112615208
+79893430125
+79811237746
+79893359707
+79893561294
+79111752470
+79118335189
+79818236211
+79118405707
+79811101992
+79119119741
+79118150983
+79819754672
+79117138555
+79112309184
+79119342307
+79819024613
+79810511597
+79112941379
+79111752611
+79818902756
+79816935929
+79118205985
+79111301054
+79119982301
+79817326432
+79817830092
+79819605249
+79812520565
+79816935910
+79117748793
+79811801948
+79110295688
+79893431240
+79818100396
+79117748862
+79819475719
+79817328574
+79811719501
+79810412274
+79112308711
+79810511205
+79119983068
+79811418316
+79817830111
+79812600479
+79816976198
+79817513978
+79118151182
+79117544320
+79819982906
+79110295807
+79117205931
+79811801937
+79812600847
+79816804141
+79118401594
+79812831294
+79112941464
+79112124937
+79810411714
+79112701592
+79111203613
+79818104197
+79110948124
+79117544948
+79117004069
+79817115936
+79117610824
+79110300691
+79812520573
+79819203083
+79817115884
+79112000152
+79810322095
+79818005753
+79819982903
+79817830062
+79819203082
+79812903689
+79117903082
+79818902755
+79811801005
+79816803385
+79816935944
+79111301074
+79117305980
+79117004189
+79112003440
+79812903182
+79119703183
+79112308678
+79111200747
+79812006038
+79111022895
+79819203075
+79117544418
+79817951046
+79117610897
+79117302764
+79111590621
+79819475796
+79816979592
+79893560825
+79818900571
+79811417049
+79819500474
+79818008826
+79817510881
+79819399198
+79818901321
+79810027551
+79110295185
+79110948160
+79819754751
+79811237758
+79893359715
+79810223310
+79817044372
+79811507791
+79810122685
+79111407001
+79818586154
+79119706481
+79110300695
+79118335049
+79118335214
+79112289432
+79118206228
+79816935952
+79112518355
+79819162401
+79810410471
+79818236310
+79118401678
+79811801689
+79119002987
+79811312106
+79810511491
+79112430967
+79117544946
+79817204781
+79111127093
+79110295651
+79817830069
+79819754689
+79819804828
+79810223326
+79812600483
+79811923127
+79811312877
+79111123939
+79811307052
+79818104068
+79117610627
+79117900179
+79112700530
+79816803002
+79112125007
+79111650076
+79117701061
+79810122669
+79117901366
+79812904563
+79819754744
+79112604602
+79812005269
+79117412325
+79118335075
+79812004492
+79819754763
+79111649827
+79119404957
+79117305703
+79117138587
+79818009102
+79811237739
+79816802183
+79118151080
+79893359701
+79810027589
+79816976252
+79111004462
+79812003053
+79118151022
+79112289187
+79811501797
+79111800829
+79112431123
+79119844776
+79117004782
+79812520570
+79112703284
+79110300917
+79817513927
+79812121103
+79119403769
+79117202032
+79812520572
+79810122653
+79810027678
+79111803467
+79110295408
+79811923225
+79817951142
+79118150941
+79112615617
+79818008658
+79819500533
+79119404845
+79119002736
+79117544947
+79893530308
+79810122697
+79810223129
+79117004738
+79111004027
+79118335109
+79119404973
+79810412182
+79893359695
+79810412466
+79117901392
+79119005281
+79818902745
+79893432710
+79818104193
+79110948200
+79117302069
+79893530313
+79117610867
+79117204728
+79810511194
+79810122846
+79818236224
+79119982582
+79112702845
+79118405285
+79816984462
+79818601364
+79110295431
+79819475903
+79111301086
+79810510942
+79816935963
+79819476026
+79112941369
+79818586188
+79812601085
+79110300476
+79111106739
+79112289115
+79810412662
+79819603645
+79819501716
+79817044451
+79893359716
+79811801844
+79119005637
+79893359704
+79817446933
+79112701468
+79819802251
+79817830064
+79817327121
+79810411695
+79812520567
+79811310719
+79812501214
+79812702744
+79810122824
+79816978906
+79812120759
+79810222564
+79819806842
+79818586163
+79117412606
+79811237757
+79112289372
+79810122684
+79117305332
+79111002825
+79812120776
+79819162525
+79112615837
+79812120991
+79810122707
+79112431003
+79819399312
+79111590764
+79812703496
+79117610846
+79817316678
+79818709916
+79812120989
+79110300450
+79812827338
+79810511384
+79112941474
+79117205759
+79112289596
+79119342224
+79818601393
+79119120447
+79110295526
+79110295183
+79810122696
+79812701362
+79818380705
+79893432543
+79893430721
+79111300628
+79810511359
+79112308129
+79111752505
+79117610833
+79112941401
+79812120822
+79819603994
+79893530292
+79818380740
+79811311908
+79110948168
+79818901231
+79811600374
+79112004694
+79110807356
+79893359702
+79117544292
+79812520568
+79818380724
+79112289108
+79819162534
+79117138511
+79818236304
+79818236318
+79117004831
+79111023423
+79810322090
+79112300401
+79111649959
+79111752380
+79819475906
+79117138534
+79812827353
+79812833201
+79119512871
+79112941413
+79817830052
+79119504032
+79112000627
+79117610959
+79111003147
+79119342240
+79111590766
+79818586211
+79810322093
+79112289164
+79817044607
+79819475793
+79111804776
+79119405219
+79818009352
+79818710359
+79819801760
+79811801524
+79816984974
+79112431097
+79817115892
+79110948242
+79818236353
+79118404984
+79118150937
+79811719499
+79893560806
+79819399169
+79111023504
+79112001794
+79117004916
+79117748725
+79811601774
+79119121271
+79811923124
+79118150959
+79119702139
+79111108354
+79817502061
+79818236190
+79893430932
+79112605981
+79117304975
+79811418603
+79893530296
+79811801558
+79818601418
+79112517332
+79811101995
+79112703265
+79817044507
+79816979170
+79819023468
+79819982901
+79111003065
+79119515283
+79811923025
+79816935907
+79812901384
+79112508449
+79811600475
+79111202390
+79118205872
+79817116019
+79110300904
+79812121017
+79817205539
+79111301219
+79818586189
+79811923287
+79816978392
+79818004968
+79817447018
+79111802955
+79811505955
+79117901304
+79893530298
+79893359714
+79819504586
+79817115944
+79117401401
+79819503493
+79811101996
+79118402240
+79812600492
+79112430960
+79819203067
+79119983237
+79110272217
+79111003983
+79819399317
+79818604787
+79112430889
+79811407179
+79111650023
+79117304666
+79817204629
+79117424381
+79819024537
+79818710142
+79818586064
+79811923051
+79811237751
+79111005755
+79111752681
+79112615728
+79893530311
+79819804345
+79812005644
+79810027549
+79819501284
+79117004914
+79819602357
+79812600839
+79112307649
+79112510743
+79119404224
+79111300495
+79811923085
+79117004879
+79110948211
+79111411078
+79811509108
+79119706908
+79816802360
+79112003726
+79811407730
+79818601419
+79819505242
+79819203064
+79811402650
+79111203541
+79819162464
+79819737434
+79818710667
+79893561328
+79111650090
+79119511803
+79817204795
+79819506346
+79119982387
+79819023746
+79119844800
+79811237760
+79119000659
+79111590613
+79811601233
+79812600844
+79812833196
+79812005351
+79811504325
+79818601430
+79112507507
+79893431002
+79112125254
+79119342221
+79819982936
+79119703918
+79818236322
+79816975548
+79110295777
+79111650027
+79111300891
+79112941347
+79893560434
+79110295491
+79817446912
+79812831794
+79893431366
+79112509043
+79817326972
+79818601409
+79111649777
+79110300587
+79893530297
+79819203079
+79119504666
+79119844521
+79811402961
+79112302824
+79119405129
+79818709910
+79110806722
+79812905615
+79111752647
+79119844799
+79119983530
+79893560547
+79112124899
+79110807229
+79110808676
+79111125549
+79811237756
+79812903235
+79110233193
+79110803675
+79117302092
+79817446628
+79812827330
+79112308495
+79893560349
+79817321129
+79819602059
+79119342271
+79119511061
+79117610700
+79112125164
+79111805271
+79118205842
+79119405298
+79117406614
+79112002481
+79112430926
+79893359697
+79819475711
+79118335129
+79819746129
+79117138508
+79819982912
+79818104225
+79818604404
+79119844837
+79893560760
+79110295224
+79819162573
+79819806357
+79119342043
+79117919427
+79817951109
+79817507449
+79117004534
+79819982854
+79110300680
+79819805521
+79819399231
+79117419826
+79111590717
+79110808216
+79810027576
+79117748757
+79819203068
+79111804996
+79810410481
+79812827345
+79811408834
+79819476039
+79111804486
+79817208060
+79112503398
+79811601163
+79119111049
+79811237742
+79819399179
+79812703494
+79893515979
+79112941383
+79819604151
+79111752263
+79816802440
+79817446752
+79818380710
+79812600369
+79817951023
+79117305821
+79819476040
+79812702398
+79819399212
+79817205337
+79111023580
+79818009361
+79117748917
+79112431072
+79110807714
+79810412423
+79111022676
+79117748984
+79817115931
+79810027694
+79119003849
+79117410087
+79812520569
+79811310401
+79117205985
+79810223161
+79819399270
+79818236308
+79119702784
+79111414504
+79819203073
+79118402976
+79110802242
+79817446581
+79111302695
+79111412798
+79817951112
+79810027630
+79812520574
+79117544601
+79111003966
+79818710341
+79110272116
+79112125104
+79110806169
+79817951110
+79817951156
+79111127933
+79119002731
+79817206309
+79817830045
+79111803286
+79119342220
+79819754733
+79819203062
+79819500616
+79112004659
+79117901457
+79818586389
+79812120752
+79818710410
+79117004579
+79819735897
+79818709918
+79818901327
+79810027609
+79110227624
+79111803406
+79811719482
+79810223027
+79811501345
+79111124185
+79819807475
+79111590771
+79810322096
+79816802894
+79893530314
+79112615632
+79819024452
+79110300826
+79817115860
+79817447048
+79112125156
+79819603731
+79811101989
+79810322097
+79818104103
+79812600930
+79118206205
+79811719511
+79110948188
+79818380711
+79811507758
+79817326058
+79117138552
+79119844816
+79819507779
+79811923030
+79812701786
+79119514133
+79110295244
+79817511976
+79819754786
+79810322088
+79819982939
+79112125145
+79112703381
+79117205948
+79810222562
+79810322094
+79812902378
+79112507179
+79112289637
+79817044694
+79816804686
+79117610729
+79816935918
+79117205806
+79119342217
+79810511196
+79118335178
+79811508520
+79819162659
+79117749014
+79112941443
+79812600975
+79117544977
+79811307598
+79811308494
+79811801579
+79811309381
+79810322091
+79111022742
+79111805314
+79816978057
+79119703496
+79119005365
+79111590599
+79817044365
+79111306300
+79812520566
+79119108807
+79811601957
+79811601857
+79118401019
+79117407910
+79112430843
+79893560599
+79818380771
+79112703368
+79111203798
+79112703249
+79118201662
+79816935921
+79119404553
+79817044946
+79811102003
+79817044856
+79818380715
+79117138524
+79817830094
+79111202103
