+79112430843
+79112430889
+79112430926
+79112430960
+79112430967
+79112431003
+79112431013
+79112431072
+79112431097
+79112431123
+79817115828
+79817115860
+79817115864
+79817115876
+79817115884
+79817115892
+79817115931
+79817115936
+79817115944
+79817116019
+79119106315
+79119108807
+79119111049
+79119119741
+79119120270
+79119120315
+79119120447
+79119120522
+79119121264
+79119121271
+79111200747
+79111202103
+79111202390
+79111203188
+79111203541
+79111203613
+79111203704
+79111203798
+79111203850
+79111203878
+79818900291
+79818900571
+79818900581
+79818901231
+79818901321
+79818901327
+79818902514
+79818902745
+79818902755
+79818902756
+79117302069
+79117302092
+79117302764
+79117304666
+79117304975
+79117305079
+79117305332
+79117305703
+79117305821
+79117305980
+79110800257
+79110802242
+79110803675
+79110806169
+79110806722
+79110807229
+79110807356
+79110807714
+79110808216
+79110808676
+79812901384
+79812902378
+79812903182
+79812903235
+79812903299
+79812903689
+79812904563
+79812904764
+79812905615
+79812905682
+79110300450
+79110300476
+79110300587
+79110300680
+79110300691
+79110300695
+79110300756
+79110300826
+79110300904
+79110300917
+79818002832
+79818004968
+79818005753
+79818008658
+79818008826
+79818009058
+79818009102
+79818009316
+79818009352
+79818009361
+79117900146
+79117900179
+79117900239
+79117900299
+79117901304
+79117901366
+79117901392
+79117901457
+79117903082
+79117919427
+79112000152
+79112000627
+79112001794
+79112002286
+79112002481
+79112003440
+79112003726
+79112003973
+79112004659
+79112004694
+79811923019
+79811923025
+79811923030
+79811923051
+79811923085
+79811923124
+79811923127
+79811923209
+79811923225
+79811923287
+79818380705
+79818380710
+79818380711
+79818380715
+79818380724
+79818380731
+79818380740
+79818380771
+79818380774
+79818380804
+79817115828
+79817115860
+79817115864
+79817115876
+79817115884
+79817115892
+79817115931
+79817115936
+79817115944
+79817116019
+79812827330
+79812827338
+79812827345
+79812827353
+79812831294
+79812831794
+79812832410
+79812833196
+79812833199
+79812833201
+79810027540
+79810027549
+79810027551
+79810027563
+79810027576
+79810027589
+79810027609
+79810027630
+79810027678
+79810027694
+79119342043
+79119342191
+79119342217
+79119342220
+79119342221
+79119342224
+79119342240
+79119342271
+79119342276
+79119342307
+79811402650
+79811402961
+79811405630
+79811407179
+79811407730
+79811408834
+79811417049
+79811417637
+79811418316
+79811418603
+79119502215
+79119504032
+79119504666
+79119505264
+79119505811
+79119511061
+79119511803
+79119512871
+79119514133
+79119515283
+79816935907
+79816935910
+79816935918
+79816935921
+79816935928
+79816935929
+79816935944
+79816935952
+79816935954
+79816935963
+79812600369
+79812600479
+79812600483
+79812600492
+79812600839
+79812600844
+79812600847
+79812600930
+79812600975
+79812601085
+79112941347
+79112941354
+79112941369
+79112941379
+79112941383
+79112941401
+79112941413
+79112941443
+79112941464
+79112941474
+79812901384
+79812902378
+79812903182
+79812903235
+79812903299
+79812903689
+79812904563
+79812904764
+79812905615
+79812905682
+79119502215
+79119504032
+79119504666
+79119505264
+79119505811
+79119511061
+79119511803
+79119512871
+79119514133
+79119515283
+79810027540
+79810027549
+79810027551
+79810027563
+79810027576
+79810027589
+79810027609
+79810027630
+79810027678
+79810027694
+79110227624
+79110233193
+79110271861
+79110272116
+79110272217
+79110295154
+79110295183
+79110295185
+79110295193
+79110295224
+79119909857
+79119962384
+79119982301
+79119982387
+79119982402
+79119982582
+79119982797
+79119983068
+79119983237
+79119983530
+79811237739
+79811237742
+79811237746
+79811237749
+79811237751
+79811237756
+79811237757
+79811237758
+79811237760
+79811237761
+79817115828
+79817115860
+79817115864
+79817115876
+79817115884
+79817115892
+79817115931
+79817115936
+79817115944
+79817116019
+79818380705
+79818380710
+79818380711
+79818380715
+79818380724
+79818380731
+79818380740
+79818380771
+79818380774
+79818380804
+79819982854
+79819982873
+79819982896
+79819982901
+79819982903
+79819982905
+79819982906
+79819982912
+79819982936
+79819982939
+79812003053
+79812004492
+79812005269
+79812005351
+79812005644
+79812006038
+79812006096
+79812006360
+79812006380
+79812006435
+79893359695
+79893359697
+79893359701
+79893359702
+79893359704
+79893359707
+79893359708
+79893359714
+79893359715
+79893359716
+79893425099
+79893430116
+79893430125
+79893430721
+79893430932
+79893431002
+79893431240
+79893431366
+79893432543
+79893432710
+79111102386
+79111106739
+79111108354
+79111120902
+79111123939
+79111124185
+79111124937
+79111125549
+79111127093
+79111127933
+79112430843
+79112430889
+79112430926
+79112430960
+79112430967
+79112431003
+79112431013
+79112431072
+79112431097
+79112431123
+79112700530
+79112701468
+79112701592
+79112701660
+79112702845
+79112703249
+79112703265
+79112703284
+79112703368
+79112703381
+79111649670
+79111649727
+79111649777
+79111649827
+79111649941
+79111649959
+79111650023
+79111650027
+79111650076
+79111650090
+79119000659
+79119002731
+79119002736
+79119002987
+79119003849
+79119003907
+79119005281
+79119005365
+79119005483
+79119005637
+79811307052
+79811307598
+79811308494
+79811309381
+79811310401
+79811310536
+79811310719
+79811311908
+79811312106
+79811312877
+79119502215
+79119504032
+79119504666
+79119505264
+79119505811
+79119511061
+79119511803
+79119512871
+79119514133
+79119515283
+79112604602
+79112605981
+79112609705
+79112612511
+79112612858
+79112615208
+79112615617
+79112615632
+79112615728
+79112615837
+79819023468
+79819023579
+79819023726
+79819023746
+79819024155
+79819024258
+79819024452
+79819024537
+79819024600
+79819024613
+79117201877
+79117202032
+79117204728
+79117205587
+79117205759
+79117205784
+79117205806
+79117205931
+79117205948
+79117205985
+79119342043
+79119342191
+79119342217
+79119342220
+79119342221
+79119342224
+79119342240
+79119342271
+79119342276
+79119342307
+79818380705
+79818380710
+79818380711
+79818380715
+79818380724
+79818380731
+79818380740
+79818380771
+79818380774
+79818380804
+79818709910
+79818709916
+79818709918
+79818710142
+79818710341
+79818710359
+79818710410
+79818710449
+79818710450
+79818710667
+79812827330
+79812827338
+79812827345
+79812827353
+79812831294
+79812831794
+79812832410
+79812833196
+79812833199
+79812833201
+79810510942
+79810511046
+79810511194
+79810511196
+79810511205
+79810511359
+79810511384
+79810511491
+79810511537
+79810511597
+79817446581
+79817446618
+79817446628
+79817446752
+79817446912
+79817446933
+79817446985
+79817447018
+79817447048
+79817447133
+79811237739
+79811237742
+79811237746
+79811237749
+79811237751
+79811237756
+79811237757
+79811237758
+79811237760
+79811237761
+79119106315
+79119108807
+79119111049
+79119119741
+79119120270
+79119120315
+79119120447
+79119120522
+79119121264
+79119121271
+79893359695
+79893359697
+79893359701
+79893359702
+79893359704
+79893359707
+79893359708
+79893359714
+79893359715
+79893359716
+79117401401
+79117406614
+79117407910
+79117410087
+79117411290
+79117411713
+79117412325
+79117412606
+79117419826
+79117424381
+79819023468
+79819023579
+79819023726
+79819023746
+79819024155
+79819024258
+79819024452
+79819024537
+79819024600
+79819024613
+79119342043
+79119342191
+79119342217
+79119342220
+79119342221
+79119342224
+79119342240
+79119342271
+79119342276
+79119342307
+79112300401
+79112301578
+79112302824
+79112307129
+79112307649
+79112308129
+79112308495
+79112308678
+79112308711
+79112309184
+79816801826
+79816802183
+79816802360
+79816802440
+79816802894
+79816803002
+79816803371
+79816803385
+79816804141
+79816804686
+79119106315
+79119108807
+79119111049
+79119119741
+79119120270
+79119120315
+79119120447
+79119120522
+79119121264
+79119121271
+79810222562
+79810222564
+79810222693
+79810222833
+79810223027
+79810223066
+79810223129
+79810223161
+79810223310
+79810223318
+79119844521
+79119844551
+79119844662
+79119844688
+79119844776
+79119844799
+79119844800
+79119844816
+79119844827
+79119844837
+79111403345
+79111403436
+79111405672
+79111407001
+79111408371
+79111411078
+79111412050
+79111412798
+79111414504
+79111414600
+79117544292
+79117544320
+79117544418
+79117544601
+79117544680
+79117544834
+79117544946
+79117544947
+79117544948
+79117544977
+79893515979
+79893530292
+79893530296
+79893530297
+79893530298
+79893530306
+79893530308
+79893530311
+79893530313
+79893530314
+79117003633
+79117004069
+79117004189
+79117004534
+79117004579
+79117004738
+79117004782
+79117004831
+79117004879
+79117004914
+79111590599
+79111590613
+79111590621
+79111590655
+79111590717
+79111590739
+79111590764
+79111590766
+79111590771
+79111590853
+79111403345
+79111403436
+79111405672
+79111407001
+79111408371
+79111411078
+79111412050
+79111412798
+79111414504
+79111414600
+79810222562
+79810222564
+79810222693
+79810222833
+79810223027
+79810223066
+79810223129
+79810223161
+79810223310
+79810223318
+79112941347
+79112941354
+79112941369
+79112941379
+79112941383
+79112941401
+79112941413
+79112941443
+79112941464
+79112941474
+79812003053
+79812004492
+79812005269
+79812005351
+79812005644
+79812006038
+79812006096
+79812006360
+79812006380
+79812006435
+79117401401
+79117406614
+79117407910
+79117410087
+79117411290
+79117411713
+79117412325
+79117412606
+79117419826
+79117424381
+79817203252
+79817204604
+79817204629
+79817204728
+79817204781
+79817204795
+79817205337
+79817205539
+79817206309
+79817208060
+79111002825
+79111003065
+79111003067
+79111003119
+79111003147
+79111003966
+79111003983
+79111004027
+79111004462
+79111005755
+79111752182
+79111752257
+79111752263
+79111752380
+79111752396
+79111752470
+79111752505
+79111752549
+79111752611
+79111752647
+79818586064
+79818586074
+79818586154
+79818586161
+79818586163
+79818586177
+79818586188
+79818586189
+79818586211
+79818586389
+79811719460
+79811719465
+79811719482
+79811719494
+79811719499
+79811719501
+79811719509
+79811719511
+79811719547
+79811719680
+79819801760
+79819802251
+79819802769
+79819804345
+79819804828
+79819805521
+79819806357
+79819806842
+79819807475
+79819808839
+79119909857
+79119962384
+79119982301
+79119982387
+79119982402
+79119982582
+79119982797
+79119983068
+79119983237
+79119983530
+79110233193
+79110271861
+79110272116
+79110272217
+79110295154
+79110295183
+79110295185
+79110295193
+79110295224
+79110295244
+79893425099
+79893430116
+79893430125
+79893430721
+79893430932
+79893431002
+79893431240
+79893431366
+79893432543
+79893432710
+79893560349
+79893560434
+79893560547
+79893560599
+79893560760
+79893560806
+79893560825
+79893561085
+79893561294
+79893561328
+79118150937
+79118150941
+79118150959
+79118150983
+79118151022
+79118151060
+79118151080
+79118151084
+79118151180
+79118151182
+79818709910
+79818709916
+79818709918
+79818710142
+79818710341
+79818710359
+79818710410
+79818710449
+79818710450
+79818710667
+79119844521
+79119844551
+79119844662
+79119844688
+79119844776
+79119844799
+79119844800
+79119844816
+79119844827
+79119844837
+79818100396
+79818104068
+79818104079
+79818104097
+79818104103
+79818104174
+79818104193
+79818104197
+79818104225
+79818104228
+79112503398
+79112507179
+79112507507
+79112508449
+79112509043
+79112510743
+79112513991
+79112515007
+79112517332
+79112518355
+79810322088
+79810322089
+79810322090
+79810322091
+79810322092
+79810322093
+79810322094
+79810322095
+79810322096
+79810322097
+79111002825
+79111003065
+79111003067
+79111003119
+79111003147
+79111003966
+79111003983
+79111004027
+79111004462
+79111005755
+79819475711
+79819475719
+79819475793
+79819475796
+79819475903
+79819475906
+79819475944
+79819476026
+79819476039
+79819476040
+79817802558
+79817830045
+79817830052
+79817830062
+79817830064
+79817830069
+79817830092
+79817830093
+79817830094
+79817830111
+79112289078
+79112289108
+79112289115
+79112289157
+79112289164
+79112289187
+79112289372
+79112289432
+79112289596
+79112289637
+79810222562
+79810222564
+79810222693
+79810222833
+79810223027
+79810223066
+79810223129
+79810223161
+79810223310
+79810223318
+79118200263
+79118201662
+79118205831
+79118205842
+79118205872
+79118205933
+79118205934
+79118205985
+79118206205
+79118206228
+79818586064
+79818586074
+79818586154
+79818586161
+79818586163
+79818586177
+79818586188
+79818586189
+79818586211
+79818586389
+79117610627
+79117610700
+79117610729
+79117610757
+79117610824
+79117610833
+79117610846
+79117610867
+79117610897
+79117610959
+79118200263
+79118201662
+79118205831
+79118205842
+79118205872
+79118205933
+79118205934
+79118205985
+79118206205
+79118206228
+79816801826
+79816802183
+79816802360
+79816802440
+79816802894
+79816803002
+79816803371
+79816803385
+79816804141
+79816804686
+79818380705
+79818380710
+79818380711
+79818380715
+79818380724
+79818380731
+79818380740
+79818380771
+79818380774
+79818380804
+79817502061
+79817503786
+79817507449
+79817510881
+79817511976
+79817512043
+79817513927
+79817513978
+79817514053
+79817514997
+79819982854
+79819982873
+79819982896
+79819982901
+79819982903
+79819982905
+79819982906
+79819982912
+79819982936
+79819982939
+79117003633
+79117004069
+79117004189
+79117004534
+79117004579
+79117004738
+79117004782
+79117004831
+79117004879
+79117004914
+79118335049
+79118335063
+79118335075
+79118335109
+79118335129
+79118335136
+79118335178
+79118335189
+79118335214
+79118335220
+79818900291
+79818900571
+79818900581
+79818901231
+79818901321
+79818901327
+79818902514
+79818902745
+79818902756
+79818903251
+79111800829
+79111802955
+79111803286
+79111803406
+79111803467
+79111804486
+79111804776
+79111804996
+79111805271
+79111805314
+79893359695
+79893359697
+79893359701
+79893359702
+79893359704
+79893359707
+79893359708
+79893359714
+79893359715
+79893359716
+79810222562
+79810222564
+79810222693
+79810222833
+79810223027
+79810223066
+79810223129
+79810223161
+79810223310
+79810223318
+79117201877
+79117202032
+79117204728
+79117205587
+79117205759
+79117205784
+79117205806
+79117205931
+79117205948
+79117205985
+79819162401
+79819162424
+79819162451
+79819162462
+79819162464
+79819162525
+79819162534
+79819162573
+79819162653
+79819162659
+79893425099
+79893430116
+79893430125
+79893430721
+79893430932
+79893431002
+79893431240
+79893431366
+79893432543
+79893432710
+79111002825
+79111003065
+79111003067
+79111003119
+79111003147
+79111003966
+79111003983
+79111004027
+79111004462
+79111005755
+79112700530
+79112701468
+79112701592
+79112701660
+79112702845
+79112703249
+79112703265
+79112703284
+79112703368
+79112703381
+79812901384
+79812902378
+79812903182
+79812903235
+79812903299
+79812903689
+79812904563
+79812904764
+79812905615
+79812905682
+79111300495
+79111300628
+79111300891
+79111301054
+79111301074
+79111301086
+79111301219
+79111302456
+79111302695
+79111306300
+79111590599
+79111590613
+79111590621
+79111590655
+79111590717
+79111590739
+79111590764
+79111590766
+79111590771
+79111590853
+79819735897
+79819737434
+79819746129
+79819754672
+79819754689
+79819754733
+79819754744
+79819754751
+79819754763
+79819754786
+79818709910
+79818709916
+79818709918
+79818710142
+79818710341
+79818710359
+79818710410
+79818710449
+79818710450
+79818710667
+79811501345
+79811501797
+79811502564
+79811504325
+79811504409
+79811505955
+79811507758
+79811507791
+79811508520
+79811509108
+79111200747
+79111202103
+79111202390
+79111203188
+79111203541
+79111203613
+79111203704
+79111203798
+79111203850
+79111203878
+79111752182
+79111752257
+79111752263
+79111752380
+79111752396
+79111752470
+79111752549
+79111752611
+79111752647
+79111752681
+79812120752
+79812120755
+79812120757
+79812120759
+79812120776
+79812120822
+79812120989
+79812120991
+79812121017
+79812121103
+79118150937
+79118150941
+79118150959
+79118150983
+79118151022
+79118151060
+79118151080
+79118151084
+79118151180
+79118151182
+79893359695
+79893359697
+79893359701
+79893359702
+79893359704
+79893359707
+79893359708
+79893359714
+79893359715
+79893359716
+79119403769
+79119404224
+79119404553
+79119404845
+79119404957
+79119404973
+79119405129
+79119405179
+79119405219
+79119405298
+79111002825
+79111003065
+79111003067
+79111003119
+79111003147
+79111003966
+79111003983
+79111004027
+79111004462
+79111005755
+79819982854
+79819982873
+79819982896
+79819982901
+79819982903
+79819982905
+79819982906
+79819982912
+79819982936
+79819982939
+79893560349
+79893560434
+79893560547
+79893560599
+79893560760
+79893560806
+79893560825
+79893561085
+79893561294
+79893561328
+79818586064
+79818586074
+79818586154
+79818586161
+79818586163
+79818586177
+79818586188
+79818586189
+79818586211
+79818586389
+79818900291
+79818900571
+79818900581
+79818901231
+79818901321
+79818901327
+79818902514
+79818902745
+79818902756
+79818903251
+79117701061
+79117748709
+79117748725
+79117748726
+79117748757
+79117748793
+79117748862
+79117748917
+79117748984
+79117749014
+79110300450
+79110300476
+79110300587
+79110300680
+79110300691
+79110300695
+79110300756
+79110300826
+79110300904
+79110300917
+79112124899
+79112124937
+79112124966
+79112125007
+79112125104
+79112125128
+79112125145
+79112125156
+79112125164
+79112125254
+79119700759
+79119701243
+79119702139
+79119702784
+79119703183
+79119703496
+79119703918
+79119706481
+79119706908
+79119707188
+79817313418
+79817316678
+79817321129
+79817325216
+79817326058
+79817326432
+79817326972
+79817327121
+79817328574
+79817329471
+79893425099
+79893430116
+79893430125
+79893430721
+79893430932
+79893431002
+79893431240
+79893431366
+79893432543
+79893432710
+79810410471
+79810410481
+79810411695
+79810411714
+79810412182
+79810412274
+79810412423
+79810412466
+79810412478
+79810412662
+79817446581
+79817446618
+79817446628
+79817446752
+79817446912
+79817446933
+79817446985
+79817447018
+79817447048
+79817447133
+79893515979
+79893530292
+79893530296
+79893530297
+79893530298
+79893530306
+79893530308
+79893530311
+79893530313
+79893530314
+79111002825
+79111003065
+79111003067
+79111003119
+79111003147
+79111003966
+79111003983
+79111004027
+79111004462
+79111005755
+79118335049
+79118335063
+79118335075
+79118335109
+79118335129
+79118335136
+79118335178
+79118335189
+79118335214
+79118335220
+79819982854
+79819982873
+79819982896
+79819982901
+79819982903
+79819982905
+79819982906
+79819982912
+79819982936
+79819982939
+79819399169
+79819399179
+79819399198
+79819399212
+79819399226
+79819399231
+79819399270
+79819399283
+79819399312
+79819399317
+79817115828
+79817115860
+79817115864
+79817115876
+79817115884
+79817115892
+79817115931
+79817115936
+79817115944
+79817116019
+79112604602
+79112605981
+79112609705
+79112612511
+79112612858
+79112615208
+79112615617
+79112615632
+79112615728
+79112615837
+79117302069
+79117302092
+79117302764
+79117304666
+79117304975
+79117305079
+79117305332
+79117305703
+79117305821
+79117305980
+79819399169
+79819399179
+79819399198
+79819399212
+79819399226
+79819399231
+79819399270
+79819399283
+79819399312
+79819399317
+79811237739
+79811237742
+79811237746
+79811237749
+79811237751
+79811237756
+79811237757
+79811237758
+79811237760
+79811237761
+79819601711
+79819602059
+79819602357
+79819603422
+79819603645
+79819603731
+79819603994
+79819604151
+79819604921
+79819605249
+79818002832
+79818004968
+79818005753
+79818008658
+79818008826
+79818009058
+79818009102
+79818009316
+79818009352
+79818009361
+79112289078
+79112289108
+79112289115
+79112289157
+79112289164
+79112289187
+79112289372
+79112289432
+79112289596
+79112289637
+79818236190
+79818236211
+79818236224
+79818236246
+79818236304
+79818236308
+79818236310
+79818236318
+79818236322
+79818236353
+79111590599
+79111590613
+79111590621
+79111590655
+79111590717
+79111590739
+79111590764
+79111590766
+79111590771
+79111590853
+79118150937
+79118150941
+79118150959
+79118150983
+79118151022
+79118151060
+79118151080
+79118151084
+79118151180
+79118151182
+79111300495
+79111300628
+79111300891
+79111301054
+79111301074
+79111301086
+79111301219
+79111302456
+79111302695
+79111306300
+79817951023
+79817951046
+79817951075
+79817951109
+79817951110
+79817951112
+79817951137
+79817951142
+79817951147
+79817951156
+79119403769
+79119404224
+79119404553
+79119404845
+79119404957
+79119404973
+79119405129
+79119405179
+79119405219
+79119405298
+79811237739
+79811237742
+79811237746
+79811237749
+79811237751
+79811237756
+79811237757
+79811237758
+79811237760
+79811237761
+79811101989
+79811101992
+79811101993
+79811101995
+79811101996
+79811101998
+79811102003
+79811102004
+79811102005
+79811102006
+79812120752
+79812120755
+79812120757
+79812120759
+79812120776
+79812120822
+79812120989
+79812120991
+79812121017
+79812121103
+79817446581
+79817446618
+79817446628
+79817446752
+79817446912
+79817446933
+79817446985
+79817447018
+79817447048
+79817447133
+79119909857
+79119962384
+79119982301
+79119982387
+79119982402
+79119982582
+79119982797
+79119983068
+79119983237
+79119983530
+79117003633
+79117004069
+79117004189
+79117004534
+79117004579
+79117004738
+79117004782
+79117004831
+79117004879
+79117004914
+79117201877
+79117202032
+79117204728
+79117205587
+79117205759
+79117205784
+79117205806
+79117205931
+79117205948
+79117205985
+79112000152
+79112000627
+79112001794
+79112002286
+79112002481
+79112003440
+79112003726
+79112003973
+79112004659
+79112004694
+79119502215
+79119504032
+79119504666
+79119505264
+79119505811
+79119511061
+79119511803
+79119512871
+79119514133
+79119515283
+79817951023
+79817951046
+79817951075
+79817951109
+79817951110
+79817951112
+79817951137
+79817951142
+79817951147
+79817951156
+79819982854
+79819982873
+79819982896
+79819982901
+79819982903
+79819982905
+79819982906
+79819982912
+79819982936
+79819982939
+79817951023
+79817951046
+79817951075
+79817951109
+79817951110
+79817951112
+79817951137
+79817951142
+79817951147
+79817951156
+79816801826
+79816802183
+79816802360
+79816802440
+79816802894
+79816803002
+79816803371
+79816803385
+79816804141
+79816804686
+79110295408
+79110295431
+79110295440
+79110295458
+79110295491
+79110295526
+79110295651
+79110295688
+79110295777
+79110295807
+79893359695
+79893359697
+79893359701
+79893359702
+79893359704
+79893359707
+79893359708
+79893359714
+79893359715
+79893359716
+79810122653
+79810122669
+79810122684
+79810122685
+79810122696
+79810122697
+79810122707
+79810122742
+79810122824
+79810122846
+79110295408
+79110295431
+79110295440
+79110295458
+79110295491
+79110295526
+79110295651
+79110295688
+79110295777
+79110295807
+79112289078
+79112289108
+79112289115
+79112289157
+79112289164
+79112289187
+79112289372
+79112289432
+79112289596
+79112289637
+79818236190
+79818236211
+79818236224
+79818236246
+79818236304
+79818236308
+79818236310
+79818236318
+79818236322
+79818236353
+79810222562
+79810222564
+79810222693
+79810222833
+79810223027
+79810223066
+79810223129
+79810223161
+79810223310
+79810223318
+79818002832
+79818004968
+79818005753
+79818008658
+79818008826
+79818009058
+79818009102
+79818009316
+79818009352
+79818009361
+79118335049
+79118335063
+79118335075
+79118335109
+79118335129
+79118335136
+79118335178
+79118335189
+79118335214
+79118335220
+79111022676
+79111022742
+79111022864
+79111022895
+79111023077
+79111023360
+79111023423
+79111023504
+79111023506
+79111023580
+79817502061
+79817503786
+79817507449
+79817510881
+79817511976
+79817512043
+79817513927
+79817513978
+79817514053
+79817514997
+79812600369
+79812600479
+79812600483
+79812600492
+79812600839
+79812600844
+79812600847
+79812600930
+79812600975
+79812601085
+79119909857
+79119962384
+79119982301
+79119982387
+79119982402
+79119982582
+79119982797
+79119983068
+79119983237
+79119983530
+79812003053
+79812004492
+79812005269
+79812005351
+79812005644
+79812006038
+79812006096
+79812006360
+79812006380
+79812006435
+79893425099
+79893430116
+79893430125
+79893430721
+79893430932
+79893431002
+79893431240
+79893431366
+79893432543
+79893432710
+79818002832
+79818004968
+79818005753
+79818008658
+79818008826
+79818009058
+79818009102
+79818009316
+79818009352
+79818009361
+79819203062
+79819203064
+79819203067
+79819203068
+79819203073
+79819203075
+79819203079
+79819203081
+79819203082
+79819203083
+79117610627
+79117610700
+79117610729
+79117610757
+79117610824
+79117610833
+79117610846
+79117610867
+79117610897
+79117610959
+79111403345
+79111403436
+79111405672
+79111407001
+79111408371
+79111411078
+79111412050
+79111412798
+79111414504
+79111414600
+79819500474
+79819500533
+79819500616
+79819501284
+79819501716
+79819503493
+79819504586
+79819505242
+79819506346
+79819507779
+79812600369
+79812600479
+79812600483
+79812600492
+79812600839
+79812600844
+79812600847
+79812600930
+79812600975
+79812601085
+79812827330
+79812827338
+79812827345
+79812827353
+79812831294
+79812831794
+79812832410
+79812833196
+79812833199
+79812833201
+79110295408
+79110295431
+79110295440
+79110295458
+79110295491
+79110295526
+79110295651
+79110295688
+79110295777
+79110295807
+79810122653
+79810122669
+79810122684
+79810122685
+79810122696
+79810122697
+79810122707
+79810122742
+79810122824
+79810122846
+79117900146
+79117900179
+79117900239
+79117900299
+79117901304
+79117901366
+79117901392
+79117901457
+79117903082
+79117919427
+79111800829
+79111802955
+79111803286
+79111803406
+79111803467
+79111804486
+79111804776
+79111804996
+79111805271
+79111805314
+79118200263
+79118201662
+79118205831
+79118205842
+79118205872
+79118205933
+79118205934
+79118205985
+79118206205
+79118206228
+79112941347
+79112941354
+79112941369
+79112941379
+79112941383
+79112941401
+79112941413
+79112941443
+79112941464
+79112941474
+79819982854
+79819982873
+79819982896
+79819982901
+79819982903
+79819982905
+79819982906
+79819982912
+79819982936
+79819982939
+79812827330
+79812827338
+79812827345
+79812827353
+79812831294
+79812831794
+79812832410
+79812833196
+79812833199
+79812833201
+79117302069
+79117302092
+79117302764
+79117304666
+79117304975
+79117305079
+79117305332
+79117305703
+79117305821
+79117305980
+79817951023
+79817951046
+79817951075
+79817951109
+79817951110
+79817951112
+79817951137
+79817951142
+79817951147
+79817951156
+79810122653
+79810122669
+79810122684
+79810122685
+79810122696
+79810122697
+79810122707
+79810122742
+79810122824
+79810122846
+79819982854
+79819982873
+79819982896
+79819982901
+79819982903
+79819982905
+79819982906
+79819982912
+79819982936
+79819982939
+79111649670
+79111649727
+79111649777
+79111649827
+79111649941
+79111649959
+79111650023
+79111650027
+79111650076
+79111650090
+79112503398
+79112507179
+79112507507
+79112508449
+79112509043
+79112510743
+79112513991
+79112515007
+79112517332
+79112518355
+79117138469
+79117138504
+79117138508
+79117138511
+79117138524
+79117138534
+79117138552
+79117138555
+79117138561
+79117138587
+79811923019
+79811923025
+79811923030
+79811923051
+79811923085
+79811923124
+79811923127
+79811923209
+79811923225
+79811923287
+79112289078
+79112289108
+79112289115
+79112289157
+79112289164
+79112289187
+79112289372
+79112289432
+79112289596
+79112289637
+79810410471
+79810410481
+79810411695
+79810411714
+79810412182
+79810412274
+79810412423
+79810412466
+79810412478
+79810412662
+79117138469
+79117138504
+79117138508
+79117138511
+79117138524
+79117138534
+79117138552
+79117138555
+79117138561
+79117138587
+79118401019
+79118401594
+79118401678
+79118402240
+79118402970
+79118402976
+79118404124
+79118404984
+79118405285
+79118405707
+79893515979
+79893530292
+79893530296
+79893530297
+79893530298
+79893530306
+79893530308
+79893530311
+79893530313
+79893530314
+79819735897
+79819737434
+79819746129
+79819754672
+79819754689
+79819754733
+79819754744
+79819754751
+79819754763
+79819754786
+79818586064
+79818586074
+79818586154
+79818586161
+79818586163
+79818586177
+79818586188
+79818586189
+79818586211
+79818586389
+79118200263
+79118201662
+79118205831
+79118205842
+79118205872
+79118205933
+79118205934
+79118205985
+79118206205
+79118206228
+79812701362
+79812701786
+79812702398
+79812702744
+79812702798
+79812702927
+79812703226
+79812703494
+79812703496
+79812703604
+79819735897
+79819737434
+79819746129
+79819754672
+79819754689
+79819754733
+79819754744
+79819754751
+79819754763
+79819754786
+79118401019
+79118401594
+79118401678
+79118402240
+79118402970
+79118402976
+79118404124
+79118404984
+79118405285
+79118405707
+79112300401
+79112301578
+79112302824
+79112307129
+79112307649
+79112308129
+79112308495
+79112308678
+79112308711
+79112309184
+79812003053
+79812004492
+79812005269
+79812005351
+79812005644
+79812006038
+79812006096
+79812006360
+79812006380
+79812006435
+79111200747
+79111202103
+79111202390
+79111203188
+79111203541
+79111203613
+79111203704
+79111203798
+79111203850
+79111203878
+79117900146
+79117900179
+79117900239
+79117900299
+79117901304
+79117901366
+79117901392
+79117901457
+79117903082
+79117919427
+79818380705
+79818380710
+79818380711
+79818380715
+79818380724
+79818380731
+79818380740
+79818380771
+79818380774
+79818380804
+79818900291
+79818900571
+79818900581
+79818901231
+79818901321
+79818901327
+79818902514
+79818902745
+79818902756
+79818903251
+79117004069
+79117004189
+79117004534
+79117004579
+79117004738
+79117004782
+79117004831
+79117004879
+79117004914
+79117004916
+79812600369
+79812600479
+79812600483
+79812600492
+79812600839
+79812600844
+79812600847
+79812600930
+79812600975
+79812601085
+79818236190
+79818236211
+79818236224
+79818236246
+79818236304
+79818236308
+79818236310
+79818236318
+79818236322
+79818236353
+79893425099
+79893430116
+79893430125
+79893430721
+79893430932
+79893431002
+79893431240
+79893431366
+79893432543
+79893432710
+79117201877
+79117202032
+79117204728
+79117205587
+79117205759
+79117205784
+79117205806
+79117205931
+79117205948
+79117205985
+79118335049
+79118335063
+79118335075
+79118335109
+79118335129
+79118335136
+79118335178
+79118335189
+79118335214
+79118335220
+79817203252
+79817204604
+79817204629
+79817204728
+79817204781
+79817204795
+79817205337
+79817205539
+79817206309
+79817208060
+79816935907
+79816935910
+79816935918
+79816935921
+79816935928
+79816935929
+79816935944
+79816935952
+79816935954
+79816935963
+79817044365
+79817044372
+79817044451
+79817044507
+79817044582
+79817044607
+79817044694
+79817044784
+79817044856
+79817044946
+79811600374
+79811600475
+79811601163
+79811601233
+79811601386
+79811601417
+79811601774
+79811601857
+79811601862
+79811601957
+79812501214
+79812520565
+79812520566
+79812520567
+79812520568
+79812520569
+79812520570
+79812520572
+79812520573
+79812520574
+79111590599
+79111590613
+79111590621
+79111590655
+79111590717
+79111590739
+79111590764
+79111590766
+79111590771
+79111590853
+79811801005
+79811801524
+79811801558
+79811801575
+79811801579
+79811801689
+79811801829
+79811801844
+79811801937
+79811801948
+79111649670
+79111649727
+79111649777
+79111649827
+79111649941
+79111649959
+79111650023
+79111650027
+79111650076
+79111650090
+79117610627
+79117610700
+79117610729
+79117610757
+79117610824
+79117610833
+79117610846
+79117610867
+79117610897
+79117610959
+79112289078
+79112289108
+79112289115
+79112289157
+79112289164
+79112289187
+79112289372
+79112289432
+79112289596
+79112289637
+79818100396
+79818104068
+79818104079
+79818104097
+79818104103
+79818104174
+79818104193
+79818104197
+79818104225
+79818104228
+79118401019
+79118401594
+79118401678
+79118402240
+79118402970
+79118402976
+79118404124
+79118404984
+79118405285
+79118405707
+79811719460
+79811719465
+79811719482
+79811719494
+79811719499
+79811719501
+79811719509
+79811719511
+79811719547
+79811719680
+79810322088
+79810322089
+79810322090
+79810322091
+79810322092
+79810322093
+79810322094
+79810322095
+79810322096
+79810322097
+79110300450
+79110300476
+79110300587
+79110300680
+79110300691
+79110300695
+79110300756
+79110300826
+79110300904
+79110300917
+79110948124
+79110948132
+79110948160
+79110948168
+79110948170
+79110948188
+79110948200
+79110948211
+79110948225
+79110948242
+79818236190
+79818236211
+79818236224
+79818236246
+79818236304
+79818236308
+79818236310
+79818236318
+79818236322
+79818236353
+79817044365
+79817044372
+79817044451
+79817044507
+79817044582
+79817044607
+79817044694
+79817044784
+79817044856
+79817044946
+79811719460
+79811719465
+79811719482
+79811719494
+79811719499
+79811719501
+79811719509
+79811719511
+79811719547
+79811719680
+79817951023
+79817951046
+79817951075
+79817951109
+79817951110
+79817951112
+79817951137
+79817951142
+79817951147
+79817951156
+79110295408
+79110295431
+79110295440
+79110295458
+79110295491
+79110295526
+79110295651
+79110295688
+79110295777
+79110295807
+79819601711
+79819602059
+79819602357
+79819603422
+79819603645
+79819603731
+79819603994
+79819604151
+79819604921
+79819605249
+79110948124
+79110948132
+79110948160
+79110948168
+79110948170
+79110948188
+79110948200
+79110948211
+79110948225
+79110948242
+79811101989
+79811101992
+79811101993
+79811101995
+79811101996
+79811101998
+79811102003
+79811102004
+79811102005
+79811102006
+79811402650
+79811402961
+79811405630
+79811407179
+79811407730
+79811408834
+79811417049
+79811417637
+79811418316
+79811418603
+79118335049
+79118335063
+79118335075
+79118335109
+79118335129
+79118335136
+79118335178
+79118335189
+79118335214
+79118335220
+79117900146
+79117900179
+79117900239
+79117900299
+79117901304
+79117901366
+79117901392
+79117901457
+79117903082
+79117919427
+79111590599
+79111590613
+79111590621
+79111590655
+79111590717
+79111590739
+79111590764
+79111590766
+79111590771
+79111590853
+79112124899
+79112124937
+79112124966
+79112125007
+79112125104
+79112125128
+79112125145
+79112125156
+79112125164
+79112125254
+79818709910
+79818709916
+79818709918
+79818710142
+79818710341
+79818710359
+79818710410
+79818710449
+79818710450
+79818710667
+79811402650
+79811402961
+79811405630
+79811407179
+79811407730
+79811408834
+79811417049
+79811417637
+79811418316
+79811418603
+79812827330
+79812827338
+79812827345
+79812827353
+79812831294
+79812831794
+79812832410
+79812833196
+79812833199
+79812833201
+79816975548
+79816976198
+79816976252
+79816978057
+79816978392
+79816978906
+79816979170
+79816979592
+79816984462
+79816984974
+79117201877
+79117202032
+79117204728
+79117205587
+79117205759
+79117205784
+79117205806
+79117205931
+79117205948
+79117205985
+79111200747
+79111202103
+79111202390
+79111203188
+79111203541
+79111203613
+79111203704
+79111203798
+79111203850
+79111203878
+79118150937
+79118150941
+79118150959
+79118150983
+79118151022
+79118151060
+79118151080
+79118151084
+79118151180
+79118151182
+79112300401
+79112301578
+79112302824
+79112307129
+79112307649
+79112308129
+79112308495
+79112308678
+79112308711
+79112309184
+79811719460
+79811719465
+79811719482
+79811719494
+79811719499
+79811719501
+79811719509
+79811719511
+79811719547
+79811719680
+79811307052
+79811307598
+79811308494
+79811309381
+79811310401
+79811310536
+79811310719
+79811311908
+79811312106
+79811312877
+79819801760
+79819802251
+79819802769
+79819804345
+79819804828
+79819805521
+79819806357
+79819806842
+79819807475
+79819808839
+79812120752
+79812120755
+79812120757
+79812120759
+79812120776
+79812120822
+79812120989
+79812120991
+79812121017
+79812121103
+79112430843
+79112430889
+79112430926
+79112430960
+79112430967
+79112431003
+79112431013
+79112431072
+79112431097
+79112431123
+79118200263
+79118201662
+79118205831
+79118205842
+79118205872
+79118205933
+79118205934
+79118205985
+79118206205
+79118206228
+79810222564
+79810222693
+79810222833
+79810223027
+79810223066
+79810223129
+79810223161
+79810223310
+79810223318
+79810223326
+79816975548
+79816976198
+79816976252
+79816978057
+79816978392
+79816978906
+79816979170
+79816979592
+79816984462
+79816984974
+79817115828
+79817115860
+79817115864
+79817115876
+79817115884
+79817115892
+79817115931
+79817115936
+79817115944
+79817116019
+79893515979
+79893530292
+79893530296
+79893530297
+79893530298
+79893530306
+79893530308
+79893530311
+79893530313
+79893530314
+79818601364
+79818601393
+79818601394
+79818601399
+79818601409
+79818601418
+79818601419
+79818601430
+79818604404
+79818604787
+79811801005
+79811801524
+79811801558
+79811801575
+79811801579
+79811801689
+79811801829
+79811801844
+79811801937
+79811801948
+79817203252
+79817204604
+79817204629
+79817204728
+79817204781
+79817204795
+79817205337
+79817205539
+79817206309
+79817208060
+79818002832
+79818004968
+79818005753
+79818008658
+79818008826
+79818009058
+79818009102
+79818009316
+79818009352
+79818009361
+79893560349
+79893560434
+79893560547
+79893560599
+79893560760
+79893560806
+79893560825
+79893561085
+79893561294
+79893561328
+79810322088
+79810322089
+79810322090
+79810322091
+79810322092
+79810322093
+79810322094
+79810322095
+79810322096
+79810322097
+79112300401
+79112301578
+79112302824
+79112307129
+79112307649
+79112308129
+79112308495
+79112308678
+79112308711
+79112309184
+79117610627
+79117610700
+79117610729
+79117610757
+79117610824
+79117610833
+79117610846
+79117610867
+79117610897
+79117610959
+79117201877
+79117202032
+79117204728
+79117205587
+79117205759
+79117205784
+79117205806
+79117205931
+79117205948
+79117205985
+79819500474
+79819500533
+79819500616
+79819501284
+79819501716
+79819503493
+79819504586
+79819505242
+79819506346
+79819507779
+79119909857
+79119962384
+79119982301
+79119982387
+79119982402
+79119982582
+79119982797
+79119983068
+79119983237
+79119983530
+79817502061
+79817503786
+79817507449
+79817510881
+79817511976
+79817512043
+79817513927
+79817513978
+79817514053
+79817514997
+79819801760
+79819802251
+79819802769
+79819804345
+79819804828
+79819805521
+79819806357
+79819806842
+79819807475
+79819808839
+79811801005
+79811801524
+79811801558
+79811801575
+79811801579
+79811801689
+79811801829
+79811801844
+79811801937
+79811801948
+79817044365
+79817044372
+79817044451
+79817044507
+79817044582
+79817044607
+79817044694
+79817044784
+79817044856
+79817044946
