+79888505698
+79888505709
+79888505802
+79888505832
+79888505884
+79888505886
+79888506264
+79888506267
+79888506271
+79888506274
+79887300082
+79887300087
+79887300097
+79887300127
+79887300244
+79887300260
+79887300328
+79887300345
+79887300436
+79887300455
+79887501028
+79887501524
+79887501559
+79887501713
+79887501719
+79887501720
+79887501730
+79887501758
+79887501779
+79887501815
+79197400377
+79197400469
+79197400513
+79197400558
+79197400611
+79197400637
+79197400639
+79197400662
+79197400681
+79197400718
+79899700041
+79899700074
+79899700076
+79899700078
+79899700103
+79899700104
+79899700106
+79899700107
+79899700108
+79899700109
+79197500494
+79197500688
+79197500720
+79197501114
+79197501584
+79197501641
+79197501798
+79197502094
+79197502353
+79197502381
+79188600165
+79188600892
+79188600970
+79188601061
+79188601465
+79188601492
+79188601576
+79188601621
+79188601705
+79188602095
+79187700068
+79187700941
+79187701577
+79187701956
+79187702330
+79187702409
+79187702824
+79187702836
+79187702858
+79187702859
+79880900586
+79880900657
+79880900664
+79880900675
+79880900722
+79880900774
+79880900805
+79880900821
+79880900824
+79880900827
+79187900270
+79187900451
+79187900496
+79187900563
+79187900587
+79187900765
+79187900789
+79187900796
+79187900798
+79187900804
+79188700632
+79188700874
+79188700879
+79188700886
+79188700942
+79188700944
+79188700950
+79188700988
+79188700993
+79188701003
+79889580132
+79889580479
+79889580659
+79889580792
+79889580793
+79889580915
+79889580935
+79889580936
+79889580962
+79889581002
+79881100697
+79881100743
+79881101219
+79881101280
+79881101496
+79881101513
+79881101663
+79881101716
+79881101803
+79881101827
+79187801584
+79187801650
+79187801652
+79187802016
+79187802055
+79187802067
+79187802111
+79187802120
+79187802220
+79187802221
+79197300754
+79197300785
+79197300793
+79197300794
+79197300796
+79197300819
+79197300824
+79197300831
+79197300835
+79197300840
+79187801584
+79187801650
+79187801652
+79187802016
+79187802055
+79187802067
+79187802111
+79187802120
+79187802220
+79187802221
+79886010139
+79886010793
+79886010884
+79886010892
+79886011450
+79886012379
+79886012535
+79886012950
+79886012989
+79886012990
+79887400498
+79887400725
+79887400731
+79887400819
+79887400949
+79887400952
+79887400981
+79887401005
+79887401035
+79887401060
+79187500279
+79187500396
+79187500438
+79187500578
+79187500623
+79187500721
+79187500736
+79187501006
+79187501471
+79187501558
+79187801584
+79187801650
+79187801652
+79187802016
+79187802055
+79187802067
+79187802111
+79187802120
+79187802220
+79187802221
+79197300754
+79197300785
+79197300793
+79197300794
+79197300796
+79197300819
+79197300824
+79197300831
+79197300835
+79197300840
+79886260319
+79886260413
+79886260475
+79886260765
+79886260784
+79886260850
+79886260942
+79886260962
+79886260981
+79886260985
+79899800082
+79899800084
+79899800087
+79899800092
+79899800148
+79899800149
+79899800150
+79899800155
+79899800156
+79899800159
+79187800281
+79187800291
+79187800311
+79187800318
+79187800326
+79187800461
+79187800562
+79187800640
+79187800749
+79197300754
+79187415760
+79187415773
+79187415778
+79187415813
+79187415816
+79187415817
+79187415819
+79187415824
+79187415825
+79187415827
+79899907510
+79899907511
+79899907514
+79899907540
+79899907546
+79899907557
+79899907562
+79899907572
+79899907578
+79899907581
+79880900586
+79880900657
+79880900664
+79880900675
+79880900722
+79880900774
+79880900805
+79880900821
+79880900824
+79880900827
+79187900270
+79187900451
+79187900496
+79187900563
+79187900587
+79187900765
+79187900789
+79187900796
+79187900798
+79187900804
+79197300754
+79197300785
+79197300793
+79197300794
+79197300796
+79197300819
+79197300824
+79197300831
+79197300835
+79197300840
+79887630103
+79887631286
+79887631289
+79887631386
+79887632199
+79887632218
+79887632224
+79887632225
+79887632226
+79887632227
+79886260319
+79886260413
+79886260475
+79886260765
+79886260784
+79886260850
+79886260942
+79886260962
+79886260981
+79886260985
+79187908246
+79187908255
+79187908320
+79187908465
+79187908528
+79187908659
+79187908720
+79187908946
+79187909033
+79187909052
+79187500279
+79187500396
+79187500438
+79187500578
+79187500623
+79187500721
+79187500736
+79187501006
+79187501471
+79187501558
+79187900270
+79187900451
+79187900496
+79187900563
+79187900587
+79187900765
+79187900789
+79187900796
+79187900798
+79187900804
+79187700068
+79187700941
+79187701577
+79187701956
+79187702330
+79187702409
+79187702824
+79187702836
+79187702858
+79187702859
+79197300754
+79197300785
+79197300793
+79197300794
+79197300796
+79197300819
+79197300824
+79197300831
+79197300835
+79197300840
+79187600356
+79187600371
+79187600678
+79187600772
+79187600821
+79187601013
+79187601142
+79187601383
+79187601391
+79187601402
+79887000846
+79887000864
+79887001251
+79887001309
+79887001317
+79887001319
+79887001386
+79887001825
+79887001839
+79887001853
+79187700068
+79187700941
+79187701577
+79187701956
+79187702330
+79187702409
+79187702824
+79187702836
+79187702858
+79187702859
+79188000923
+79188001137
+79188001308
+79188001359
+79188001435
+79188001799
+79188001831
+79188002149
+79188002246
+79188002295
+79886010139
+79886010793
+79886010884
+79886010892
+79886011450
+79886012379
+79886012535
+79886012950
+79886012989
+79886012990
+79899700041
+79899700074
+79899700076
+79899700078
+79899700103
+79899700104
+79899700106
+79899700107
+79899700108
+79899700109
+79188608714
+79188608904
+79188609034
+79188609544
+79188609765
+79188609853
+79188610153
+79188610235
+79188610432
+79188610496
+79880850642
+79880850643
+79880850692
+79880850734
+79880850793
+79880850796
+79880850811
+79880850813
+79880850833
+79880850834
+79887660141
+79887661082
+79887661143
+79887661701
+79887662069
+79887662252
+79887662280
+79887662287
+79887662592
+79887662901
+79881001713
+79881001921
+79881001972
+79881002197
+79881002441
+79881002453
+79881002467
+79881002471
+79881002478
+79881002493
+79187908246
+79187908255
+79187908320
+79187908465
+79187908528
+79187908659
+79187908720
+79187908946
+79187909033
+79187909052
+79887300082
+79887300087
+79887300097
+79887300127
+79887300244
+79887300260
+79887300328
+79887300345
+79887300436
+79887300455
+79887630103
+79887631286
+79887631289
+79887631386
+79887632199
+79887632218
+79887632224
+79887632225
+79887632226
+79887632227
+79886010139
+79886010793
+79886010884
+79886010892
+79886011450
+79886012379
+79886012535
+79886012950
+79886012989
+79886012990
+79899907510
+79899907511
+79899907514
+79899907540
+79899907546
+79899907557
+79899907562
+79899907572
+79899907578
+79899907581
+79188000923
+79188001137
+79188001308
+79188001359
+79188001435
+79188001799
+79188001831
+79188002149
+79188002246
+79188002295
+79187600356
+79187600371
+79187600678
+79187600772
+79187600821
+79187601013
+79187601142
+79187601383
+79187601391
+79187601402
+79188608714
+79188608904
+79188609034
+79188609544
+79188609765
+79188609853
+79188610153
+79188610235
+79188610432
+79188610496
+79188700632
+79188700874
+79188700879
+79188700886
+79188700942
+79188700944
+79188700950
+79188700988
+79188700993
+79188701003
+79899800082
+79899800084
+79899800087
+79899800092
+79899800148
+79899800149
+79899800150
+79899800155
+79899800156
+79899800159
+79887400498
+79887400725
+79887400731
+79887400819
+79887400949
+79887400952
+79887400981
+79887401005
+79887401035
+79887401060
+79187801584
+79187801650
+79187801652
+79187802016
+79187802055
+79187802067
+79187802111
+79187802120
+79187802220
+79187802221
+79886260319
+79886260413
+79886260475
+79886260765
+79886260784
+79886260850
+79886260942
+79886260962
+79886260981
+79886260985
+79188800629
+79188801106
+79188801301
+79188801378
+79188801424
+79188801450
+79188801485
+79188801489
+79188801490
+79188801522
+79187700068
+79187700941
+79187701577
+79187701956
+79187702330
+79187702409
+79187702824
+79187702836
+79187702858
+79187702859
+79889580132
+79889580479
+79889580659
+79889580792
+79889580793
+79889580915
+79889580935
+79889580936
+79889580962
+79889581002
+79887601035
+79887601052
+79887601056
+79887601148
+79887601152
+79887601204
+79887601252
+79887601261
+79887601263
+79887601286
+79888400165
+79888400187
+79888400196
+79888400197
+79888400205
+79888400229
+79888400357
+79888400418
+79888400476
+79888400527
+79187800281
+79187800291
+79187800311
+79187800318
+79187800326
+79187800461
+79187800562
+79187800640
+79187800749
+79887601035
+79899700041
+79899700074
+79899700076
+79899700078
+79899700103
+79899700104
+79899700106
+79899700107
+79899700108
+79899700109
+79187600356
+79187600371
+79187600678
+79187600772
+79187600821
+79187601013
+79187601142
+79187601383
+79187601391
+79187601402
+79887601035
+79887601052
+79887601056
+79887601148
+79887601152
+79887601204
+79887601252
+79887601261
+79887601263
+79887601286
+79188700632
+79188700874
+79188700879
+79188700886
+79188700942
+79188700944
+79188700950
+79188700988
+79188700993
+79188701003
+79889580132
+79889580479
+79889580659
+79889580792
+79889580793
+79889580915
+79889580935
+79889580936
+79889580962
+79889581002
+79899800082
+79899800084
+79899800087
+79899800092
+79899800148
+79899800149
+79899800150
+79899800155
+79899800156
+79899800159
+79187900270
+79187900451
+79187900496
+79187900563
+79187900587
+79187900765
+79187900789
+79187900796
+79187900798
+79187900804
+79887660141
+79887661082
+79887661143
+79887661701
+79887662069
+79887662252
+79887662280
+79887662287
+79887662592
+79887662901
+79887400498
+79887400725
+79887400731
+79887400819
+79887400949
+79887400952
+79887400981
+79887401005
+79887401035
+79887401060
+79188700632
+79188700874
+79188700879
+79188700886
+79188700942
+79188700944
+79188700950
+79188700988
+79188700993
+79188701003
+79187908246
+79187908255
+79187908320
+79187908465
+79187908528
+79187908659
+79187908720
+79187908946
+79187909033
+79187909052
+79881001713
+79881001921
+79881001972
+79881002197
+79881002441
+79881002453
+79881002467
+79881002471
+79881002478
+79881002493
+79888600654
+79888600983
+79888601118
+79888601119
+79888601444
+79888601467
+79888601481
+79888601482
+79888601545
+79888601588
+79187900270
+79187900451
+79187900496
+79187900563
+79187900587
+79187900765
+79187900789
+79187900796
+79187900798
+79187900804
+79187607951
+79187607955
+79187607958
+79187609633
+79187609638
+79187609646
+79187609827
+79187609843
+79187609881
+79187609950
+79887630103
+79887631286
+79887631289
+79887631386
+79887632199
+79887632218
+79887632224
+79887632225
+79887632226
+79887632227
+79887501028
+79887501524
+79887501559
+79887501713
+79887501719
+79887501720
+79887501730
+79887501758
+79887501779
+79887501815
+79187600356
+79187600371
+79187600678
+79187600772
+79187600821
+79187601013
+79187601142
+79187601383
+79187601391
+79187601402
+79881001713
+79881001921
+79881001972
+79881002197
+79881002441
+79881002453
+79881002467
+79881002471
+79881002478
+79881002493
+79187607951
+79187607955
+79187607958
+79187609633
+79187609638
+79187609646
+79187609827
+79187609843
+79187609881
+79187609950
+79889580132
+79889580479
+79889580659
+79889580792
+79889580793
+79889580915
+79889580935
+79889580936
+79889580962
+79889581002
+79187801584
+79187801650
+79187801652
+79187802016
+79187802055
+79187802067
+79187802111
+79187802120
+79187802220
+79187802221
+79888600654
+79888600983
+79888601118
+79888601119
+79888601444
+79888601467
+79888601481
+79888601482
+79888601545
+79888601588
+79886010139
+79886010793
+79886010884
+79886010892
+79886011450
+79886012379
+79886012535
+79886012950
+79886012989
+79886012990
+79188600165
+79188600892
+79188600970
+79188601061
+79188601465
+79188601492
+79188601576
+79188601621
+79188601705
+79188602095
+79197500494
+79197500688
+79197500720
+79197501114
+79197501584
+79197501641
+79197501798
+79197502094
+79197502353
+79197502381
+79887660141
+79887661082
+79887661143
+79887661701
+79887662069
+79887662252
+79887662280
+79887662287
+79887662592
+79887662901
+79889580132
+79889580479
+79889580659
+79889580792
+79889580793
+79889580915
+79889580935
+79889580936
+79889580962
+79889581002
+79187500279
+79187500396
+79187500438
+79187500578
+79187500623
+79187500721
+79187500736
+79187501006
+79187501471
+79187501558
+79197500494
+79197500688
+79197500720
+79197501114
+79197501584
+79197501641
+79197501798
+79197502094
+79197502353
+79197502381
+79899800082
+79899800084
+79899800087
+79899800092
+79899800148
+79899800149
+79899800150
+79899800155
+79899800156
+79899800159
+79197500494
+79197500688
+79197500720
+79197501114
+79197501584
+79197501641
+79197501798
+79197502094
+79197502353
+79197502381
+79887400498
+79887400725
+79887400731
+79887400819
+79887400949
+79887400952
+79887400981
+79887401005
+79887401035
+79887401060
+79187800281
+79187800291
+79187800311
+79187800318
+79187800326
+79187800461
+79187800562
+79187800640
+79187800749
+79886010139
+79197400377
+79197400469
+79197400513
+79197400558
+79197400611
+79197400637
+79197400639
+79197400662
+79197400681
+79197400718
+79888685024
+79888685158
+79888685271
+79888685336
+79888685514
+79888686069
+79888686370
+79888686381
+79888686382
+79888686449
+79899907510
+79899907511
+79899907514
+79899907540
+79899907546
+79899907557
+79899907562
+79899907572
+79899907578
+79899907581
+79886260319
+79886260413
+79886260475
+79886260765
+79886260784
+79886260850
+79886260942
+79886260962
+79886260981
+79886260985
+79197500494
+79197500688
+79197500720
+79197501114
+79197501584
+79197501641
+79197501798
+79197502094
+79197502353
+79197502381
+79886010139
+79886010793
+79886010884
+79886010892
+79886011450
+79886012379
+79886012535
+79886012950
+79886012989
+79886012990
+79188000923
+79188001137
+79188001308
+79188001359
+79188001435
+79188001799
+79188001831
+79188002149
+79188002246
+79188002295
+79197500494
+79197500688
+79197500720
+79197501114
+79197501584
+79197501641
+79197501798
+79197502094
+79197502353
+79197502381
+79887501028
+79887501524
+79887501559
+79887501713
+79887501719
+79887501720
+79887501730
+79887501758
+79887501779
+79887501815
+79887501028
+79887501524
+79887501559
+79887501713
+79887501719
+79887501720
+79887501730
+79887501758
+79887501779
+79887501815
+79187801584
+79187801650
+79187801652
+79187802016
+79187802055
+79187802067
+79187802111
+79187802120
+79187802220
+79187802221
+79888685024
+79888685158
+79888685271
+79888685336
+79888685514
+79888686069
+79888686370
+79888686381
+79888686382
+79888686449
+79187908246
+79187908255
+79187908320
+79187908465
+79187908528
+79187908659
+79187908720
+79187908946
+79187909033
+79187909052
+79888505698
+79888505709
+79888505802
+79888505832
+79888505884
+79888505886
+79888506264
+79888506267
+79888506271
+79888506274
+79187800281
+79187800291
+79187800311
+79187800318
+79187800326
+79187800461
+79187800562
+79187800640
+79187800749
+79197500494
+79880900586
+79880900657
+79880900664
+79880900675
+79880900722
+79880900774
+79880900805
+79880900821
+79880900824
+79880900827
+79888505698
+79888505709
+79888505802
+79888505832
+79888505884
+79888505886
+79888506264
+79888506267
+79888506271
+79888506274
