+79807811098
+79807814896
+79807815094
+79807815285
+79807815663
+79807815933
+79807816062
+79807816181
+79807816182
+79807816399
+79108501377
+79108503025
+79108510182
+79108510295
+79108510327
+79108510360
+79108510424
+79108510434
+79108510443
+79108510444
+79156700495
+79156700718
+79156701134
+79156701169
+79156701279
+79156701481
+79156701506
+79156701541
+79156701542
+79156701544
+79106519857
+79106519859
+79106519860
+79106519862
+79106519869
+79106519872
+79106519873
+79106519875
+79106519881
+79106519883
+79158807029
+79158809241
+79158810719
+79158810862
+79158810932
+79158810940
+79158810964
+79158811043
+79158811126
+79158811154
+79158603728
+79158604063
+79158605127
+79158605648
+79158605870
+79158605947
+79158607638
+79158607890
+79158607918
+79158608467
+79156607857
+79156612507
+79156612518
+79156612525
+79156612529
+79156612537
+79156612550
+79156612558
+79156612559
+79156612566
+79156700495
+79156700718
+79156701134
+79156701169
+79156701279
+79156701481
+79156701506
+79156701541
+79156701542
+79156701544
+79807811098
+79807814896
+79807815094
+79807815285
+79807815663
+79807815933
+79807816062
+79807816181
+79807816182
+79807816399
+79806700540
+79806700632
+79806700673
+79806700821
+79806700865
+79806700897
+79806700936
+79806700988
+79806701035
+79806701084
+79158702263
+79158702723
+79158703930
+79158704721
+79158705796
+79158708355
+79158708713
+79158708935
+79158711687
+79158711783
+79158702263
+79158702723
+79158703930
+79158704721
+79158705796
+79158708355
+79158708713
+79158708935
+79158711687
+79158711783
+79106519857
+79106519859
+79106519860
+79106519862
+79106519869
+79106519872
+79106519873
+79106519875
+79106519881
+79106519883
+79807811098
+79807814896
+79807815094
+79807815285
+79807815663
+79807815933
+79807816062
+79807816181
+79807816182
+79807816399
+79108501377
+79108503025
+79108510182
+79108510295
+79108510327
+79108510360
+79108510424
+79108510434
+79108510443
+79108510444
+79158807029
+79158809241
+79158810719
+79158810862
+79158810932
+79158810940
+79158810964
+79158811043
+79158811126
+79158811154
+79108501377
+79108503025
+79108510182
+79108510295
+79108510327
+79108510360
+79108510424
+79108510434
+79108510443
+79108510444
+79806700632
+79806700673
+79806700821
+79806700865
+79806700897
+79806700936
+79806700988
+79806701035
+79806701084
+79806701094
+79158604063
+79158605127
+79158605648
+79158605870
+79158605947
+79158607638
+79158607890
+79158607918
+79158608467
+79158608804
+79156700495
+79156700718
+79156701134
+79156701169
+79156701279
+79156701481
+79156701506
+79156701541
+79156701542
+79156701544
+79106519857
+79106519859
+79106519860
+79106519862
+79106519869
+79106519872
+79106519873
+79106519875
+79106519881
+79106519883
+79156700495
+79156700718
+79156701134
+79156701169
+79156701279
+79156701481
+79156701506
+79156701541
+79156701542
+79156701544
+79108501377
+79108503025
+79108510182
+79108510295
+79108510327
+79108510360
+79108510424
+79108510434
+79108510443
+79108510444
+79108501377
+79108503025
+79108510182
+79108510295
+79108510327
+79108510360
+79108510424
+79108510434
+79108510443
+79108510444
+79107501208
+79107501705
+79107502127
+79107502142
+79107502157
+79107502387
+79107502388
+79107502390
+79107502736
+79107502749
+79158604063
+79158605127
+79158605648
+79158605870
+79158605947
+79158607638
+79158607890
+79158607918
+79158608467
+79158608804
+79807811098
+79807814896
+79807815094
+79807815285
+79807815663
+79807815933
+79807816062
+79807816181
+79807816182
+79807816399
+79108501377
+79108503025
+79108510182
+79108510295
+79108510327
+79108510360
+79108510424
+79108510434
+79108510443
+79108510444
+79106519857
+79106519859
+79106519860
+79106519862
+79106519869
+79106519872
+79106519873
+79106519875
+79106519881
+79106519883
+79106519857
+79106519859
+79106519860
+79106519862
+79106519869
+79106519872
+79106519873
+79106519875
+79106519881
+79106519883
+79806700632
+79806700673
+79806700821
+79806700865
+79806700897
+79806700936
+79806700988
+79806701035
+79806701084
+79806701094
+79108501377
+79108503025
+79108510182
+79108510295
+79108510327
+79108510360
+79108510424
+79108510434
+79108510443
+79108510444
+79806700632
+79806700673
+79806700821
+79806700865
+79806700897
+79806700936
+79806700988
+79806701035
+79806701084
+79806701094
+79107501208
+79107501705
+79107502127
+79107502142
+79107502157
+79107502387
+79107502388
+79107502390
+79107502736
+79107502749
+79108501377
+79108503025
+79108510182
+79108510295
+79108510327
+79108510360
+79108510424
+79108510434
+79108510443
+79108510444
+79806700632
+79806700673
+79806700821
+79806700865
+79806700897
+79806700936
+79806700988
+79806701035
+79806701084
+79806701094
+79156700495
+79156700718
+79156701134
+79156701169
+79156701279
+79156701481
+79156701506
+79156701541
+79156701542
+79156701544
+79158807029
+79158809241
+79158810719
+79158810862
+79158810932
+79158810940
+79158810964
+79158811043
+79158811126
+79158811154
+79107501208
+79107501705
+79107502127
+79107502142
+79107502157
+79107502387
+79107502388
+79107502390
+79107502736
+79107502749
+79106519857
+79106519859
+79106519860
+79106519862
+79106519869
+79106519872
+79106519873
+79106519875
+79106519881
+79106519883
+79106519857
+79106519859
+79106519860
+79106519862
+79106519869
+79106519872
+79106519873
+79106519875
+79106519881
+79106519883
+79158604063
+79158605127
+79158605648
+79158605870
+79158605947
+79158607638
+79158607890
+79158607918
+79158608467
+79158608804
+79156700495
+79156700718
+79156701134
+79156701169
+79156701279
+79156701481
+79156701506
+79156701541
+79156701542
+79156701544
+79158702263
+79158702723
+79158703930
+79158704721
+79158705796
+79158708355
+79158708713
+79158708935
+79158711687
+79158711783
+79106519857
+79106519859
+79106519860
+79106519862
+79106519869
+79106519872
+79106519873
+79106519875
+79106519881
+79106519883
+79156607857
+79156612507
+79156612518
+79156612525
+79156612529
+79156612537
+79156612550
+79156612558
+79156612559
+79156612566
+79156700495
+79156700718
+79156701134
+79156701169
+79156701279
+79156701481
+79156701506
+79156701541
+79156701542
+79156701544
+79807811098
+79807814896
+79807815094
+79807815285
+79807815663
+79807815933
+79807816062
+79807816181
+79807816182
+79807816399
+79158604063
+79158605127
+79158605648
+79158605870
+79158605947
+79158607638
+79158607890
+79158607918
+79158608467
+79158608804
+79158604063
+79158605127
+79158605648
+79158605870
+79158605947
+79158607638
+79158607890
+79158607918
+79158608467
+79158608804
+79807811098
+79807814896
+79807815094
+79807815285
+79807815663
+79807815933
+79807816062
+79807816181
+79807816182
+79807816399
+79108501377
+79108503025
+79108510182
+79108510295
+79108510327
+79108510360
+79108510424
+79108510434
+79108510443
+79108510444
+79158604063
+79158605127
+79158605648
+79158605870
+79158605947
+79158607638
+79158607890
+79158607918
+79158608467
+79158608804
+79107501208
+79107501705
+79107502127
+79107502142
+79107502157
+79107502387
+79107502388
+79107502390
+79107502736
+79107502749
+79158807029
+79158809241
+79158810719
+79158810862
+79158810932
+79158810940
+79158810964
+79158811043
+79158811126
+79158811154
+79106519857
+79106519859
+79106519860
+79106519862
+79106519869
+79106519872
+79106519873
+79106519875
+79106519881
+79106519883
+79158604063
+79158605127
+79158605648
+79158605870
+79158605947
+79158607638
+79158607890
+79158607918
+79158608467
+79158608804
+79156607857
+79156612507
+79156612518
+79156612525
+79156612529
+79156612537
+79156612550
+79156612558
+79156612559
+79156612566
+79807811098
+79807814896
+79807815094
+79807815285
+79807815663
+79807815933
+79807816062
+79807816181
+79807816182
+79807816399
+79158807029
+79158809241
+79158810719
+79158810862
+79158810932
+79158810940
+79158810964
+79158811043
+79158811126
+79158811154
+79106519857
+79106519859
+79106519860
+79106519862
+79106519869
+79106519872
+79106519873
+79106519875
+79106519881
+79106519883
+79806700632
+79806700673
+79806700821
+79806700865
+79806700897
+79806700936
+79806700988
+79806701035
+79806701084
+79806701094
+79158702263
+79158702723
+79158703930
+79158704721
+79158705796
+79158708355
+79158708713
+79158708935
+79158711687
+79158711783
+79106519857
+79106519859
+79106519860
+79106519862
+79106519869
+79106519872
+79106519873
+79106519875
+79106519881
+79106519883
+79158807029
+79158809241
+79158810719
+79158810862
+79158810932
+79158810940
+79158810964
+79158811043
+79158811126
+79158811154
+79158604063
+79158605127
+79158605648
+79158605870
+79158605947
+79158607638
+79158607890
+79158607918
+79158608467
+79158608804
+79156700495
+79156700718
+79156701134
+79156701169
+79156701279
+79156701481
+79156701506
+79156701541
+79156701542
+79156701544
+79158604063
+79158605127
+79158605648
+79158605870
+79158605947
+79158607638
+79158607890
+79158607918
+79158608467
+79158608804
+79158604063
+79158605127
+79158605648
+79158605870
+79158605947
+79158607638
+79158607890
+79158607918
+79158608467
+79158608804
+79158807029
+79158809241
+79158810719
+79158810862
+79158810932
+79158810940
+79158810964
+79158811043
+79158811126
+79158811154
+79807811098
+79807814896
+79807815094
+79807815285
+79807815663
+79807815933
+79807816062
+79807816181
+79807816182
+79807816399
+79156700495
+79156700718
+79156701134
+79156701169
+79156701279
+79156701481
+79156701506
+79156701541
+79156701542
+79156701544
+79806700632
+79806700673
+79806700821
+79806700865
+79806700897
+79806700936
+79806700988
+79806701035
+79806701084
+79806701094
+79108501377
+79108503025
+79108510182
+79108510295
+79108510327
+79108510360
+79108510424
+79108510434
+79108510443
+79108510444
+79156700495
+79156700718
+79156701134
+79156701169
+79156701279
+79156701481
+79156701506
+79156701541
+79156701542
+79156701544
+79106519857
+79106519859
+79106519860
+79106519862
+79106519869
+79106519872
+79106519873
+79106519875
+79106519881
+79106519883
+79107501208
+79107501705
+79107502127
+79107502142
+79107502157
+79107502387
+79107502388
+79107502390
+79107502736
+79107502749
+79108501377
+79108503025
+79108510182
+79108510295
+79108510327
+79108510360
+79108510424
+79108510434
+79108510443
+79108510444
+79807811098
+79807814896
+79807815094
+79807815285
+79807815663
+79807815933
+79807816062
+79807816181
+79807816182
+79807816399
+79108501377
+79108503025
+79108510182
+79108510295
+79108510327
+79108510360
+79108510424
+79108510434
+79108510443
+79108510444
+79806700632
+79806700673
+79806700821
+79806700865
+79806700897
+79806700936
+79806700988
+79806701035
+79806701084
+79806701094
+79156700495
+79156700718
+79156701134
+79156701169
+79156701279
+79156701481
+79156701506
+79156701541
+79156701542
+79156701544
+79156607857
+79156612507
+79156612518
+79156612525
+79156612529
+79156612537
+79156612550
+79156612558
+79156612559
+79156612566
+79107501208
+79107501705
+79107502127
+79107502142
+79107502157
+79107502387
+79107502388
+79107502390
+79107502736
+79107502749
+79106519857
+79106519859
+79106519860
+79106519862
+79106519869
+79106519872
+79106519873
+79106519875
+79106519881
+79106519883
+79156607857
+79156612507
+79156612518
+79156612525
+79156612529
+79156612537
+79156612550
+79156612558
+79156612559
+79156612566
+79108501377
+79108503025
+79108510182
+79108510295
+79108510327
+79108510360
+79108510424
+79108510434
+79108510443
+79108510444
+79158807029
+79158809241
+79158810719
+79158810862
+79158810932
+79158810940
+79158810964
+79158811043
+79158811126
+79158811154
+79158702263
+79158702723
+79158703930
+79158704721
+79158705796
+79158708355
+79158708713
+79158708935
+79158711687
+79158711783
+79156700495
+79156700718
+79156701134
+79156701169
+79156701279
+79156701481
+79156701506
+79156701541
+79156701542
+79156701544
+79806700632
+79806700673
+79806700821
+79806700865
+79806700897
+79806700936
+79806700988
+79806701035
+79806701084
+79806701094
+79158604063
+79158605127
+79158605648
+79158605870
+79158605947
+79158607638
+79158607890
+79158607918
+79158608467
+79158608804
+79158702263
+79158702723
+79158703930
+79158704721
+79158705796
+79158708355
+79158708713
+79158708935
+79158711687
+79158711783
+79158807029
+79158809241
+79158810719
+79158810862
+79158810932
+79158810940
+79158810964
+79158811043
+79158811126
+79158811154
+79108501377
+79108503025
+79108510182
+79108510295
+79108510327
+79108510360
+79108510424
+79108510434
+79108510443
+79108510444
+79106519857
+79106519859
+79106519860
+79106519862
+79106519869
+79106519872
+79106519873
+79106519875
+79106519881
+79106519883
+79158807029
+79158809241
+79158810719
+79158810862
+79158810932
+79158810940
+79158810964
+79158811043
+79158811126
+79158811154
+79156607857
+79156612507
+79156612518
+79156612525
+79156612529
+79156612537
+79156612550
+79156612558
+79156612559
+79156612566
+79108501377
+79108503025
+79108510182
+79108510295
+79108510327
+79108510360
+79108510424
+79108510434
+79108510443
+79108510444
+79806700632
+79806700673
+79806700821
+79806700865
+79806700897
+79806700936
+79806700988
+79806701035
+79806701084
+79806701094
+79807811098
+79807814896
+79807815094
+79807815285
+79807815663
+79807815933
+79807816062
+79807816181
+79807816182
+79807816399
+79158604063
+79158605127
+79158605648
+79158605870
+79158605947
+79158607638
+79158607890
+79158607918
+79158608467
+79158608804
+79807811098
+79807814896
+79807815094
+79807815285
+79807815663
+79807815933
+79807816062
+79807816181
+79807816182
+79807816399
+79107501208
+79107501705
+79107502127
+79107502142
+79107502157
+79107502387
+79107502388
+79107502390
+79107502736
+79107502749
+79158702263
+79158702723
+79158703930
+79158704721
+79158705796
+79158708355
+79158708713
+79158708935
+79158711687
+79158711783
+79156700495
+79156700718
+79156701134
+79156701169
+79156701279
+79156701481
+79156701506
+79156701541
+79156701542
+79156701544
+79158702263
+79158702723
+79158703930
+79158704721
+79158705796
+79158708355
+79158708713
+79158708935
+79158711687
+79158711783
+79106519857
+79106519859
+79106519860
+79106519862
+79106519869
+79106519872
+79106519873
+79106519875
+79106519881
+79106519883
+79156700495
+79156700718
+79156701134
+79156701169
+79156701279
+79156701481
+79156701506
+79156701541
+79156701542
+79156701544
+79806700632
+79806700673
+79806700821
+79806700865
+79806700897
+79806700936
+79806700988
+79806701035
+79806701084
+79806701094
+79807811098
+79807814896
+79807815094
+79807815285
+79807815663
+79807815933
+79807816062
+79807816181
+79807816182
+79807816399
+79158807029
+79158809241
+79158810719
+79158810862
+79158810932
+79158810940
+79158810964
+79158811043
+79158811126
+79158811154
+79158702263
+79158702723
+79158703930
+79158704721
+79158705796
+79158708355
+79158708713
+79158708935
+79158711687
+79158711783
+79807811098
+79807814896
+79807815094
+79807815285
+79807815663
+79807815933
+79807816062
+79807816181
+79807816182
+79807816399
+79106519857
+79106519859
+79106519860
+79106519862
+79106519869
+79106519872
+79106519873
+79106519875
+79106519881
+79106519883
+79158604063
+79158605127
+79158605648
+79158605870
+79158605947
+79158607638
+79158607890
+79158607918
+79158608467
+79158608804
+79158604063
+79158605127
+79158605648
+79158605870
+79158605947
+79158607638
+79158607890
+79158607918
+79158608467
+79158608804
+79158604063
+79158605127
+79158605648
+79158605870
+79158605947
+79158607638
+79158607890
+79158607918
+79158608467
+79158608804
+79106519857
+79106519859
+79106519860
+79106519862
+79106519869
+79106519872
+79106519873
+79106519875
+79106519881
+79106519883
+79156700495
+79156700718
+79156701134
+79156701169
+79156701279
+79156701481
+79156701506
+79156701541
+79156701542
+79156701544
+79158807029
+79158809241
+79158810719
+79158810862
+79158810932
+79158810940
+79158810964
+79158811043
+79158811126
+79158811154
+79107501208
+79107501705
+79107502127
+79107502142
+79107502157
+79107502387
+79107502388
+79107502390
+79107502736
+79107502749
+79107501208
+79107501705
+79107502127
+79107502142
+79107502157
+79107502387
+79107502388
+79107502390
+79107502736
+79107502749
+79158807029
+79158809241
+79158810719
+79158810862
+79158810932
+79158810940
+79158810964
+79158811043
+79158811126
+79158811154
+79156700495
+79156700718
+79156701134
+79156701169
+79156701279
+79156701481
+79156701506
+79156701541
+79156701542
+79156701544
+79156607857
+79156612507
+79156612518
+79156612525
+79156612529
+79156612537
+79156612550
+79156612558
+79156612559
+79156612566
+79107501208
+79107501705
+79107502127
+79107502142
+79107502157
+79107502387
+79107502388
+79107502390
+79107502736
+79107502749
+79158702263
+79158702723
+79158703930
+79158704721
+79158705796
+79158708355
+79158708713
+79158708935
+79158711687
+79158711783
+79156700495
+79156700718
+79156701134
+79156701169
+79156701279
+79156701481
+79156701506
+79156701541
+79156701542
+79156701544
+79806700632
+79806700673
+79806700821
+79806700865
+79806700897
+79806700936
+79806700988
+79806701035
+79806701084
+79806701094
+79807811098
+79807814896
+79807815094
+79807815285
+79807815663
+79807815933
+79807816062
+79807816181
+79807816182
+79807816399
+79156700495
+79156700718
+79156701134
+79156701169
+79156701279
+79156701481
+79156701506
+79156701541
+79156701542
+79156701544
+79106519857
+79106519859
+79106519860
+79106519862
+79106519869
+79106519872
+79106519873
+79106519875
+79106519881
+79106519883
+79158807029
+79158809241
+79158810719
+79158810862
+79158810932
+79158810940
+79158810964
+79158811043
+79158811126
+79158811154
+79806700632
+79806700673
+79806700821
+79806700865
+79806700897
+79806700936
+79806700988
+79806701035
+79806701084
+79806701094
+79107501208
+79107501705
+79107502127
+79107502142
+79107502157
+79107502387
+79107502388
+79107502390
+79107502736
+79107502749
+79108501377
+79108503025
+79108510182
+79108510295
+79108510327
+79108510360
+79108510424
+79108510434
+79108510443
+79108510444
+79806700632
+79806700673
+79806700821
+79806700865
+79806700897
+79806700936
+79806700988
+79806701035
+79806701084
+79806701094
+79156607857
+79156612507
+79156612518
+79156612525
+79156612529
+79156612537
+79156612550
+79156612558
+79156612559
+79156612566
+79156700495
+79156700718
+79156701134
+79156701169
+79156701279
+79156701481
+79156701506
+79156701541
+79156701542
+79156701544
+79108501377
+79108503025
+79108510182
+79108510295
+79108510327
+79108510360
+79108510424
+79108510434
+79108510443
+79108510444
+79156607857
+79156612507
+79156612518
+79156612525
+79156612529
+79156612537
+79156612550
+79156612558
+79156612559
+79156612566
+79806700632
+79806700673
+79806700821
+79806700865
+79806700897
+79806700936
+79806700988
+79806701035
+79806701084
+79806701094
+79158807029
+79158809241
+79158810719
+79158810862
+79158810932
+79158810940
+79158810964
+79158811043
+79158811126
+79158811154
+79807811098
+79807814896
+79807815094
+79807815285
+79807815663
+79807815933
+79807816062
+79807816181
+79807816182
+79807816399
+79158702263
+79158702723
+79158703930
+79158704721
+79158705796
+79158708355
+79158708713
+79158708935
+79158711687
+79158711783
+79158807029
+79158809241
+79158810719
+79158810862
+79158810932
+79158810940
+79158810964
+79158811043
+79158811126
+79158811154
+79108501377
+79108503025
+79108510182
+79108510295
+79108510327
+79108510360
+79108510424
+79108510434
+79108510443
+79108510444
+79106519857
+79106519859
+79106519860
+79106519862
+79106519869
+79106519872
+79106519873
+79106519875
+79106519881
+79106519883
+79156700495
+79156700718
+79156701134
+79156701169
+79156701279
+79156701481
+79156701506
+79156701541
+79156701542
+79156701544
+79107501208
+79107501705
+79107502127
+79107502142
+79107502157
+79107502387
+79107502388
+79107502390
+79107502736
+79107502749
+79807811098
+79807814896
+79807815094
+79807815285
+79807815663
+79807815933
+79807816062
+79807816181
+79807816182
+79807816399
+79158702263
+79158702723
+79158703930
+79158704721
+79158705796
+79158708355
+79158708713
+79158708935
+79158711687
+79158711783
+79158604063
+79158605127
+79158605648
+79158605870
+79158605947
+79158607638
+79158607890
+79158607918
+79158608467
+79158608804
+79106519857
+79106519859
+79106519860
+79106519862
+79106519869
+79106519872
+79106519873
+79106519875
+79106519881
+79106519883
+79158702263
+79158702723
+79158703930
+79158704721
+79158705796
+79158708355
+79158708713
+79158708935
+79158711687
+79158711783
+79156607857
+79156612507
+79156612518
+79156612525
+79156612529
+79156612537
+79156612550
+79156612558
+79156612559
+79156612566
+79807811098
+79807814896
+79807815094
+79807815285
+79807815663
+79807815933
+79807816062
+79807816181
+79807816182
+79807816399
+79107501208
+79107501705
+79107502127
+79107502142
+79107502157
+79107502387
+79107502388
+79107502390
+79107502736
+79107502749
+79156607857
+79156612507
+79156612518
+79156612525
+79156612529
+79156612537
+79156612550
+79156612558
+79156612559
+79156612566
+79107501208
+79107501705
+79107502127
+79107502142
+79107502157
+79107502387
+79107502388
+79107502390
+79107502736
+79107502749
+79158604063
+79158605127
+79158605648
+79158605870
+79158605947
+79158607638
+79158607890
+79158607918
+79158608467
+79158608804
+79156700495
+79156700718
+79156701134
+79156701169
+79156701279
+79156701481
+79156701506
+79156701541
+79156701542
+79156701544
+79106519857
+79106519859
+79106519860
+79106519862
+79106519869
+79106519872
+79106519873
+79106519875
+79106519881
+79106519883
+79807811098
+79807814896
+79807815094
+79807815285
+79807815663
+79807815933
+79807816062
+79807816181
+79807816182
+79807816399
+79156700495
+79156700718
+79156701134
+79156701169
+79156701279
+79156701481
+79156701506
+79156701541
+79156701542
+79156701544
+79158807029
+79158809241
+79158810719
+79158810862
+79158810932
+79158810940
+79158810964
+79158811043
+79158811126
+79158811154
+79108501377
+79108503025
+79108510182
+79108510295
+79108510327
+79108510360
+79108510424
+79108510434
+79108510443
+79108510444
+79158604063
+79158605127
+79158605648
+79158605870
+79158605947
+79158607638
+79158607890
+79158607918
+79158608467
+79158608804
+79158702263
+79158702723
+79158703930
+79158704721
+79158705796
+79158708355
+79158708713
+79158708935
+79158711687
+79158711783
+79108501377
+79108503025
+79108510182
+79108510295
+79108510327
+79108510360
+79108510424
+79108510434
+79108510443
+79108510444
+79156607857
+79156612507
+79156612518
+79156612525
+79156612529
+79156612537
+79156612550
+79156612558
+79156612559
+79156612566
+79158604063
+79158605127
+79158605648
+79158605870
+79158605947
+79158607638
+79158607890
+79158607918
+79158608467
+79158608804
+79158807029
+79158809241
+79158810719
+79158810862
+79158810932
+79158810940
+79158810964
+79158811043
+79158811126
+79158811154
+79158702263
+79158702723
+79158703930
+79158704721
+79158705796
+79158708355
+79158708713
+79158708935
+79158711687
+79158711783
+79158702263
+79158702723
+79158703930
+79158704721
+79158705796
+79158708355
+79158708713
+79158708935
+79158711687
+79158711783
+79158807029
+79158809241
+79158810719
+79158810862
+79158810932
+79158810940
+79158810964
+79158811043
+79158811126
+79158811154
+79108501377
+79108503025
+79108510182
+79108510295
+79108510327
+79108510360
+79108510424
+79108510434
+79108510443
+79108510444
+79806700632
+79806700673
+79806700821
+79806700865
+79806700897
+79806700936
+79806700988
+79806701035
+79806701084
+79806701094
+79108501377
+79108503025
+79108510182
+79108510295
+79108510327
+79108510360
+79108510424
+79108510434
+79108510443
+79108510444
+79156607857
+79156612507
+79156612518
+79156612525
+79156612529
+79156612537
+79156612550
+79156612558
+79156612559
+79156612566
+79106519857
+79106519859
+79106519860
+79106519862
+79106519869
+79106519872
+79106519873
+79106519875
+79106519881
+79106519883
+79106519857
+79106519859
+79106519860
+79106519862
+79106519869
+79106519872
+79106519873
+79106519875
+79106519881
+79106519883
+79156607857
+79156612507
+79156612518
+79156612525
+79156612529
+79156612537
+79156612550
+79156612558
+79156612559
+79156612566
+79107501208
+79107501705
+79107502127
+79107502142
+79107502157
+79107502387
+79107502388
+79107502390
+79107502736
+79107502749
+79156700495
+79156700718
+79156701134
+79156701169
+79156701279
+79156701481
+79156701506
+79156701541
+79156701542
+79156701544
+79158807029
+79158809241
+79158810719
+79158810862
+79158810932
+79158810940
+79158810964
+79158811043
+79158811126
+79158811154
+79156700495
+79156700718
+79156701134
+79156701169
+79156701279
+79156701481
+79156701506
+79156701541
+79156701542
+79156701544
+79108501377
+79108503025
+79108510182
+79108510295
+79108510327
+79108510360
+79108510424
+79108510434
+79108510443
+79108510444
+79158807029
+79158809241
+79158810719
+79158810862
+79158810932
+79158810940
+79158810964
+79158811043
+79158811126
+79158811154
+79156700495
+79156700718
+79156701134
+79156701169
+79156701279
+79156701481
+79156701506
+79156701541
+79156701542
+79156701544
+79107501208
+79107501705
+79107502127
+79107502142
+79107502157
+79107502387
+79107502388
+79107502390
+79107502736
+79107502749
+79107501208
+79107501705
+79107502127
+79107502142
+79107502157
+79107502387
+79107502388
+79107502390
+79107502736
+79107502749
+79107501208
+79107501705
+79107502127
+79107502142
+79107502157
+79107502387
+79107502388
+79107502390
+79107502736
+79107502749
+79807811098
+79807814896
+79807815094
+79807815285
+79807815663
+79807815933
+79807816062
+79807816181
+79807816182
+79807816399
+79158604063
+79158605127
+79158605648
+79158605870
+79158605947
+79158607638
+79158607890
+79158607918
+79158608467
+79158608804
+79156700495
+79156700718
+79156701134
+79156701169
+79156701279
+79156701481
+79156701506
+79156701541
+79156701542
+79156701544
+79806700632
+79806700673
+79806700821
+79806700865
+79806700897
+79806700936
+79806700988
+79806701035
+79806701084
+79806701094
+79158604063
+79158605127
+79158605648
+79158605870
+79158605947
+79158607638
+79158607890
+79158607918
+79158608467
+79158608804
+79156700495
+79156700718
+79156701134
+79156701169
+79156701279
+79156701481
+79156701506
+79156701541
+79156701542
+79156701544
+79158807029
+79158809241
+79158810719
+79158810862
+79158810932
+79158810940
+79158810964
+79158811043
+79158811126
+79158811154
+79158604063
+79158605127
+79158605648
+79158605870
+79158605947
+79158607638
+79158607890
+79158607918
+79158608467
+79158608804
+79807811098
+79807814896
+79807815094
+79807815285
+79807815663
+79807815933
+79807816062
+79807816181
+79807816182
+79807816399
+79156607857
+79156612507
+79156612518
+79156612525
+79156612529
+79156612537
+79156612550
+79156612558
+79156612559
+79156612566
+79807811098
+79807814896
+79807815094
+79807815285
+79807815663
+79807815933
+79807816062
+79807816181
+79807816182
+79807816399
+79158702263
+79158702723
+79158703930
+79158704721
+79158705796
+79158708355
+79158708713
+79158708935
+79158711687
+79158711783
+79158604063
+79158605127
+79158605648
+79158605870
+79158605947
+79158607638
+79158607890
+79158607918
+79158608467
+79158608804
+79158604063
+79158605127
+79158605648
+79158605870
+79158605947
+79158607638
+79158607890
+79158607918
+79158608467
+79158608804
+79158604063
+79158605127
+79158605648
+79158605870
+79158605947
+79158607638
+79158607890
+79158607918
+79158608467
+79158608804
+79156700495
+79156700718
+79156701134
+79156701169
+79156701279
+79156701481
+79156701506
+79156701541
+79156701542
+79156701544
+79158604063
+79158605127
+79158605648
+79158605870
+79158605947
+79158607638
+79158607890
+79158607918
+79158608467
+79158608804
+79806700632
+79806700673
+79806700821
+79806700865
+79806700897
+79806700936
+79806700988
+79806701035
+79806701084
+79806701094
+79807811098
+79807814896
+79807815094
+79807815285
+79807815663
+79807815933
+79807816062
+79807816181
+79807816182
+79807816399
+79156700495
+79156700718
+79156701134
+79156701169
+79156701279
+79156701481
+79156701506
+79156701541
+79156701542
+79156701544
+79156607857
+79156612507
+79156612518
+79156612529
+79156612537
+79156612550
+79156612558
+79156612559
+79156612566
+79156612568
+79107501208
+79107501705
+79107502127
+79107502142
+79107502157
+79107502387
+79107502388
+79107502390
+79107502736
+79107502749
