+79869130334
+79179015746
+79196300061
+79178502467
+79172491492
+79872128005
+79869312042
+79869217875
+79874130117
+79178502838
+79871738709
+79872707453
+79872319305
+79869314448
+79871738695
+79172634574
+79172491453
+79196229137
+79178928326
+79872128081
+79872916654
+79872052411
+79178502984
+79872201979
+79872319084
+79179016328
+79178502909
+79196300161
+79179017556
+79178928336
+79196409407
+79872704695
+79172491450
+79196410565
+79179233209
+79872704875
+79179318448
+79872915414
+79871816515
+79179233220
+79173900470
+79872915617
+79872613970
+79867203839
+79870622339
+79872825206
+79178928338
+79196410609
+79179233215
+79874027815
+79196824854
+79867203059
+79869130343
+79869020463
+79872915243
+79196824857
+79874130125
+79196229139
+79872823316
+79869304364
+79179233218
+79870617487
+79179315596
+79178607150
+79872128064
+79874130122
+79872819410
+79172491554
+79872051953
+79196300417
+79196409423
+79872611901
+79172807550
+79867205091
+79172545420
+79869217593
+79869304153
+79870621037
+79172702116
+79870008618
+79172634596
+79872127986
+79870008509
+79872828246
+79178610362
+79178502650
+79872051831
+79172491524
+79196229144
+79172905367
+79869217262
+79872612058
+79872203836
+79867127511
+79871806160
+79178731858
+79178602972
+79196916589
+79178503075
+79869217535
+79872912605
+79173902689
+79874027821
+79178503367
+79172491377
+79178851001
+79872703489
+79872051584
+79179233235
+79196824796
+79172634591
+79172903056
+79872819745
+79172545478
+79172909098
+79869130313
+79872701566
+79872052924
+79172491433
+79172634610
+79196301117
+79872816201
+79871738693
+79867204322
+79196909534
+79869017522
+79869020817
+79869216792
+79178850980
+79872128036
+79872912479
+79872201297
+79872202134
+79874027834
+79872608376
+79871816980
+79196906830
+79869011753
+79196824832
+79172706956
+79867202755
+79178609868
+79172491474
+79870620813
+79874208084
+79179107629
+79178606076
+79172703146
+79872202128
+79872819530
+79872603823
+79874130147
+79872316845
+79172491551
+79871815653
+79874027822
+79872708673
+79869018146
+79196916837
+79196914712
+79179106178
+79869130259
+79172634612
+79872912925
+79178603733
+79179105259
+79179318187
+79172905419
+79872315754
+79874027836
+79870008398
+79172907977
+79196410578
+79179107394
+79172491526
+79867127519
+79172545479
+79179013135
+79178500746
+79196917686
+79179011018
+79196300235
+79173900497
+79179013211
+79871738699
+79871738720
+79172491538
+79872051667
+79870618101
+79869014122
+79869018446
+79869308445
+79173901762
+79172545391
+79196300494
+79872128082
+79196229140
+79172491523
+79179233225
+79179104074
+79179103079
+79179016437
+79874118511
+79869217633
+79872704867
+79196229145
+79178731864
+79178928287
+79178606989
+79874201190
+79874027817
+79870008370
+79872319097
+79869217627
+79172491468
+79869307121
+79179233211
+79869130269
+79172805417
+79872052418
+79870621674
+79172812269
+79178850958
+79872706219
+79173900629
+79173901487
+79172903180
+79172807023
+79870621896
+79172634604
+79178928276
+79869130339
+79872203780
+79178731896
+79172808987
+79869217025
+79867127514
+79172634599
+79179103599
+79172900647
+79872128073
+79196408298
+79178611552
+79869017570
+79874203373
+79178731822
+79874027820
+79172634571
+79178851031
+79172545469
+79871738710
+79178603220
+79179107541
+79872823404
+79196229136
+79874219015
+79874218478
+79178731813
+79178731887
+79874130142
+79172707942
+79872052395
+79872201941
+79874219361
+79196407823
+79196824853
+79872706233
+79872052366
+79872915720
+79196910447
+79869301309
+79867127546
+79872601488
+79172703243
+79178731808
+79869217632
+79196229142
+79871804797
+79172807115
+79871812480
+79172491458
+79172545396
+79869130271
+79871805699
+79870007986
+79178731881
+79871738679
+79874130124
+79179316697
+79870007476
+79867127518
+79196912650
+79869017523
+79172706166
+79179318029
+79870008201
+79178851011
+79196301119
+79179107531
+79196410201
+79178731862
+79871805230
+79869014814
+79196229134
+79869130312
+79869217628
+79872128047
+79196824814
+79196824809
+79196824827
+79172491498
+79872203430
+79867200443
+79172901909
+79178731834
+79874219055
+79179010212
+79872828472
+79874027808
+79872204770
+79196824834
+79871815348
+79196409254
+79869130264
+79196201893
+79872128034
+79872819503
+79874027814
+79872317012
+79172707602
+79172702448
+79178928322
+79178928273
+79173900621
+79872620018
+79867204154
+79179233238
+79867200759
+79874130133
+79196301118
+79869113726
+79179102944
+79179233247
+79179016314
+79172701518
+79867204604
+79172905429
+79179315944
+79196301113
+79872617691
+79867127530
+79872318044
+79172804548
+79872912965
+79871738718
+79874214705
+79196410504
+79872913784
+79867127524
+79172707532
+79172902607
+79172634597
+79872319042
+79178829776
+79172491454
+79870009217
+79196915570
+79871721150
+79874027829
+79869308801
+79172634587
+79870620876
+79179316830
+79178850907
+79172545438
+79874130127
+79179315764
+79870007490
+79874220071
+79872601649
+79179233236
+79872708226
+79172545443
+79178850913
+79172806854
+79179316950
+79867127543
+79173901219
+79173902372
+79178615380
+79867127521
+79872201905
+79874212910
+79172545440
+79870620669
+79872128058
+79173902589
+79172815697
+79178928337
+79872313996
+79196917954
+79871738705
+79874219788
+79178850968
+79874130123
+79872607059
+79869314449
+79179013251
+79196300731
+79196229143
+79869314325
+79867205215
+79178928348
+79178503375
+79872052473
+79178501481
+79178850909
+79867204253
+79870621914
+79172803979
+79867127525
+79871816346
+79196824802
+79179318158
+79178928300
+79870009421
+79172545388
+79872319153
+79869130328
