+79196201893
+79196229134
+79196229136
+79196229137
+79196229139
+79196229140
+79196229142
+79196229143
+79196229144
+79196229145
+79179010212
+79179011018
+79179013135
+79179013211
+79179013251
+79179015746
+79179016314
+79179016328
+79179016437
+79179017556
+79178602972
+79178603220
+79178603733
+79178606076
+79178606989
+79178607150
+79178609868
+79178610362
+79178611552
+79178615380
+79179315596
+79179315764
+79179315944
+79179316697
+79179316830
+79179316950
+79179318029
+79179318158
+79179318187
+79179318448
+79179233209
+79179233211
+79179233215
+79179233218
+79179233220
+79179233225
+79179233235
+79179233236
+79179233238
+79179233247
+79872816201
+79872819410
+79872819503
+79872819530
+79872819745
+79872823316
+79872823404
+79872825206
+79872828246
+79872828472
+79869216792
+79869217025
+79869217262
+79869217535
+79869217593
+79869217627
+79869217628
+79869217632
+79869217633
+79869217875
+79872127986
+79872128005
+79872128034
+79872128036
+79872128047
+79872128058
+79872128064
+79872128073
+79872128081
+79872128082
+79172701518
+79172702116
+79172702448
+79172703146
+79172703243
+79172706166
+79172706956
+79172707532
+79172707602
+79172707942
+79196300061
+79196300161
+79196300235
+79196300417
+79196300494
+79196300731
+79196301113
+79196301117
+79196301118
+79196301119
+79871721150
+79871738679
+79871738693
+79871738695
+79871738699
+79871738705
+79871738709
+79871738710
+79871738718
+79871738720
+79196201893
+79196229134
+79196229136
+79196229137
+79196229139
+79196229140
+79196229142
+79196229143
+79196229144
+79196229145
+79874027808
+79874027814
+79874027815
+79874027817
+79874027820
+79874027821
+79874027822
+79874027829
+79874027834
+79874027836
+79872601488
+79872601649
+79872603823
+79872607059
+79872608376
+79872611901
+79872612058
+79872613970
+79872617691
+79872620018
+79874201190
+79874203373
+79874212910
+79874214705
+79874218478
+79874219015
+79874219055
+79874219361
+79874219788
+79874220071
+79872051584
+79872051667
+79872051831
+79872051953
+79872052366
+79872052395
+79872052411
+79872052418
+79872052473
+79872052924
+79874027808
+79874027814
+79874027815
+79874027817
+79874027820
+79874027821
+79874027822
+79874027829
+79874027834
+79874027836
+79872127986
+79872128005
+79872128034
+79872128036
+79872128047
+79872128058
+79872128064
+79872128073
+79872128081
+79872128082
+79172900647
+79172901909
+79172902607
+79172903056
+79172903180
+79172905367
+79172905419
+79172905429
+79172907977
+79172909098
+79196906830
+79196909534
+79196910447
+79196912650
+79196914712
+79196915570
+79196916589
+79196916837
+79196917686
+79196917954
+79870617487
+79870618101
+79870620669
+79870620813
+79870620876
+79870621037
+79870621674
+79870621896
+79870621914
+79870622339
+79172634571
+79172634574
+79172634587
+79172634591
+79172634596
+79172634597
+79172634599
+79172634604
+79172634610
+79172634612
+79178500746
+79178501481
+79178502467
+79178502650
+79178502838
+79178502909
+79178502984
+79178503075
+79178503367
+79178503375
+79872201297
+79872201905
+79872201941
+79872201979
+79872202128
+79872202134
+79872203430
+79872203780
+79872203836
+79872204770
+79872313996
+79872315754
+79872316845
+79872317012
+79872318044
+79872319042
+79872319084
+79872319097
+79872319153
+79872319305
+79869113726
+79869130259
+79869130264
+79869130269
+79869130271
+79869130312
+79869130328
+79869130334
+79869130339
+79869130343
+79867200759
+79867202755
+79867203059
+79867203839
+79867204154
+79867204253
+79867204322
+79867204604
+79867205091
+79867205215
+79871804797
+79871805230
+79871805699
+79871806160
+79871812480
+79871815348
+79871815653
+79871816346
+79871816515
+79871816980
+79196906830
+79196909534
+79196910447
+79196912650
+79196914712
+79196915570
+79196916589
+79196916837
+79196917686
+79196917954
+79872601488
+79872601649
+79872603823
+79872607059
+79872608376
+79872611901
+79872612058
+79872613970
+79872617691
+79872620018
+79872912479
+79872912605
+79872912925
+79872912965
+79872913784
+79872915243
+79872915414
+79872915617
+79872915720
+79872916654
+79872601488
+79872601649
+79872603823
+79872607059
+79872608376
+79872611901
+79872612058
+79872613970
+79872617691
+79872620018
+79173900470
+79173900497
+79173900621
+79173900629
+79173901219
+79173901487
+79173901762
+79173902372
+79173902589
+79173902689
+79872051584
+79872051667
+79872051831
+79872051953
+79872052366
+79872052395
+79872052411
+79872052418
+79872052473
+79872052924
+79872201297
+79872201905
+79872201941
+79872201979
+79872202128
+79872202134
+79872203430
+79872203780
+79872203836
+79872204770
+79179102944
+79179103079
+79179103599
+79179104074
+79179105259
+79179106178
+79179107394
+79179107531
+79179107541
+79179107629
+79870007476
+79870007490
+79870007986
+79870008201
+79870008370
+79870008398
+79870008509
+79870008618
+79870009217
+79870009421
+79172803979
+79172804548
+79172805417
+79172806854
+79172807023
+79172807115
+79172807550
+79172808987
+79172812269
+79172815697
+79179010212
+79179011018
+79179013135
+79179013211
+79179013251
+79179015746
+79179016314
+79179016328
+79179016437
+79179017556
+79173900470
+79173900497
+79173900621
+79173900629
+79173901219
+79173901487
+79173901762
+79173902372
+79173902589
+79173902689
+79872201297
+79872201905
+79872201941
+79872201979
+79872202128
+79872202134
+79872203430
+79872203780
+79872203836
+79872204770
+79172803979
+79172804548
+79172805417
+79172806854
+79172807023
+79172807115
+79172807550
+79172808987
+79172812269
+79172815697
+79871804797
+79871805230
+79871805699
+79871806160
+79871812480
+79871815348
+79871815653
+79871816346
+79871816515
+79871816980
+79172545388
+79172545391
+79172545396
+79172545420
+79172545438
+79172545440
+79172545443
+79172545469
+79172545478
+79172545479
+79867127511
+79867127514
+79867127518
+79867127519
+79867127521
+79867127524
+79867127525
+79867127530
+79867127543
+79867127546
+79874118511
+79874130117
+79874130122
+79874130123
+79874130124
+79874130125
+79874130127
+79874130133
+79874130142
+79874130147
+79179315596
+79179315764
+79179315944
+79179316697
+79179316830
+79179316950
+79179318029
+79179318158
+79179318187
+79179318448
+79874027808
+79874027814
+79874027815
+79874027817
+79874027820
+79874027821
+79874027822
+79874027829
+79874027834
+79874027836
+79872201297
+79872201905
+79872201941
+79872201979
+79872202128
+79872202134
+79872203430
+79872203780
+79872203836
+79872204770
+79196300061
+79196300161
+79196300235
+79196300417
+79196300494
+79196300731
+79196301113
+79196301117
+79196301118
+79196301119
+79872816201
+79872819410
+79872819503
+79872819530
+79872819745
+79872823316
+79872823404
+79872825206
+79872828246
+79872828472
+79874118511
+79874130117
+79874130122
+79874130123
+79874130124
+79874130125
+79874130127
+79874130133
+79874130142
+79874130147
+79196906830
+79196909534
+79196910447
+79196912650
+79196914712
+79196915570
+79196916589
+79196916837
+79196917686
+79196917954
+79196906830
+79196909534
+79196910447
+79196912650
+79196914712
+79196915570
+79196916589
+79196916837
+79196917686
+79196917954
+79870007476
+79870007490
+79870007986
+79870008201
+79870008370
+79870008398
+79870008509
+79870008618
+79870009217
+79870009421
+79196300061
+79196300161
+79196300235
+79196300417
+79196300494
+79196300731
+79196301113
+79196301117
+79196301118
+79196301119
+79173900470
+79173900497
+79173900621
+79173900629
+79173901219
+79173901487
+79173901762
+79173902372
+79173902589
+79173902689
+79872601488
+79872601649
+79872603823
+79872607059
+79872608376
+79872611901
+79872612058
+79872613970
+79872617691
+79872620018
+79179102944
+79179103079
+79179103599
+79179104074
+79179105259
+79179106178
+79179107394
+79179107531
+79179107541
+79179107629
+79872127986
+79872128005
+79872128034
+79872128036
+79872128047
+79872128058
+79872128064
+79872128073
+79872128081
+79872128082
+79196300061
+79196300161
+79196300235
+79196300417
+79196300494
+79196300731
+79196301113
+79196301117
+79196301118
+79196301119
+79172900647
+79172901909
+79172902607
+79172903056
+79172903180
+79172905367
+79172905419
+79172905429
+79172907977
+79172909098
+79196201893
+79196229134
+79196229136
+79196229137
+79196229139
+79196229140
+79196229142
+79196229143
+79196229144
+79196229145
+79178928273
+79178928276
+79178928287
+79178928300
+79178928322
+79178928326
+79178928336
+79178928337
+79178928338
+79178928348
+79874118511
+79874130117
+79874130122
+79874130123
+79874130124
+79874130125
+79874130127
+79874130133
+79874130142
+79874130147
+79872201297
+79872201905
+79872201941
+79872201979
+79872202128
+79872202134
+79872203430
+79872203780
+79872203836
+79872204770
+79173900470
+79173900497
+79173900621
+79173900629
+79173901219
+79173901487
+79173901762
+79173902372
+79173902589
+79173902689
+79172701518
+79172702116
+79172702448
+79172703146
+79172703243
+79172706166
+79172706956
+79172707532
+79172707602
+79172707942
+79874118511
+79874130117
+79874130122
+79874130123
+79874130124
+79874130125
+79874130127
+79874130133
+79874130142
+79874130147
+79196300061
+79196300161
+79196300235
+79196300417
+79196300494
+79196300731
+79196301113
+79196301117
+79196301118
+79196301119
+79196201893
+79196229134
+79196229136
+79196229137
+79196229139
+79196229140
+79196229142
+79196229143
+79196229144
+79196229145
+79178829776
+79178850907
+79178850909
+79178850913
+79178850958
+79178850968
+79178850980
+79178851001
+79178851011
+79178851031
+79172491377
+79172491433
+79172491450
+79172491453
+79172491454
+79172491458
+79172491468
+79172491474
+79172491492
+79172491498
+79869113726
+79869130259
+79869130264
+79869130269
+79869130271
+79869130312
+79869130328
+79869130334
+79869130339
+79869130343
+79872201297
+79872201905
+79872201941
+79872201979
+79872202128
+79872202134
+79872203430
+79872203780
+79872203836
+79872204770
+79172803979
+79172804548
+79172805417
+79172806854
+79172807023
+79172807115
+79172807550
+79172808987
+79172812269
+79172815697
+79872313996
+79872315754
+79872316845
+79872317012
+79872318044
+79872319042
+79872319084
+79872319097
+79872319153
+79872319305
+79874201190
+79874203373
+79874212910
+79874214705
+79874218478
+79874219015
+79874219055
+79874219361
+79874219788
+79874220071
+79178928273
+79178928276
+79178928287
+79178928300
+79178928322
+79178928326
+79178928336
+79178928337
+79178928338
+79178928348
+79870007476
+79870007490
+79870007986
+79870008201
+79870008370
+79870008398
+79870008509
+79870008618
+79870009217
+79870009421
+79178500746
+79178501481
+79178502467
+79178502650
+79178502838
+79178502909
+79178502984
+79178503075
+79178503367
+79178503375
+79874201190
+79874203373
+79874212910
+79874214705
+79874218478
+79874219015
+79874219055
+79874219361
+79874219788
+79874220071
+79874027808
+79874027814
+79874027815
+79874027817
+79874027820
+79874027821
+79874027822
+79874027829
+79874027834
+79874027836
+79874201190
+79874203373
+79874212910
+79874214705
+79874218478
+79874219015
+79874219055
+79874219361
+79874219788
+79874220071
+79872601488
+79872601649
+79872603823
+79872607059
+79872608376
+79872611901
+79872612058
+79872613970
+79872617691
+79872620018
+79172900647
+79172901909
+79172902607
+79172903056
+79172903180
+79172905367
+79172905419
+79172905429
+79172907977
+79172909098
+79869011753
+79869014122
+79869014814
+79869017522
+79869017523
+79869017570
+79869018146
+79869018446
+79869020463
+79869020817
+79874027808
+79874027814
+79874027815
+79874027817
+79874027820
+79874027821
+79874027822
+79874027829
+79874027834
+79874027836
+79196300061
+79196300161
+79196300235
+79196300417
+79196300494
+79196300731
+79196301113
+79196301117
+79196301118
+79196301119
+79178602972
+79178603220
+79178603733
+79178606076
+79178606989
+79178607150
+79178609868
+79178610362
+79178611552
+79178615380
+79173900470
+79173900497
+79173900621
+79173900629
+79173901219
+79173901487
+79173901762
+79173902372
+79173902589
+79173902689
+79178500746
+79178501481
+79178502467
+79178502650
+79178502838
+79178502909
+79178502984
+79178503075
+79178503367
+79178503375
+79867127511
+79867127514
+79867127518
+79867127519
+79867127521
+79867127524
+79867127525
+79867127530
+79867127543
+79867127546
+79870007476
+79870007490
+79870007986
+79870008201
+79870008370
+79870008398
+79870008509
+79870008618
+79870009217
+79870009421
+79172545388
+79172545391
+79172545396
+79172545420
+79172545438
+79172545440
+79172545443
+79172545469
+79172545478
+79172545479
+79196201893
+79196229134
+79196229136
+79196229137
+79196229139
+79196229140
+79196229142
+79196229143
+79196229144
+79196229145
+79871721150
+79871738679
+79871738693
+79871738695
+79871738699
+79871738705
+79871738709
+79871738710
+79871738718
+79871738720
+79196407823
+79196408298
+79196409254
+79196409407
+79196409423
+79196410201
+79196410504
+79196410565
+79196410578
+79196410609
+79178829776
+79178850907
+79178850909
+79178850913
+79178850958
+79178850968
+79178850980
+79178851001
+79178851011
+79178851031
+79872816201
+79872819410
+79872819503
+79872819530
+79872819745
+79872823316
+79872823404
+79872825206
+79872828246
+79872828472
+79179102944
+79179103079
+79179103599
+79179104074
+79179105259
+79179106178
+79179107394
+79179107531
+79179107541
+79179107629
+79871721150
+79871738679
+79871738693
+79871738695
+79871738699
+79871738705
+79871738709
+79871738710
+79871738718
+79871738720
+79874027808
+79874027814
+79874027815
+79874027817
+79874027820
+79874027821
+79874027822
+79874027829
+79874027834
+79874027836
+79196824796
+79196824802
+79196824809
+79196824814
+79196824827
+79196824832
+79196824834
+79196824853
+79196824854
+79196824857
+79178731808
+79178731813
+79178731822
+79178731834
+79178731858
+79178731862
+79178731864
+79178731881
+79178731887
+79178731896
+79872701566
+79872703489
+79872704695
+79872704867
+79872704875
+79872706219
+79872706233
+79872707453
+79872708226
+79872708673
+79869113726
+79869130259
+79869130264
+79869130269
+79869130271
+79869130312
+79869130313
+79869130328
+79869130334
+79869130339
+79874027808
+79874027814
+79874027815
+79874027817
+79874027820
+79874027821
+79874027822
+79874027829
+79874027834
+79874027836
+79870007476
+79870007490
+79870007986
+79870008201
+79870008370
+79870008398
+79870008509
+79870008618
+79870009217
+79870009421
+79874027808
+79874027814
+79874027815
+79874027817
+79874027820
+79874027821
+79874027822
+79874027829
+79874027834
+79874027836
+79872127986
+79872128005
+79872128034
+79872128036
+79872128047
+79872128058
+79872128064
+79872128073
+79872128081
+79872128082
+79872912479
+79872912605
+79872912925
+79872912965
+79872913784
+79872915243
+79872915414
+79872915617
+79872915720
+79872916654
+79173900470
+79173900497
+79173900621
+79173900629
+79173901219
+79173901487
+79173901762
+79173902372
+79173902589
+79173902689
+79178731808
+79178731813
+79178731822
+79178731834
+79178731858
+79178731862
+79178731864
+79178731881
+79178731887
+79178731896
+79872816201
+79872819410
+79872819503
+79872819530
+79872819745
+79872823316
+79872823404
+79872825206
+79872828246
+79872828472
+79874118511
+79874130117
+79874130122
+79874130123
+79874130124
+79874130125
+79874130127
+79874130133
+79874130142
+79874130147
+79172803979
+79172804548
+79172805417
+79172806854
+79172807023
+79172807115
+79172807550
+79172808987
+79172812269
+79172815697
+79869011753
+79869014122
+79869014814
+79869017522
+79869017523
+79869017570
+79869018146
+79869018446
+79869020463
+79869020817
+79869113726
+79869130259
+79869130264
+79869130269
+79869130271
+79869130312
+79869130313
+79869130328
+79869130334
+79869130339
+79872601488
+79872601649
+79872603823
+79872607059
+79872608376
+79872611901
+79872612058
+79872613970
+79872617691
+79872620018
+79872912479
+79872912605
+79872912925
+79872912965
+79872913784
+79872915243
+79872915414
+79872915617
+79872915720
+79872916654
+79869301309
+79869304153
+79869304364
+79869307121
+79869308445
+79869308801
+79869312042
+79869314325
+79869314448
+79869314449
+79178602972
+79178603220
+79178603733
+79178606076
+79178606989
+79178607150
+79178609868
+79178610362
+79178611552
+79178615380
+79869113726
+79869130259
+79869130264
+79869130269
+79869130271
+79869130312
+79869130313
+79869130328
+79869130334
+79869130339
+79179233209
+79179233211
+79179233215
+79179233218
+79179233220
+79179233225
+79179233235
+79179233236
+79179233238
+79179233247
+79867127511
+79867127514
+79867127518
+79867127519
+79867127521
+79867127524
+79867127525
+79867127530
+79867127543
+79867127546
+79178500746
+79178501481
+79178502467
+79178502650
+79178502838
+79178502909
+79178502984
+79178503075
+79178503367
+79178503375
+79867200759
+79867202755
+79867203059
+79867203839
+79867204154
+79867204253
+79867204322
+79867204604
+79867205091
+79867205215
+79172900647
+79172901909
+79172902607
+79172903056
+79172903180
+79172905367
+79172905419
+79172905429
+79172907977
+79172909098
+79179010212
+79179011018
+79179013135
+79179013211
+79179013251
+79179015746
+79179016314
+79179016328
+79179016437
+79179017556
+79874027808
+79874027814
+79874027815
+79874027817
+79874027820
+79874027821
+79874027822
+79874027829
+79874027834
+79874027836
+79196300061
+79196300161
+79196300235
+79196300417
+79196300494
+79196300731
+79196301113
+79196301117
+79196301118
+79196301119
+79871721150
+79871738679
+79871738693
+79871738695
+79871738699
+79871738705
+79871738709
+79871738710
+79871738718
+79871738720
+79872201297
+79872201905
+79872201941
+79872201979
+79872202128
+79872202134
+79872203430
+79872203780
+79872203836
+79872204770
+79869301309
+79869304153
+79869304364
+79869307121
+79869308445
+79869308801
+79869312042
+79869314325
+79869314448
+79869314449
+79867127511
+79867127514
+79867127518
+79867127519
+79867127521
+79867127524
+79867127525
+79867127530
+79867127543
+79867127546
+79871721150
+79871738679
+79871738693
+79871738695
+79871738699
+79871738705
+79871738709
+79871738710
+79871738718
+79871738720
+79172545388
+79172545391
+79172545396
+79172545420
+79172545438
+79172545440
+79172545443
+79172545469
+79172545478
+79172545479
+79872051584
+79872051667
+79872051831
+79872051953
+79872052366
+79872052395
+79872052411
+79872052418
+79872052473
+79872052924
+79872816201
+79872819410
+79872819503
+79872819530
+79872819745
+79872823316
+79872823404
+79872825206
+79872828246
+79872828472
+79872912479
+79872912605
+79872912925
+79872912965
+79872913784
+79872915243
+79872915414
+79872915617
+79872915720
+79872916654
+79871721150
+79871738679
+79871738693
+79871738695
+79871738699
+79871738705
+79871738709
+79871738710
+79871738718
+79871738720
+79872912479
+79872912605
+79872912925
+79872912965
+79872913784
+79872915243
+79872915414
+79872915617
+79872915720
+79872916654
+79178731808
+79178731813
+79178731822
+79178731834
+79178731858
+79178731862
+79178731864
+79178731881
+79178731887
+79178731896
+79869011753
+79869014122
+79869014814
+79869017522
+79869017523
+79869017570
+79869018146
+79869018446
+79869020463
+79869020817
+79872701566
+79872703489
+79872704695
+79872704867
+79872704875
+79872706219
+79872706233
+79872707453
+79872708226
+79872708673
+79872601488
+79872601649
+79872603823
+79872607059
+79872608376
+79872611901
+79872612058
+79872613970
+79872617691
+79872620018
+79179233209
+79179233211
+79179233215
+79179233218
+79179233220
+79179233225
+79179233235
+79179233236
+79179233238
+79179233247
+79196201893
+79196229134
+79196229136
+79196229137
+79196229139
+79196229140
+79196229142
+79196229143
+79196229144
+79196229145
+79870617487
+79870618101
+79870620669
+79870620813
+79870620876
+79870621037
+79870621674
+79870621896
+79870621914
+79870622339
+79179315596
+79179315764
+79179315944
+79179316697
+79179316830
+79179316950
+79179318029
+79179318158
+79179318187
+79179318448
+79178928273
+79178928276
+79178928287
+79178928300
+79178928322
+79178928326
+79178928336
+79178928337
+79178928338
+79178928348
+79869113726
+79869130259
+79869130264
+79869130269
+79869130271
+79869130312
+79869130313
+79869130328
+79869130334
+79869130339
+79869301309
+79869304153
+79869304364
+79869307121
+79869308445
+79869308801
+79869312042
+79869314325
+79869314448
+79869314449
+79870617487
+79870618101
+79870620669
+79870620813
+79870620876
+79870621037
+79870621674
+79870621896
+79870621914
+79870622339
+79874201190
+79874203373
+79874212910
+79874214705
+79874218478
+79874219015
+79874219055
+79874219361
+79874219788
+79874220071
+79172701518
+79172702116
+79172702448
+79172703146
+79172703243
+79172706166
+79172706956
+79172707532
+79172707602
+79172707942
+79178928273
+79178928276
+79178928287
+79178928300
+79178928322
+79178928326
+79178928336
+79178928337
+79178928338
+79178928348
+79870617487
+79870618101
+79870620669
+79870620813
+79870620876
+79870621037
+79870621674
+79870621896
+79870621914
+79870622339
+79872313996
+79872315754
+79872316845
+79872317012
+79872318044
+79872319042
+79872319084
+79872319097
+79872319153
+79872319305
+79872127986
+79872128005
+79872128034
+79872128036
+79872128047
+79872128058
+79872128064
+79872128073
+79872128081
+79872128082
+79870617487
+79870618101
+79870620669
+79870620813
+79870620876
+79870621037
+79870621674
+79870621896
+79870621914
+79870622339
+79869301309
+79869304153
+79869304364
+79869307121
+79869308445
+79869308801
+79869312042
+79869314325
+79869314448
+79869314449
+79872313996
+79872315754
+79872316845
+79872317012
+79872318044
+79872319042
+79872319084
+79872319097
+79872319153
+79872319305
+79196407823
+79196408298
+79196409254
+79196409407
+79196409423
+79196410201
+79196410504
+79196410565
+79196410578
+79196410609
+79867200759
+79867202755
+79867203059
+79867203839
+79867204154
+79867204253
+79867204322
+79867204604
+79867205091
+79867205215
+79869301309
+79869304153
+79869304364
+79869307121
+79869308445
+79869308801
+79869312042
+79869314325
+79869314448
+79869314449
+79871804797
+79871805230
+79871805699
+79871806160
+79871812480
+79871815348
+79871815653
+79871816346
+79871816515
+79871816980
+79869301309
+79869304153
+79869304364
+79869307121
+79869308445
+79869308801
+79869312042
+79869314325
+79869314448
+79869314449
+79872051584
+79872051667
+79872051831
+79872051953
+79872052366
+79872052395
+79872052411
+79872052418
+79872052473
+79872052924
+79172803979
+79172804548
+79172805417
+79172806854
+79172807023
+79172807115
+79172807550
+79172808987
+79172812269
+79172815697
+79874118511
+79874130117
+79874130122
+79874130123
+79874130124
+79874130125
+79874130127
+79874130133
+79874130142
+79874130147
+79874027808
+79874027814
+79874027815
+79874027817
+79874027820
+79874027821
+79874027822
+79874027829
+79874027834
+79874027836
+79872313996
+79872315754
+79872316845
+79872317012
+79872318044
+79872319042
+79872319084
+79872319097
+79872319153
+79872319305
+79872912479
+79872912605
+79872912925
+79872912965
+79872913784
+79872915243
+79872915414
+79872915617
+79872915720
+79872916654
+79179010212
+79179011018
+79179013135
+79179013211
+79179013251
+79179015746
+79179016314
+79179016328
+79179016437
+79179017556
+79196201893
+79196229134
+79196229136
+79196229137
+79196229139
+79196229140
+79196229142
+79196229143
+79196229144
+79196229145
+79172701518
+79172702116
+79172702448
+79172703146
+79172703243
+79172706166
+79172706956
+79172707532
+79172707602
+79172707942
+79874027808
+79874027814
+79874027815
+79874027817
+79874027820
+79874027821
+79874027822
+79874027829
+79874027834
+79874027836
+79871804797
+79871805230
+79871805699
+79871806160
+79871812480
+79871815348
+79871815653
+79871816346
+79871816515
+79871816980
+79172491377
+79172491433
+79172491450
+79172491453
+79172491454
+79172491458
+79172491468
+79172491474
+79172491492
+79172491498
+79871721150
+79871738679
+79871738693
+79871738695
+79871738699
+79871738705
+79871738709
+79871738710
+79871738718
+79871738720
+79872601488
+79872601649
+79872603823
+79872607059
+79872608376
+79872611901
+79872612058
+79872613970
+79872617691
+79872620018
+79196824796
+79196824802
+79196824809
+79196824814
+79196824827
+79196824832
+79196824834
+79196824853
+79196824854
+79196824857
+79872912479
+79872912605
+79872912925
+79872912965
+79872913784
+79872915243
+79872915414
+79872915617
+79872915720
+79872916654
+79179233209
+79179233211
+79179233215
+79179233218
+79179233220
+79179233225
+79179233235
+79179233236
+79179233238
+79179233247
+79196824796
+79196824802
+79196824809
+79196824814
+79196824827
+79196824832
+79196824834
+79196824853
+79196824854
+79196824857
+79867127511
+79867127514
+79867127518
+79867127519
+79867127521
+79867127524
+79867127525
+79867127530
+79867127543
+79867127546
+79196300061
+79196300161
+79196300235
+79196300417
+79196300494
+79196300731
+79196301113
+79196301117
+79196301118
+79196301119
+79870007476
+79870007490
+79870007986
+79870008201
+79870008370
+79870008398
+79870008509
+79870008618
+79870009217
+79870009421
+79196906830
+79196909534
+79196910447
+79196912650
+79196914712
+79196915570
+79196916589
+79196916837
+79196917686
+79196917954
+79178602972
+79178603220
+79178603733
+79178606076
+79178606989
+79178607150
+79178609868
+79178610362
+79178611552
+79178615380
+79870007476
+79870007490
+79870007986
+79870008201
+79870008370
+79870008398
+79870008509
+79870008618
+79870009217
+79870009421
+79869301309
+79869304153
+79869304364
+79869307121
+79869308445
+79869308801
+79869312042
+79869314325
+79869314448
+79869314449
+79874118511
+79874130117
+79874130122
+79874130123
+79874130124
+79874130125
+79874130127
+79874130133
+79874130142
+79874130147
+79196201893
+79196229134
+79196229136
+79196229137
+79196229139
+79196229140
+79196229142
+79196229143
+79196229144
+79196229145
+79867127511
+79867127514
+79867127518
+79867127519
+79867127521
+79867127524
+79867127525
+79867127530
+79867127543
+79867127546
+79872051584
+79872051667
+79872051831
+79872051953
+79872052366
+79872052395
+79872052411
+79872052418
+79872052473
+79872052924
+79196906830
+79196909534
+79196910447
+79196912650
+79196914712
+79196915570
+79196916589
+79196916837
+79196917686
+79196917954
+79196201893
+79196229134
+79196229136
+79196229137
+79196229139
+79196229140
+79196229142
+79196229143
+79196229144
+79196229145
+79869216792
+79869217025
+79869217262
+79869217535
+79869217593
+79869217627
+79869217628
+79869217632
+79869217633
+79869217875
+79874027808
+79874027814
+79874027815
+79874027817
+79874027820
+79874027821
+79874027822
+79874027829
+79874027834
+79874027836
+79172803979
+79172804548
+79172805417
+79172806854
+79172807023
+79172807115
+79172807550
+79172808987
+79172812269
+79172815697
+79179233209
+79179233211
+79179233215
+79179233218
+79179233220
+79179233225
+79179233235
+79179233236
+79179233238
+79179233247
+79196824796
+79196824802
+79196824809
+79196824814
+79196824827
+79196824832
+79196824834
+79196824853
+79196824854
+79196824857
+79871721150
+79871738679
+79871738693
+79871738695
+79871738699
+79871738705
+79871738709
+79871738710
+79871738718
+79871738720
+79178829776
+79178850907
+79178850909
+79178850913
+79178850958
+79178850968
+79178850980
+79178851001
+79178851011
+79178851031
+79872912479
+79872912605
+79872912925
+79872912965
+79872913784
+79872915243
+79872915414
+79872915617
+79872915720
+79872916654
+79178829776
+79178850907
+79178850909
+79178850913
+79178850958
+79178850968
+79178850980
+79178851001
+79178851011
+79178851031
+79874201190
+79874203373
+79874212910
+79874214705
+79874218478
+79874219015
+79874219055
+79874219361
+79874219788
+79874220071
+79179315596
+79179315764
+79179315944
+79179316697
+79179316830
+79179316950
+79179318029
+79179318158
+79179318187
+79179318448
+79196300061
+79196300161
+79196300235
+79196300417
+79196300494
+79196300731
+79196301113
+79196301117
+79196301118
+79196301119
+79172545388
+79172545391
+79172545396
+79172545420
+79172545438
+79172545440
+79172545443
+79172545469
+79172545478
+79172545479
+79871721150
+79871738679
+79871738693
+79871738695
+79871738699
+79871738705
+79871738709
+79871738710
+79871738718
+79871738720
+79871721150
+79871738679
+79871738693
+79871738695
+79871738699
+79871738705
+79871738709
+79871738710
+79871738718
+79871738720
+79196300061
+79196300161
+79196300235
+79196300417
+79196300494
+79196300731
+79196301113
+79196301117
+79196301118
+79196301119
+79872201297
+79872201905
+79872201941
+79872201979
+79872202128
+79872202134
+79872203430
+79872203780
+79872203836
+79872204770
+79196906830
+79196909534
+79196910447
+79196912650
+79196914712
+79196915570
+79196916589
+79196916837
+79196917686
+79196917954
+79869216792
+79869217025
+79869217262
+79869217535
+79869217593
+79869217627
+79869217628
+79869217632
+79869217633
+79869217875
+79172701518
+79172702116
+79172702448
+79172703146
+79172703243
+79172706166
+79172706956
+79172707532
+79172707602
+79172707942
+79869216792
+79869217025
+79869217262
+79869217535
+79869217593
+79869217627
+79869217628
+79869217632
+79869217633
+79869217875
+79872201297
+79872201905
+79872201941
+79872201979
+79872202128
+79872202134
+79872203430
+79872203780
+79872203836
+79872204770
+79874118511
+79874130117
+79874130122
+79874130123
+79874130124
+79874130125
+79874130127
+79874130133
+79874130142
+79874130147
+79178829776
+79178850907
+79178850909
+79178850913
+79178850958
+79178850968
+79178850980
+79178851001
+79178851011
+79178851031
+79178829776
+79178850907
+79178850909
+79178850913
+79178850958
+79178850968
+79178850980
+79178851001
+79178851011
+79178851031
+79872127986
+79872128005
+79872128034
+79872128036
+79872128047
+79872128058
+79872128064
+79872128073
+79872128081
+79872128082
+79874201190
+79874203373
+79874212910
+79874214705
+79874218478
+79874219015
+79874219055
+79874219361
+79874219788
+79874220071
+79196407823
+79196408298
+79196409254
+79196409407
+79196409423
+79196410201
+79196410504
+79196410565
+79196410578
+79196410609
+79172803979
+79172804548
+79172805417
+79172806854
+79172807023
+79172807115
+79172807550
+79172808987
+79172812269
+79172815697
+79178731808
+79178731813
+79178731822
+79178731834
+79178731858
+79178731862
+79178731864
+79178731881
+79178731887
+79178731896
+79196824796
+79196824802
+79196824809
+79196824814
+79196824827
+79196824832
+79196824834
+79196824853
+79196824854
+79196824857
+79870007476
+79870007490
+79870007986
+79870008201
+79870008370
+79870008398
+79870008509
+79870008618
+79870009217
+79870009421
+79196407823
+79196408298
+79196409254
+79196409407
+79196409423
+79196410201
+79196410504
+79196410565
+79196410578
+79196410609
+79178602972
+79178603220
+79178603733
+79178606076
+79178606989
+79178607150
+79178609868
+79178610362
+79178611552
+79178615380
+79869113726
+79869130259
+79869130264
+79869130269
+79869130271
+79869130312
+79869130313
+79869130328
+79869130334
+79869130339
+79178928273
+79178928276
+79178928287
+79178928300
+79178928322
+79178928326
+79178928336
+79178928337
+79178928338
+79178928348
+79172900647
+79172901909
+79172902607
+79172903056
+79172903180
+79172905367
+79172905419
+79172905429
+79172907977
+79172909098
+79871804797
+79871805230
+79871805699
+79871806160
+79871812480
+79871815348
+79871815653
+79871816346
+79871816515
+79871816980
+79867200759
+79867202755
+79867203059
+79867203839
+79867204154
+79867204253
+79867204322
+79867204604
+79867205091
+79867205215
+79874118511
+79874130117
+79874130122
+79874130123
+79874130124
+79874130125
+79874130127
+79874130133
+79874130142
+79874130147
+79872201297
+79872201905
+79872201941
+79872201979
+79872202128
+79872202134
+79872203430
+79872203780
+79872203836
+79872204770
+79196201893
+79196229134
+79196229136
+79196229137
+79196229139
+79196229140
+79196229142
+79196229143
+79196229144
+79196229145
+79870007476
+79870007490
+79870007986
+79870008201
+79870008370
+79870008398
+79870008509
+79870008618
+79870009217
+79870009421
+79178829776
+79178850907
+79178850909
+79178850913
+79178850958
+79178850968
+79178850980
+79178851001
+79178851011
+79178851031
+79172900647
+79172901909
+79172902607
+79172903056
+79172903180
+79172905367
+79172905419
+79172905429
+79172907977
+79172909098
+79178829776
+79178850907
+79178850909
+79178850913
+79178850958
+79178850968
+79178850980
+79178851001
+79178851011
+79178851031
+79178500746
+79178501481
+79178502467
+79178502650
+79178502838
+79178502909
+79178502984
+79178503075
+79178503367
+79178503375
+79179315596
+79179315764
+79179315944
+79179316697
+79179316830
+79179316950
+79179318029
+79179318158
+79179318187
+79179318448
+79178829776
+79178850907
+79178850909
+79178850913
+79178850958
+79178850968
+79178850980
+79178851001
+79178851011
+79178851031
+79872912479
+79872912605
+79872912925
+79872912965
+79872913784
+79872915243
+79872915414
+79872915617
+79872915720
+79872916654
+79179102944
+79179103079
+79179103599
+79179104074
+79179105259
+79179106178
+79179107394
+79179107531
+79179107541
+79179107629
+79178829776
+79178850907
+79178850909
+79178850913
+79178850958
+79178850968
+79178850980
+79178851001
+79178851011
+79178851031
+79872701566
+79872703489
+79872704695
+79872704867
+79872704875
+79872706219
+79872706233
+79872707453
+79872708226
+79872708673
+79872601488
+79872601649
+79872603823
+79872607059
+79872608376
+79872611901
+79872612058
+79872613970
+79872617691
+79872620018
+79172900647
+79172901909
+79172902607
+79172903056
+79172903180
+79172905367
+79172905419
+79172905429
+79172907977
+79172909098
+79178602972
+79178603220
+79178603733
+79178606076
+79178606989
+79178607150
+79178609868
+79178610362
+79178611552
+79178615380
+79196300061
+79196300161
+79196300235
+79196300417
+79196300494
+79196300731
+79196301113
+79196301117
+79196301118
+79196301119
+79196407823
+79196408298
+79196409254
+79196409407
+79196409423
+79196410201
+79196410504
+79196410565
+79196410578
+79196410609
+79196201893
+79196229134
+79196229136
+79196229137
+79196229139
+79196229140
+79196229142
+79196229143
+79196229144
+79196229145
+79869216792
+79869217025
+79869217262
+79869217535
+79869217593
+79869217627
+79869217628
+79869217632
+79869217633
+79869217875
+79172491454
+79172491458
+79172491468
+79172491474
+79172491492
+79172491498
+79172491523
+79172491524
+79172491526
+79172491538
+79172701518
+79172702116
+79172702448
+79172703146
+79172703243
+79172706166
+79172706956
+79172707532
+79172707602
+79172707942
+79870007476
+79870007490
+79870007986
+79870008201
+79870008370
+79870008398
+79870008509
+79870008618
+79870009217
+79870009421
+79172545388
+79172545391
+79172545396
+79172545420
+79172545438
+79172545440
+79172545443
+79172545469
+79172545478
+79172545479
+79178731808
+79178731813
+79178731822
+79178731834
+79178731858
+79178731862
+79178731864
+79178731881
+79178731887
+79178731896
+79172545388
+79172545391
+79172545396
+79172545420
+79172545438
+79172545440
+79172545443
+79172545469
+79172545478
+79172545479
+79874118511
+79874130117
+79874130122
+79874130123
+79874130124
+79874130125
+79874130127
+79874130133
+79874130142
+79874130147
+79869113726
+79869130259
+79869130264
+79869130269
+79869130271
+79869130312
+79869130313
+79869130328
+79869130334
+79869130339
+79869113726
+79869130259
+79869130264
+79869130269
+79869130271
+79869130312
+79869130313
+79869130328
+79869130334
+79869130339
+79870617487
+79870618101
+79870620669
+79870620813
+79870620876
+79870621037
+79870621674
+79870621896
+79870621914
+79870622339
+79870007476
+79870007490
+79870007986
+79870008201
+79870008370
+79870008398
+79870008509
+79870008618
+79870009217
+79870009421
+79196906830
+79196909534
+79196910447
+79196912650
+79196914712
+79196915570
+79196916589
+79196916837
+79196917686
+79196917954
+79196407823
+79196408298
+79196409254
+79196409407
+79196409423
+79196410201
+79196410504
+79196410565
+79196410578
+79196410609
+79869113726
+79869130259
+79869130264
+79869130269
+79869130271
+79869130312
+79869130313
+79869130328
+79869130334
+79869130339
+79872313996
+79872315754
+79872316845
+79872317012
+79872318044
+79872319042
+79872319084
+79872319097
+79872319153
+79872319305
+79872701566
+79872703489
+79872704695
+79872704867
+79872704875
+79872706219
+79872706233
+79872707453
+79872708226
+79872708673
+79872912479
+79872912605
+79872912925
+79872912965
+79872913784
+79872915243
+79872915414
+79872915617
+79872915720
+79872916654
+79867127511
+79867127514
+79867127518
+79867127519
+79867127521
+79867127524
+79867127525
+79867127530
+79867127543
+79867127546
+79178731808
+79178731813
+79178731822
+79178731834
+79178731858
+79178731862
+79178731864
+79178731881
+79178731887
+79178731896
+79179315596
+79179315764
+79179315944
+79179316697
+79179316830
+79179316950
+79179318029
+79179318158
+79179318187
+79179318448
+79172900647
+79172901909
+79172902607
+79172903056
+79172903180
+79172905367
+79172905419
+79172905429
+79172907977
+79172909098
+79874118511
+79874130117
+79874130122
+79874130123
+79874130124
+79874130125
+79874130127
+79874130133
+79874130142
+79874130147
+79872201297
+79872201905
+79872201941
+79872201979
+79872202128
+79872202134
+79872203430
+79872203780
+79872203836
+79872204770
+79178928273
+79178928276
+79178928287
+79178928300
+79178928322
+79178928326
+79178928336
+79178928337
+79178928338
+79178928348
+79172900647
+79172901909
+79172902607
+79172903056
+79172903180
+79172905367
+79172905419
+79172905429
+79172907977
+79172909098
+79871804797
+79871805230
+79871805699
+79871806160
+79871812480
+79871815348
+79871815653
+79871816346
+79871816515
+79871816980
+79178731808
+79178731813
+79178731822
+79178731834
+79178731858
+79178731862
+79178731864
+79178731881
+79178731887
+79178731896
+79872601488
+79872601649
+79872603823
+79872607059
+79872608376
+79872611901
+79872612058
+79872613970
+79872617691
+79872620018
+79196201893
+79196229134
+79196229136
+79196229137
+79196229139
+79196229140
+79196229142
+79196229143
+79196229144
+79196229145
+79872912479
+79872912605
+79872912925
+79872912965
+79872913784
+79872915243
+79872915414
+79872915617
+79872915720
+79872916654
+79872912479
+79872912605
+79872912925
+79872912965
+79872913784
+79872915243
+79872915414
+79872915617
+79872915720
+79872916654
+79179010212
+79179011018
+79179013135
+79179013211
+79179013251
+79179015746
+79179016314
+79179016328
+79179016437
+79179017556
+79172803979
+79172804548
+79172805417
+79172806854
+79172807023
+79172807115
+79172807550
+79172808987
+79172812269
+79172815697
+79179233209
+79179233211
+79179233215
+79179233218
+79179233220
+79179233225
+79179233235
+79179233236
+79179233238
+79179233247
+79172900647
+79172901909
+79172902607
+79172903056
+79172903180
+79172905367
+79172905419
+79172905429
+79172907977
+79172909098
+79172545388
+79172545391
+79172545396
+79172545420
+79172545438
+79172545440
+79172545443
+79172545469
+79172545478
+79172545479
+79196906830
+79196909534
+79196910447
+79196912650
+79196914712
+79196915570
+79196916589
+79196916837
+79196917686
+79196917954
+79872601488
+79872601649
+79872603823
+79872607059
+79872608376
+79872611901
+79872612058
+79872613970
+79872617691
+79872620018
+79871804797
+79871805230
+79871805699
+79871806160
+79871812480
+79871815348
+79871815653
+79871816346
+79871816515
+79871816980
+79196824796
+79196824802
+79196824809
+79196824814
+79196824827
+79196824832
+79196824834
+79196824853
+79196824854
+79196824857
+79196407823
+79196408298
+79196409254
+79196409407
+79196409423
+79196410201
+79196410504
+79196410565
+79196410578
+79196410609
+79869011753
+79869014122
+79869014814
+79869017522
+79869017523
+79869017570
+79869018146
+79869018446
+79869020463
+79869020817
+79872601488
+79872601649
+79872603823
+79872607059
+79872608376
+79872611901
+79872612058
+79872613970
+79872617691
+79872620018
+79872912479
+79872912605
+79872912925
+79872912965
+79872913784
+79872915243
+79872915414
+79872915617
+79872915720
+79872916654
+79872912479
+79872912605
+79872912925
+79872912965
+79872913784
+79872915243
+79872915414
+79872915617
+79872915720
+79872916654
+79872201297
+79872201905
+79872201941
+79872201979
+79872202128
+79872202134
+79872203430
+79872203780
+79872203836
+79872204770
+79870617487
+79870618101
+79870620669
+79870620813
+79870620876
+79870621037
+79870621674
+79870621896
+79870621914
+79870622339
+79872816201
+79872819410
+79872819503
+79872819530
+79872819745
+79872823316
+79872823404
+79872825206
+79872828246
+79872828472
+79179010212
+79179011018
+79179013135
+79179013211
+79179013251
+79179015746
+79179016314
+79179016328
+79179016437
+79179017556
+79179315596
+79179315764
+79179315944
+79179316697
+79179316830
+79179316950
+79179318029
+79179318158
+79179318187
+79179318448
+79871721150
+79871738679
+79871738693
+79871738695
+79871738699
+79871738705
+79871738709
+79871738710
+79871738718
+79871738720
+79178829776
+79178850907
+79178850909
+79178850913
+79178850958
+79178850968
+79178850980
+79178851001
+79178851011
+79178851031
+79869216792
+79869217025
+79869217262
+79869217535
+79869217593
+79869217627
+79869217628
+79869217632
+79869217633
+79869217875
+79869011753
+79869014122
+79869014814
+79869017522
+79869017523
+79869017570
+79869018146
+79869018446
+79869020463
+79869020817
+79871721150
+79871738679
+79871738693
+79871738695
+79871738699
+79871738705
+79871738709
+79871738710
+79871738718
+79871738720
+79870007476
+79870007490
+79870007986
+79870008201
+79870008370
+79870008398
+79870008509
+79870008618
+79870009217
+79870009421
+79179102944
+79179103079
+79179103599
+79179104074
+79179105259
+79179106178
+79179107394
+79179107531
+79179107541
+79179107629
+79178928273
+79178928276
+79178928287
+79178928300
+79178928322
+79178928326
+79178928336
+79178928337
+79178928338
+79178928348
+79178829776
+79178850907
+79178850909
+79178850913
+79178850958
+79178850968
+79178850980
+79178851001
+79178851011
+79178851031
+79872701566
+79872703489
+79872704695
+79872704867
+79872704875
+79872706219
+79872706233
+79872707453
+79872708226
+79872708673
+79178602972
+79178603220
+79178603733
+79178606076
+79178606989
+79178607150
+79178609868
+79178610362
+79178611552
+79178615380
+79872051584
+79872051667
+79872051831
+79872051953
+79872052366
+79872052395
+79872052411
+79872052418
+79872052473
+79872052924
+79179315596
+79179315764
+79179315944
+79179316697
+79179316830
+79179316950
+79179318029
+79179318158
+79179318187
+79179318448
+79179010212
+79179011018
+79179013135
+79179013211
+79179013251
+79179015746
+79179016314
+79179016328
+79179016437
+79179017556
+79871804797
+79871805230
+79871805699
+79871806160
+79871812480
+79871815348
+79871815653
+79871816346
+79871816515
+79871816980
+79172545388
+79172545391
+79172545396
+79172545420
+79172545438
+79172545440
+79172545443
+79172545469
+79172545478
+79172545479
+79178829776
+79178850907
+79178850909
+79178850913
+79178850958
+79178850968
+79178850980
+79178851001
+79178851011
+79178851031
+79172491458
+79172491468
+79172491474
+79172491492
+79172491498
+79172491523
+79172491524
+79172491526
+79172491538
+79172491551
+79872701566
+79872703489
+79872704695
+79872704867
+79872704875
+79872706219
+79872706233
+79872707453
+79872708226
+79872708673
+79874201190
+79874203373
+79874208084
+79874212910
+79874214705
+79874218478
+79874219015
+79874219055
+79874219361
+79874219788
+79872601488
+79872601649
+79872603823
+79872607059
+79872608376
+79872611901
+79872612058
+79872613970
+79872617691
+79872620018
+79874201190
+79874203373
+79874208084
+79874212910
+79874214705
+79874218478
+79874219015
+79874219055
+79874219361
+79874219788
+79870617487
+79870618101
+79870620669
+79870620813
+79870620876
+79870621037
+79870621674
+79870621896
+79870621914
+79870622339
+79179102944
+79179103079
+79179103599
+79179104074
+79179105259
+79179106178
+79179107394
+79179107531
+79179107541
+79179107629
+79869301309
+79869304153
+79869304364
+79869307121
+79869308445
+79869308801
+79869312042
+79869314325
+79869314448
+79869314449
+79196300061
+79196300161
+79196300235
+79196300417
+79196300494
+79196300731
+79196301113
+79196301117
+79196301118
+79196301119
+79172634571
+79172634574
+79172634587
+79172634591
+79172634596
+79172634597
+79172634599
+79172634604
+79172634610
+79172634612
+79179315596
+79179315764
+79179315944
+79179316697
+79179316830
+79179316950
+79179318029
+79179318158
+79179318187
+79179318448
+79872051584
+79872051667
+79872051831
+79872051953
+79872052366
+79872052395
+79872052411
+79872052418
+79872052473
+79872052924
+79872601488
+79872601649
+79872603823
+79872607059
+79872608376
+79872611901
+79872612058
+79872613970
+79872617691
+79872620018
+79869301309
+79869304153
+79869304364
+79869307121
+79869308445
+79869308801
+79869312042
+79869314325
+79869314448
+79869314449
+79196407823
+79196408298
+79196409254
+79196409407
+79196409423
+79196410201
+79196410504
+79196410565
+79196410578
+79196410609
+79173900470
+79173900497
+79173900621
+79173900629
+79173901219
+79173901487
+79173901762
+79173902372
+79173902589
+79173902689
+79869011753
+79869014122
+79869014814
+79869017522
+79869017523
+79869017570
+79869018146
+79869018446
+79869020463
+79869020817
+79179010212
+79179011018
+79179013135
+79179013211
+79179013251
+79179015746
+79179016314
+79179016328
+79179016437
+79179017556
+79178602972
+79178603220
+79178603733
+79178606076
+79178606989
+79178607150
+79178609868
+79178610362
+79178611552
+79178615380
+79172634571
+79172634574
+79172634587
+79172634591
+79172634596
+79172634597
+79172634599
+79172634604
+79172634610
+79172634612
+79874027808
+79874027814
+79874027815
+79874027817
+79874027820
+79874027821
+79874027822
+79874027829
+79874027834
+79874027836
+79196201893
+79196229134
+79196229136
+79196229137
+79196229139
+79196229140
+79196229142
+79196229143
+79196229144
+79196229145
+79872313996
+79872315754
+79872316845
+79872317012
+79872318044
+79872319042
+79872319084
+79872319097
+79872319153
+79872319305
+79173900470
+79173900497
+79173900621
+79173900629
+79173901219
+79173901487
+79173901762
+79173902372
+79173902589
+79173902689
+79178602972
+79178603220
+79178603733
+79178606076
+79178606989
+79178607150
+79178609868
+79178610362
+79178611552
+79178615380
+79872701566
+79872703489
+79872704695
+79872704867
+79872704875
+79872706219
+79872706233
+79872707453
+79872708226
+79872708673
+79196201893
+79196229134
+79196229136
+79196229137
+79196229139
+79196229140
+79196229142
+79196229143
+79196229144
+79196229145
+79871804797
+79871805230
+79871805699
+79871806160
+79871812480
+79871815348
+79871815653
+79871816346
+79871816515
+79871816980
+79196824796
+79196824802
+79196824809
+79196824814
+79196824827
+79196824832
+79196824834
+79196824853
+79196824854
+79196824857
+79871804797
+79871805230
+79871805699
+79871806160
+79871812480
+79871815348
+79871815653
+79871816346
+79871816515
+79871816980
+79196300061
+79196300161
+79196300235
+79196300417
+79196300494
+79196300731
+79196301113
+79196301117
+79196301118
+79196301119
+79874118511
+79874130117
+79874130122
+79874130123
+79874130124
+79874130125
+79874130127
+79874130133
+79874130142
+79874130147
+79178731808
+79178731813
+79178731822
+79178731834
+79178731858
+79178731862
+79178731864
+79178731881
+79178731887
+79178731896
+79179233209
+79179233211
+79179233215
+79179233218
+79179233220
+79179233225
+79179233235
+79179233236
+79179233238
+79179233247
+79178500746
+79178501481
+79178502467
+79178502650
+79178502838
+79178502909
+79178502984
+79178503075
+79178503367
+79178503375
+79869113726
+79869130259
+79869130264
+79869130269
+79869130271
+79869130312
+79869130313
+79869130328
+79869130334
+79869130339
+79869301309
+79869304153
+79869304364
+79869307121
+79869308445
+79869308801
+79869312042
+79869314325
+79869314448
+79869314449
+79178602972
+79178603220
+79178603733
+79178606076
+79178606989
+79178607150
+79178609868
+79178610362
+79178611552
+79178615380
+79869113726
+79869130259
+79869130264
+79869130269
+79869130271
+79869130312
+79869130313
+79869130328
+79869130334
+79869130339
+79172634571
+79172634574
+79172634587
+79172634591
+79172634596
+79172634597
+79172634599
+79172634604
+79172634610
+79172634612
+79196906830
+79196909534
+79196910447
+79196912650
+79196914712
+79196915570
+79196916589
+79196916837
+79196917686
+79196917954
+79871721150
+79871738679
+79871738693
+79871738695
+79871738699
+79871738705
+79871738709
+79871738710
+79871738718
+79871738720
+79196407823
+79196408298
+79196409254
+79196409407
+79196409423
+79196410201
+79196410504
+79196410565
+79196410578
+79196410609
+79874118511
+79874130117
+79874130122
+79874130123
+79874130124
+79874130125
+79874130127
+79874130133
+79874130142
+79874130147
+79869113726
+79869130259
+79869130264
+79869130269
+79869130271
+79869130312
+79869130313
+79869130328
+79869130334
+79869130339
+79172900647
+79172901909
+79172902607
+79172903056
+79172903180
+79172905367
+79172905419
+79172905429
+79172907977
+79172909098
+79872051584
+79872051667
+79872051831
+79872051953
+79872052366
+79872052395
+79872052411
+79872052418
+79872052473
+79872052924
+79178500746
+79178501481
+79178502467
+79178502650
+79178502838
+79178502909
+79178502984
+79178503075
+79178503367
+79178503375
+79870007476
+79870007490
+79870007986
+79870008201
+79870008370
+79870008398
+79870008509
+79870008618
+79870009217
+79870009421
+79874027808
+79874027814
+79874027815
+79874027817
+79874027820
+79874027821
+79874027822
+79874027829
+79874027834
+79874027836
+79178602972
+79178603220
+79178603733
+79178606076
+79178606989
+79178607150
+79178609868
+79178610362
+79178611552
+79178615380
+79870007476
+79870007490
+79870007986
+79870008201
+79870008370
+79870008398
+79870008509
+79870008618
+79870009217
+79870009421
+79872701566
+79872703489
+79872704695
+79872704867
+79872704875
+79872706219
+79872706233
+79872707453
+79872708226
+79872708673
+79872816201
+79872819410
+79872819503
+79872819530
+79872819745
+79872823316
+79872823404
+79872825206
+79872828246
+79872828472
+79172701518
+79172702116
+79172702448
+79172703146
+79172703243
+79172706166
+79172706956
+79172707532
+79172707602
+79172707942
+79874118511
+79874130117
+79874130122
+79874130123
+79874130124
+79874130125
+79874130127
+79874130133
+79874130142
+79874130147
+79172491458
+79172491468
+79172491474
+79172491492
+79172491498
+79172491523
+79172491524
+79172491526
+79172491538
+79172491551
+79869301309
+79869304153
+79869304364
+79869307121
+79869308445
+79869308801
+79869312042
+79869314325
+79869314448
+79869314449
+79179102944
+79179103079
+79179103599
+79179104074
+79179105259
+79179106178
+79179107394
+79179107531
+79179107541
+79179107629
+79874027808
+79874027814
+79874027815
+79874027817
+79874027820
+79874027821
+79874027822
+79874027829
+79874027834
+79874027836
+79874118511
+79874130117
+79874130122
+79874130123
+79874130124
+79874130125
+79874130127
+79874130133
+79874130142
+79874130147
+79179233209
+79179233211
+79179233215
+79179233218
+79179233220
+79179233225
+79179233235
+79179233236
+79179233238
+79179233247
+79874118511
+79874130117
+79874130122
+79874130123
+79874130124
+79874130125
+79874130127
+79874130133
+79874130142
+79874130147
+79196906830
+79196909534
+79196910447
+79196912650
+79196914712
+79196915570
+79196916589
+79196916837
+79196917686
+79196917954
+79872601488
+79872601649
+79872603823
+79872607059
+79872608376
+79872611901
+79872612058
+79872613970
+79872617691
+79872620018
+79870617487
+79870618101
+79870620669
+79870620813
+79870620876
+79870621037
+79870621674
+79870621896
+79870621914
+79870622339
+79872127986
+79872128005
+79872128034
+79872128036
+79872128047
+79872128058
+79872128064
+79872128073
+79872128081
+79872128082
+79178829776
+79178850907
+79178850909
+79178850913
+79178850958
+79178850968
+79178850980
+79178851001
+79178851011
+79178851031
+79173900470
+79173900497
+79173900621
+79173900629
+79173901219
+79173901487
+79173901762
+79173902372
+79173902589
+79173902689
+79874201190
+79874203373
+79874208084
+79874212910
+79874214705
+79874218478
+79874219015
+79874219055
+79874219361
+79874219788
+79872701566
+79872703489
+79872704695
+79872704867
+79872704875
+79872706219
+79872706233
+79872707453
+79872708226
+79872708673
+79872127986
+79872128005
+79872128034
+79872128036
+79872128047
+79872128058
+79872128064
+79872128073
+79872128081
+79872128082
+79869301309
+79869304153
+79869304364
+79869307121
+79869308445
+79869308801
+79869312042
+79869314325
+79869314448
+79869314449
+79172634571
+79172634574
+79172634587
+79172634591
+79172634596
+79172634597
+79172634599
+79172634604
+79172634610
+79172634612
+79178829776
+79178850907
+79178850909
+79178850913
+79178850958
+79178850968
+79178850980
+79178851001
+79178851011
+79178851031
+79179010212
+79179011018
+79179013135
+79179013211
+79179013251
+79179015746
+79179016314
+79179016328
+79179016437
+79179017556
+79179233209
+79179233211
+79179233215
+79179233218
+79179233220
+79179233225
+79179233235
+79179233236
+79179233238
+79179233247
+79196824796
+79196824802
+79196824809
+79196824814
+79196824827
+79196824832
+79196824834
+79196824853
+79196824854
+79196824857
+79173900470
+79173900497
+79173900621
+79173900629
+79173901219
+79173901487
+79173901762
+79173902372
+79173902589
+79173902689
+79869113726
+79869130259
+79869130264
+79869130269
+79869130271
+79869130312
+79869130313
+79869130328
+79869130334
+79869130339
+79172634571
+79172634574
+79172634587
+79172634591
+79172634596
+79172634597
+79172634599
+79172634604
+79172634610
+79172634612
+79196407823
+79196408298
+79196409254
+79196409407
+79196409423
+79196410201
+79196410504
+79196410565
+79196410578
+79196410609
+79178731808
+79178731813
+79178731822
+79178731834
+79178731858
+79178731862
+79178731864
+79178731881
+79178731887
+79178731896
+79196407823
+79196408298
+79196409254
+79196409407
+79196409423
+79196410201
+79196410504
+79196410565
+79196410578
+79196410609
+79172545388
+79172545391
+79172545396
+79172545420
+79172545438
+79172545440
+79172545443
+79172545469
+79172545478
+79172545479
+79872701566
+79872703489
+79872704695
+79872704867
+79872704875
+79872706219
+79872706233
+79872707453
+79872708226
+79872708673
+79172545388
+79172545391
+79172545396
+79172545420
+79172545438
+79172545440
+79172545443
+79172545469
+79172545478
+79172545479
+79196300061
+79196300161
+79196300235
+79196300417
+79196300494
+79196300731
+79196301113
+79196301117
+79196301118
+79196301119
+79874118511
+79874130117
+79874130122
+79874130123
+79874130124
+79874130125
+79874130127
+79874130133
+79874130142
+79874130147
+79871804797
+79871805230
+79871805699
+79871806160
+79871812480
+79871815348
+79871815653
+79871816346
+79871816515
+79871816980
+79172900647
+79172901909
+79172902607
+79172903056
+79172903180
+79172905367
+79172905419
+79172905429
+79172907977
+79172909098
+79869301309
+79869304153
+79869304364
+79869307121
+79869308445
+79869308801
+79869312042
+79869314325
+79869314448
+79869314449
+79172634571
+79172634574
+79172634587
+79172634591
+79172634596
+79172634597
+79172634599
+79172634604
+79172634610
+79172634612
+79874118511
+79874130117
+79874130122
+79874130123
+79874130124
+79874130125
+79874130127
+79874130133
+79874130142
+79874130147
+79871721150
+79871738679
+79871738693
+79871738695
+79871738699
+79871738705
+79871738709
+79871738710
+79871738718
+79871738720
+79172634571
+79172634574
+79172634587
+79172634591
+79172634596
+79172634597
+79172634599
+79172634604
+79172634610
+79172634612
+79172701518
+79172702116
+79172702448
+79172703146
+79172703243
+79172706166
+79172706956
+79172707532
+79172707602
+79172707942
+79179102944
+79179103079
+79179103599
+79179104074
+79179105259
+79179106178
+79179107394
+79179107531
+79179107541
+79179107629
+79872816201
+79872819410
+79872819503
+79872819530
+79872819745
+79872823316
+79872823404
+79872825206
+79872828246
+79872828472
+79872816201
+79872819410
+79872819503
+79872819530
+79872819745
+79872823316
+79872823404
+79872825206
+79872828246
+79872828472
+79870617487
+79870618101
+79870620669
+79870620813
+79870620876
+79870621037
+79870621674
+79870621896
+79870621914
+79870622339
+79172545388
+79172545391
+79172545396
+79172545420
+79172545438
+79172545440
+79172545443
+79172545469
+79172545478
+79172545479
+79179102944
+79179103079
+79179103599
+79179104074
+79179105259
+79179106178
+79179107394
+79179107531
+79179107541
+79179107629
+79872912479
+79872912605
+79872912925
+79872912965
+79872913784
+79872915243
+79872915414
+79872915617
+79872915720
+79872916654
+79872701566
+79872703489
+79872704695
+79872704867
+79872704875
+79872706219
+79872706233
+79872707453
+79872708226
+79872708673
+79196824796
+79196824802
+79196824809
+79196824814
+79196824827
+79196824832
+79196824834
+79196824853
+79196824854
+79196824857
+79172701518
+79172702116
+79172702448
+79172703146
+79172703243
+79172706166
+79172706956
+79172707532
+79172707602
+79172707942
+79874027808
+79874027814
+79874027815
+79874027817
+79874027820
+79874027821
+79874027822
+79874027829
+79874027834
+79874027836
+79172545388
+79172545391
+79172545396
+79172545420
+79172545438
+79172545440
+79172545443
+79172545469
+79172545478
+79172545479
+79178731808
+79178731813
+79178731822
+79178731834
+79178731858
+79178731862
+79178731864
+79178731881
+79178731887
+79178731896
+79871804797
+79871805230
+79871805699
+79871806160
+79871812480
+79871815348
+79871815653
+79871816346
+79871816515
+79871816980
+79872051584
+79872051667
+79872051831
+79872051953
+79872052366
+79872052395
+79872052411
+79872052418
+79872052473
+79872052924
+79178500746
+79178501481
+79178502467
+79178502650
+79178502838
+79178502909
+79178502984
+79178503075
+79178503367
+79178503375
+79870007476
+79870007490
+79870007986
+79870008201
+79870008370
+79870008398
+79870008509
+79870008618
+79870009217
+79870009421
+79179315596
+79179315764
+79179315944
+79179316697
+79179316830
+79179316950
+79179318029
+79179318158
+79179318187
+79179318448
+79178500746
+79178501481
+79178502467
+79178502650
+79178502838
+79178502909
+79178502984
+79178503075
+79178503367
+79178503375
+79869113726
+79869130259
+79869130264
+79869130269
+79869130271
+79869130312
+79869130313
+79869130328
+79869130334
+79869130339
+79178602972
+79178603220
+79178603733
+79178606076
+79178606989
+79178607150
+79178609868
+79178610362
+79178611552
+79178615380
+79179233209
+79179233211
+79179233215
+79179233218
+79179233220
+79179233225
+79179233235
+79179233236
+79179233238
+79179233247
+79196824796
+79196824802
+79196824809
+79196824814
+79196824827
+79196824832
+79196824834
+79196824853
+79196824854
+79196824857
+79869216792
+79869217025
+79869217262
+79869217535
+79869217593
+79869217627
+79869217628
+79869217632
+79869217633
+79869217875
+79178829776
+79178850907
+79178850909
+79178850913
+79178850958
+79178850968
+79178850980
+79178851001
+79178851011
+79178851031
+79867200443
+79867200759
+79867202755
+79867203059
+79867203839
+79867204154
+79867204253
+79867204322
+79867204604
+79867205091
+79196906830
+79196909534
+79196910447
+79196912650
+79196914712
+79196915570
+79196916589
+79196916837
+79196917686
+79196917954
+79872051584
+79872051667
+79872051831
+79872051953
+79872052366
+79872052395
+79872052411
+79872052418
+79872052473
+79872052924
+79178500746
+79178501481
+79178502467
+79178502650
+79178502838
+79178502909
+79178502984
+79178503075
+79178503367
+79178503375
+79172545388
+79172545391
+79172545396
+79172545420
+79172545438
+79172545440
+79172545443
+79172545469
+79172545478
+79172545479
+79874201190
+79874203373
+79874208084
+79874212910
+79874214705
+79874218478
+79874219015
+79874219055
+79874219361
+79874219788
+79178602972
+79178603220
+79178603733
+79178606076
+79178606989
+79178607150
+79178609868
+79178610362
+79178611552
+79178615380
+79869216792
+79869217025
+79869217262
+79869217535
+79869217593
+79869217627
+79869217628
+79869217632
+79869217633
+79869217875
+79179315596
+79179315764
+79179315944
+79179316697
+79179316830
+79179316950
+79179318029
+79179318158
+79179318187
+79179318448
+79179233209
+79179233211
+79179233215
+79179233218
+79179233220
+79179233225
+79179233235
+79179233236
+79179233238
+79179233247
+79172491458
+79172491468
+79172491474
+79172491498
+79172491523
+79172491524
+79172491526
+79172491538
+79172491551
+79172491554
+79870617487
+79870618101
+79870620669
+79870620813
+79870620876
+79870621037
+79870621674
+79870621896
+79870621914
+79870622339
+79178602972
+79178603220
+79178603733
+79178606076
+79178606989
+79178607150
+79178609868
+79178610362
+79178611552
+79178615380
+79173900470
+79173900497
+79173900621
+79173900629
+79173901219
+79173901487
+79173901762
+79173902372
+79173902589
+79173902689
+79178829776
+79178850907
+79178850909
+79178850913
+79178850958
+79178850968
+79178850980
+79178851001
+79178851011
+79178851031
+79872201297
+79872201905
+79872201941
+79872201979
+79872202128
+79872202134
+79872203430
+79872203780
+79872203836
+79872204770
+79870617487
+79870618101
+79870620669
+79870620813
+79870620876
+79870621037
+79870621674
+79870621896
+79870621914
+79870622339
+79178829776
+79178850907
+79178850909
+79178850913
+79178850958
+79178850968
+79178850980
+79178851001
+79178851011
+79178851031
+79872127986
+79872128005
+79872128034
+79872128036
+79872128047
+79872128058
+79872128064
+79872128073
+79872128081
+79872128082
+79872051584
+79872051667
+79872051831
+79872051953
+79872052366
+79872052395
+79872052411
+79872052418
+79872052473
+79872052924
