+79138403232
+79138405212
+79138405215
+79138405219
+79138405224
+79138405229
+79138405236
+79138405237
+79138405238
+79138405239
+79138004882
+79138004896
+79138004906
+79138004912
+79138004917
+79138004951
+79138004961
+79138004976
+79138004978
+79138005053
+79138800756
+79138801950
+79138802358
+79138802359
+79138802405
+79138802406
+79138802411
+79138802421
+79138802422
+79138802426
+79138100123
+79138101217
+79138101382
+79138101437
+79138101453
+79138101577
+79138101625
+79138101638
+79138101711
+79138101757
+79131101391
+79131101665
+79131102291
+79131102532
+79131102751
+79131102776
+79131103152
+79131103159
+79131103184
+79131103207
+79138510594
+79138510959
+79138511307
+79138512023
+79138512114
+79138512885
+79138514491
+79138514724
+79138514879
+79138515424
+79138100123
+79138101217
+79138101382
+79138101437
+79138101453
+79138101577
+79138101625
+79138101638
+79138101711
+79138101757
+79138004882
+79138004896
+79138004906
+79138004912
+79138004917
+79138004951
+79138004961
+79138004976
+79138004978
+79138005053
+79830535172
+79830535175
+79830535176
+79830535178
+79830535254
+79830535283
+79830535284
+79830535287
+79830535424
+79830535452
+79138800756
+79138801950
+79138802358
+79138802359
+79138802405
+79138802406
+79138802411
+79138802421
+79138802422
+79138802426
+79833401127
+79833401136
+79833401209
+79833401322
+79833401527
+79833401774
+79833401828
+79833401833
+79833401876
+79833401877
+79138602139
+79138604635
+79138604687
+79138604870
+79138605404
+79138605707
+79138605711
+79138605712
+79138605713
+79138605728
+79138210592
+79138210606
+79138210991
+79138211449
+79138211575
+79138211746
+79138211783
+79138211833
+79138212370
+79138212415
+79131014961
+79131014964
+79131014968
+79131014973
+79131014979
+79131014980
+79131014981
+79131014982
+79131014983
+79131014988
+79131014961
+79131014964
+79131014968
+79131014973
+79131014979
+79131014980
+79131014981
+79131014982
+79131014983
+79131014988
+79138510594
+79138510959
+79138511307
+79138512023
+79138512114
+79138512885
+79138514491
+79138514724
+79138514879
+79138515424
+79138004882
+79138004896
+79138004906
+79138004912
+79138004917
+79138004951
+79138004961
+79138004976
+79138004978
+79138005053
+79131101391
+79131101665
+79131102291
+79131102532
+79131102751
+79131102776
+79131103152
+79131103159
+79131103184
+79131103207
+79138709891
+79138710699
+79138710703
+79138710704
+79138710705
+79138710706
+79138710709
+79138710711
+79138710713
+79138710714
+79138709891
+79138710699
+79138710703
+79138710704
+79138710705
+79138710706
+79138710709
+79138710711
+79138710713
+79138710714
+79138709891
+79138710699
+79138710703
+79138710704
+79138710705
+79138710706
+79138710709
+79138710711
+79138710713
+79138710714
+79131014937
+79131014941
+79131014942
+79131014953
+79131014958
+79131014961
+79131014964
+79131014968
+79131014973
+79131014979
+79138100123
+79138101217
+79138101382
+79138101437
+79138101453
+79138101577
+79138101625
+79138101638
+79138101711
+79138101757
+79835982229
+79835982349
+79835982366
+79835982524
+79835982727
+79835982758
+79835982834
+79835982864
+79835982897
+79835982902
+79138403232
+79138405212
+79138405215
+79138405219
+79138405224
+79138405229
+79138405236
+79138405237
+79138405238
+79138405239
+79832302410
+79832302479
+79832302496
+79832302567
+79832302589
+79832302609
+79832302652
+79832302719
+79832302732
+79832302802
+79138210592
+79138210606
+79138210991
+79138211449
+79138211575
+79138211746
+79138211783
+79138211833
+79138212370
+79138212415
+79835982229
+79835982349
+79835982366
+79835982524
+79835982727
+79835982758
+79835982834
+79835982864
+79835982897
+79835982902
+79138004882
+79138004896
+79138004906
+79138004912
+79138004917
+79138004951
+79138004961
+79138004976
+79138004978
+79138005053
+79833401127
+79833401136
+79833401209
+79833401322
+79833401527
+79833401774
+79833401828
+79833401833
+79833401876
+79833401877
+79138510594
+79138510959
+79138511307
+79138512023
+79138512114
+79138512885
+79138514491
+79138514724
+79138514879
+79138515424
+79138800756
+79138801950
+79138802358
+79138802359
+79138802405
+79138802406
+79138802411
+79138802421
+79138802422
+79138802426
+79138709891
+79138710699
+79138710703
+79138710704
+79138710705
+79138710706
+79138710709
+79138710711
+79138710713
+79138710714
+79830535172
+79830535175
+79830535176
+79830535178
+79830535254
+79830535283
+79830535284
+79830535287
+79830535424
+79830535452
+79830535172
+79830535175
+79830535176
+79830535178
+79830535254
+79830535283
+79830535284
+79830535287
+79830535424
+79830535452
+79131101391
+79131101665
+79131102291
+79131102532
+79131102751
+79131102776
+79131103152
+79131103159
+79131103184
+79131103207
+79832302410
+79832302479
+79832302496
+79832302567
+79832302589
+79832302609
+79832302652
+79832302719
+79832302732
+79832302802
+79131014937
+79131014941
+79131014942
+79131014953
+79131014958
+79131014961
+79131014964
+79131014968
+79131014973
+79131014979
+79832302410
+79832302479
+79832302496
+79832302567
+79832302589
+79832302609
+79832302652
+79832302719
+79832302732
+79832302802
+79138210592
+79138210606
+79138210991
+79138211449
+79138211575
+79138211746
+79138211783
+79138211833
+79138212370
+79138212415
+79830535172
+79830535175
+79830535176
+79830535178
+79830535254
+79830535283
+79830535284
+79830535287
+79830535424
+79830535452
+79131014937
+79131014941
+79131014942
+79131014953
+79131014958
+79131014961
+79131014964
+79131014968
+79131014973
+79131014979
+79138210592
+79138210606
+79138210991
+79138211449
+79138211575
+79138211746
+79138211783
+79138211833
+79138212370
+79138212415
+79832302410
+79832302479
+79832302496
+79832302567
+79832302589
+79832302609
+79832302652
+79832302719
+79832302732
+79832302802
+79138510594
+79138510959
+79138511307
+79138512023
+79138512114
+79138512885
+79138514491
+79138514724
+79138514879
+79138515424
+79138210592
+79138210606
+79138210991
+79138211449
+79138211575
+79138211746
+79138211783
+79138211833
+79138212370
+79138212415
+79131101391
+79131101665
+79131102291
+79131102532
+79131102751
+79131102776
+79131103152
+79131103159
+79131103184
+79131103207
+79138602139
+79138604635
+79138604687
+79138604870
+79138605404
+79138605707
+79138605711
+79138605712
+79138605713
+79138605728
+79833401127
+79833401136
+79833401209
+79833401322
+79833401527
+79833401774
+79833401828
+79833401833
+79833401876
+79833401877
+79138709891
+79138710699
+79138710703
+79138710704
+79138710705
+79138710706
+79138710709
+79138710711
+79138710713
+79138710714
+79835982229
+79835982349
+79835982366
+79835982524
+79835982727
+79835982758
+79835982834
+79835982864
+79835982897
+79835982902
+79138100123
+79138101217
+79138101382
+79138101437
+79138101453
+79138101577
+79138101625
+79138101638
+79138101711
+79138101757
+79138100123
+79138101217
+79138101382
+79138101437
+79138101453
+79138101577
+79138101625
+79138101638
+79138101711
+79138101757
+79830535172
+79830535175
+79830535176
+79830535178
+79830535254
+79830535283
+79830535284
+79830535287
+79830535424
+79830535452
+79138709891
+79138710699
+79138710703
+79138710704
+79138710705
+79138710706
+79138710709
+79138710711
+79138710713
+79138710714
+79131101391
+79131101665
+79131102291
+79131102532
+79131102751
+79131102776
+79131103152
+79131103159
+79131103184
+79131103207
+79138800756
+79138801950
+79138802358
+79138802359
+79138802405
+79138802406
+79138802411
+79138802421
+79138802422
+79138802426
+79138403232
+79138405212
+79138405215
+79138405219
+79138405224
+79138405229
+79138405236
+79138405237
+79138405238
+79138405239
+79832302410
+79832302479
+79832302496
+79832302567
+79832302589
+79832302609
+79832302652
+79832302719
+79832302732
+79832302802
+79138210592
+79138210606
+79138210991
+79138211449
+79138211575
+79138211746
+79138211783
+79138211833
+79138212370
+79138212415
+79832302410
+79832302479
+79832302496
+79832302567
+79832302589
+79832302609
+79832302652
+79832302719
+79832302732
+79832302802
+79138210592
+79138210606
+79138210991
+79138211449
+79138211575
+79138211746
+79138211783
+79138211833
+79138212370
+79138212415
+79138602139
+79138604635
+79138604687
+79138604870
+79138605404
+79138605707
+79138605711
+79138605712
+79138605713
+79138605728
+79833401127
+79833401136
+79833401209
+79833401322
+79833401527
+79833401774
+79833401828
+79833401833
+79833401876
+79833401877
+79138004882
+79138004896
+79138004906
+79138004912
+79138004917
+79138004951
+79138004961
+79138004976
+79138004978
+79138005053
+79131014937
+79131014941
+79131014942
+79131014953
+79131014958
+79131014961
+79131014964
+79131014968
+79131014973
+79131014979
+79830535172
+79830535175
+79830535176
+79830535178
+79830535254
+79830535283
+79830535284
+79830535287
+79830535424
+79830535452
+79835982229
+79835982349
+79835982366
+79835982524
+79835982727
+79835982758
+79835982834
+79835982864
+79835982897
+79835982902
+79138800756
+79138801950
+79138802358
+79138802359
+79138802405
+79138802406
+79138802411
+79138802421
+79138802422
+79138802426
+79833401127
+79833401136
+79833401209
+79833401322
+79833401527
+79833401774
+79833401828
+79833401833
+79833401876
+79833401877
+79832302410
+79832302479
+79832302496
+79832302567
+79832302589
+79832302609
+79832302652
+79832302719
+79832302732
+79832302802
+79830535172
+79830535175
+79830535176
+79830535178
+79830535254
+79830535283
+79830535284
+79830535287
+79830535424
+79830535452
+79835982229
+79835982349
+79835982366
+79835982524
+79835982727
+79835982758
+79835982834
+79835982864
+79835982897
+79835982902
+79138602139
+79138604635
+79138604687
+79138604870
+79138605131
+79138605404
+79138605707
+79138605711
+79138605712
+79138605713
+79138210256
+79138210258
+79138210991
+79138211449
+79138211575
+79138211746
+79138211783
+79138211833
+79138212370
+79138212415
+79138602139
+79138604635
+79138604687
+79138604870
+79138605131
+79138605404
+79138605707
+79138605711
+79138605712
+79138605713
+79131014973
+79131014980
+79131014981
+79131014982
+79131014983
+79131014988
+79131014989
+79131014990
+79131014996
+79131014997
+79131014973
+79131014980
+79131014981
+79131014982
+79131014983
+79131014988
+79131014989
+79131014990
+79131014996
+79131014997
+79138403232
+79138405212
+79138405215
+79138405219
+79138405224
+79138405229
+79138405236
+79138405237
+79138405238
+79138405239
+79138210256
+79138210258
+79138210991
+79138211449
+79138211575
+79138211746
+79138211783
+79138211833
+79138212370
+79138212415
+79131014973
+79131014980
+79131014981
+79131014982
+79131014983
+79131014988
+79131014989
+79131014990
+79131014996
+79131014997
+79138510594
+79138510959
+79138511307
+79138512023
+79138512114
+79138512885
+79138514491
+79138514724
+79138514879
+79138515424
+79832302365
+79832302395
+79832302410
+79832302479
+79832302496
+79832302567
+79832302589
+79832302609
+79832302652
+79832302719
+79833400726
+79833401127
+79833401136
+79833401209
+79833401322
+79833401527
+79833401774
+79833401828
+79833401833
+79833401876
+79138101217
+79138101256
+79138101382
+79138101437
+79138101453
+79138101577
+79138101625
+79138101638
+79138101711
+79138101757
+79830535169
+79830535172
+79830535175
+79830535176
+79830535178
+79830535254
+79830535283
+79830535284
+79830535287
+79830535424
+79131014973
+79131014980
+79131014981
+79131014982
+79131014983
+79131014988
+79131014989
+79131014990
+79131014996
+79131014997
+79138800756
+79138801950
+79138802358
+79138802359
+79138802405
+79138802406
+79138802411
+79138802421
+79138802426
+79138802522
+79131014973
+79131014980
+79131014981
+79131014982
+79131014983
+79131014988
+79131014989
+79131014990
+79131014996
+79131014997
+79138800756
+79138801950
+79138802358
+79138802359
+79138802405
+79138802406
+79138802411
+79138802421
+79138802426
+79138802522
+79131014973
+79131014980
+79131014981
+79131014982
+79131014983
+79131014988
+79131014989
+79131014990
+79131014996
+79131014997
+79138101217
+79138101256
+79138101382
+79138101437
+79138101453
+79138101577
+79138101625
+79138101638
+79138101711
+79138101757
+79138510594
+79138510959
+79138511307
+79138512023
+79138512114
+79138512885
+79138514491
+79138514724
+79138514879
+79138515424
+79138709339
+79138710699
+79138710703
+79138710704
+79138710705
+79138710706
+79138710709
+79138710711
+79138710713
+79138710714
+79138709339
+79138710699
+79138710703
+79138710704
+79138710705
+79138710706
+79138710709
+79138710711
+79138710713
+79138710714
+79138510594
+79138510959
+79138511307
+79138512023
+79138512114
+79138512885
+79138514491
+79138514724
+79138514879
+79138515424
+79138210256
+79138210258
+79138210991
+79138211449
+79138211575
+79138211746
+79138211783
+79138211833
+79138212370
+79138212415
+79138004896
+79138004906
+79138004912
+79138004917
+79138004951
+79138004961
+79138004976
+79138004978
+79138005053
+79138005064
+79138210256
+79138210258
+79138210991
+79138211449
+79138211575
+79138211746
+79138211783
+79138211833
+79138212370
+79138212415
+79832302365
+79832302395
+79832302410
+79832302479
+79832302496
+79832302567
+79832302589
+79832302609
+79832302652
+79832302719
+79835982229
+79835982349
+79835982366
+79835982524
+79835982727
+79835982758
+79835982834
+79835982864
+79835982897
+79835982902
+79138800756
+79138801950
+79138802358
+79138802359
+79138802405
+79138802406
+79138802411
+79138802421
+79138802426
+79138802522
+79138602139
+79138604635
+79138604687
+79138604870
+79138605131
+79138605404
+79138605707
+79138605711
+79138605712
+79138605713
+79138510594
+79138510959
+79138511307
+79138512023
+79138512114
+79138512885
+79138514491
+79138514724
+79138514879
+79138515424
+79138510594
+79138510959
+79138511307
+79138512023
+79138512114
+79138512885
+79138514491
+79138514724
+79138514879
+79138515424
+79131101390
+79131102532
+79131102751
+79131102776
+79131103152
+79131103159
+79131103184
+79131103207
+79131103225
+79131103226
+79131014973
+79131014980
+79131014981
+79131014982
+79131014983
+79131014988
+79131014989
+79131014990
+79131014996
+79131014997
+79138101217
+79138101256
+79138101382
+79138101437
+79138101453
+79138101577
+79138101625
+79138101638
+79138101711
+79138101757
+79131101390
+79131102532
+79131102751
+79131102776
+79131103152
+79131103159
+79131103184
+79131103207
+79131103225
+79131103226
+79131014973
+79131014980
+79131014981
+79131014982
+79131014983
+79131014988
+79131014989
+79131014990
+79131014996
+79131014997
+79138800756
+79138801950
+79138802358
+79138802359
+79138802405
+79138802406
+79138802411
+79138802421
+79138802426
+79138802522
+79138709339
+79138710699
+79138710703
+79138710704
+79138710705
+79138710706
+79138710709
+79138710711
+79138710713
+79138710714
+79138210256
+79138210258
+79138210991
+79138211449
+79138211575
+79138211746
+79138211783
+79138211833
+79138212370
+79138212415
+79832302365
+79832302395
+79832302410
+79832302479
+79832302496
+79832302567
+79832302589
+79832302609
+79832302652
+79832302719
+79138510594
+79138510959
+79138511307
+79138512023
+79138512114
+79138512885
+79138514491
+79138514724
+79138514879
+79138515424
+79835982229
+79835982349
+79835982366
+79835982524
+79835982727
+79835982758
+79835982834
+79835982864
+79835982897
+79835982902
+79138004896
+79138004906
+79138004912
+79138004917
+79138004951
+79138004961
+79138004976
+79138004978
+79138005053
+79138005064
+79138510594
+79138510959
+79138511307
+79138512023
+79138512114
+79138512885
+79138514491
+79138514724
+79138514879
+79138515424
+79832302365
+79832302395
+79832302410
+79832302479
+79832302496
+79832302567
+79832302589
+79832302609
+79832302652
+79832302719
+79138510594
+79138510959
+79138511307
+79138512023
+79138512114
+79138512885
+79138514491
+79138514724
+79138514879
+79138515424
+79138602139
+79138604635
+79138604687
+79138604870
+79138605131
+79138605404
+79138605707
+79138605711
+79138605712
+79138605713
+79138403232
+79138405212
+79138405215
+79138405219
+79138405224
+79138405229
+79138405236
+79138405237
+79138405238
+79138405239
+79830535169
+79830535172
+79830535175
+79830535176
+79830535178
+79830535254
+79830535283
+79830535284
+79830535287
+79830535424
+79833400726
+79833401127
+79833401136
+79833401209
+79833401322
+79833401527
+79833401774
+79833401828
+79833401833
+79833401876
+79832302365
+79832302395
+79832302410
+79832302479
+79832302496
+79832302567
+79832302589
+79832302609
+79832302652
+79832302719
+79833400726
+79833401127
+79833401136
+79833401209
+79833401322
+79833401527
+79833401774
+79833401828
+79833401833
+79833401876
+79131014973
+79131014980
+79131014981
+79131014982
+79131014983
+79131014988
+79131014989
+79131014990
+79131014996
+79131014997
+79138602139
+79138604635
+79138604687
+79138604870
+79138605131
+79138605404
+79138605707
+79138605711
+79138605712
+79138605713
+79138800756
+79138801950
+79138802358
+79138802359
+79138802405
+79138802406
+79138802411
+79138802421
+79138802426
+79138802522
+79131101390
+79131102532
+79131102751
+79131102776
+79131103152
+79131103159
+79131103184
+79131103207
+79131103225
+79131103226
+79138403232
+79138405212
+79138405215
+79138405219
+79138405224
+79138405229
+79138405236
+79138405237
+79138405238
+79138405239
+79138510594
+79138510959
+79138511307
+79138512023
+79138512114
+79138512885
+79138514491
+79138514724
+79138514879
+79138515424
+79138210256
+79138210258
+79138210991
+79138211449
+79138211575
+79138211746
+79138211783
+79138211833
+79138212370
+79138212415
+79835982229
+79835982349
+79835982366
+79835982524
+79835982727
+79835982758
+79835982834
+79835982864
+79835982897
+79835982902
+79131014973
+79131014980
+79131014981
+79131014982
+79131014983
+79131014988
+79131014989
+79131014990
+79131014996
+79131014997
+79131101390
+79131102532
+79131102751
+79131102776
+79131103152
+79131103159
+79131103184
+79131103207
+79131103225
+79131103226
+79138101217
+79138101256
+79138101382
+79138101437
+79138101453
+79138101577
+79138101625
+79138101638
+79138101711
+79138101757
+79832302365
+79832302395
+79832302410
+79832302479
+79832302496
+79832302567
+79832302589
+79832302609
+79832302652
+79832302719
+79131014973
+79131014980
+79131014981
+79131014982
+79131014983
+79131014988
+79131014989
+79131014990
+79131014996
+79131014997
+79833400726
+79833401127
+79833401136
+79833401209
+79833401322
+79833401527
+79833401774
+79833401828
+79833401833
+79833401876
+79138403232
+79138405212
+79138405215
+79138405219
+79138405224
+79138405229
+79138405236
+79138405237
+79138405238
+79138405239
+79131101390
+79131102532
+79131102751
+79131102776
+79131103152
+79131103159
+79131103184
+79131103207
+79131103225
+79131103226
+79138004896
+79138004906
+79138004912
+79138004917
+79138004951
+79138004961
+79138004976
+79138004978
+79138005053
+79138005064
+79131101390
+79131102532
+79131102751
+79131102776
+79131103152
+79131103159
+79131103184
+79131103207
+79131103225
+79131103226
+79138101217
+79138101256
+79138101382
+79138101437
+79138101453
+79138101577
+79138101625
+79138101638
+79138101711
+79138101757
+79131101390
+79131102532
+79131102751
+79131102776
+79131103152
+79131103159
+79131103184
+79131103207
+79131103225
+79131103226
+79131101390
+79131102532
+79131102751
+79131102776
+79131103152
+79131103159
+79131103184
+79131103207
+79131103225
+79131103226
+79833400726
+79833401127
+79833401136
+79833401209
+79833401322
+79833401527
+79833401774
+79833401828
+79833401833
+79833401876
+79138800756
+79138801950
+79138802358
+79138802359
+79138802405
+79138802406
+79138802411
+79138802421
+79138802426
+79138802522
+79138004896
+79138004906
+79138004912
+79138004917
+79138004951
+79138004961
+79138004976
+79138004978
+79138005053
+79138005064
+79138101217
+79138101256
+79138101382
+79138101437
+79138101453
+79138101577
+79138101625
+79138101638
+79138101711
+79138101757
+79830535169
+79830535172
+79830535175
+79830535176
+79830535178
+79830535254
+79830535283
+79830535284
+79830535287
+79830535424
+79131014973
+79131014980
+79131014981
+79131014982
+79131014983
+79131014988
+79131014989
+79131014990
+79131014996
+79131014997
+79138709339
+79138710699
+79138710703
+79138710704
+79138710705
+79138710706
+79138710709
+79138710711
+79138710713
+79138710714
+79138210256
+79138210258
+79138210991
+79138211449
+79138211575
+79138211746
+79138211783
+79138211833
+79138212370
+79138212415
+79138403232
+79138405212
+79138405215
+79138405219
+79138405224
+79138405229
+79138405236
+79138405237
+79138405238
+79138405239
+79138403232
+79138405212
+79138405215
+79138405219
+79138405224
+79138405229
+79138405236
+79138405237
+79138405238
+79138405239
+79832302365
+79832302395
+79832302410
+79832302479
+79832302496
+79832302567
+79832302589
+79832302609
+79832302652
+79832302719
+79833400726
+79833401127
+79833401136
+79833401209
+79833401322
+79833401527
+79833401774
+79833401828
+79833401833
+79833401876
+79138510594
+79138510959
+79138511307
+79138512023
+79138512114
+79138512885
+79138514491
+79138514724
+79138514879
+79138515424
+79138403232
+79138405212
+79138405215
+79138405219
+79138405224
+79138405229
+79138405236
+79138405237
+79138405238
+79138405239
+79138510594
+79138510959
+79138511307
+79138512023
+79138512114
+79138512885
+79138514491
+79138514724
+79138514879
+79138515424
+79138403232
+79138405212
+79138405215
+79138405219
+79138405224
+79138405229
+79138405236
+79138405237
+79138405238
+79138405239
+79138004896
+79138004906
+79138004912
+79138004917
+79138004951
+79138004961
+79138004976
+79138004978
+79138005053
+79138005064
+79138004896
+79138004906
+79138004912
+79138004917
+79138004951
+79138004961
+79138004976
+79138004978
+79138005053
+79138005064
+79138101217
+79138101256
+79138101382
+79138101437
+79138101453
+79138101577
+79138101625
+79138101638
+79138101711
+79138101757
+79138004896
+79138004906
+79138004912
+79138004917
+79138004951
+79138004961
+79138004976
+79138004978
+79138005053
+79138005064
+79138210256
+79138210258
+79138210991
+79138211449
+79138211575
+79138211746
+79138211783
+79138211833
+79138212370
+79138212415
+79138210256
+79138210258
+79138210991
+79138211449
+79138211575
+79138211746
+79138211783
+79138211833
+79138212370
+79138212415
+79131101390
+79131102532
+79131102751
+79131102776
+79131103152
+79131103159
+79131103184
+79131103207
+79131103225
+79131103226
+79830535169
+79830535172
+79830535175
+79830535176
+79830535178
+79830535254
+79830535283
+79830535284
+79830535287
+79830535424
+79138403232
+79138405212
+79138405215
+79138405219
+79138405224
+79138405229
+79138405236
+79138405237
+79138405238
+79138405239
+79138101217
+79138101256
+79138101382
+79138101437
+79138101453
+79138101577
+79138101625
+79138101638
+79138101711
+79138101757
+79138709339
+79138710699
+79138710703
+79138710704
+79138710705
+79138710706
+79138710709
+79138710711
+79138710713
+79138710714
+79138800756
+79138801950
+79138802358
+79138802359
+79138802405
+79138802406
+79138802411
+79138802421
+79138802426
+79138802522
+79835982229
+79835982349
+79835982366
+79835982524
+79835982727
+79835982758
+79835982834
+79835982864
+79835982897
+79835982902
+79131014973
+79131014980
+79131014982
+79131014983
+79131014988
+79131014989
+79131014990
+79131014996
+79131014997
+79131015003
+79131101390
+79131102532
+79131102751
+79131102776
+79131103152
+79131103159
+79131103184
+79131103207
+79131103225
+79131103226
+79138602139
+79138604635
+79138604687
+79138604870
+79138605131
+79138605404
+79138605707
+79138605711
+79138605712
+79138605713
+79131101390
+79131102532
+79131102751
+79131102776
+79131103152
+79131103159
+79131103184
+79131103207
+79131103225
+79131103226
+79138510594
+79138510959
+79138511307
+79138512023
+79138512114
+79138512885
+79138514491
+79138514724
+79138514879
+79138515424
+79131014973
+79131014980
+79131014982
+79131014983
+79131014988
+79131014989
+79131014990
+79131014996
+79131014997
+79131015003
+79131014973
+79131014980
+79131014982
+79131014983
+79131014988
+79131014989
+79131014990
+79131014996
+79131014997
+79131015003
+79131101390
+79131102532
+79131102751
+79131102776
+79131103152
+79131103159
+79131103184
+79131103207
+79131103225
+79131103226
+79138210256
+79138210258
+79138210991
+79138211449
+79138211575
+79138211746
+79138211783
+79138211833
+79138212370
+79138212415
+79131101390
+79131102532
+79131102751
+79131102776
+79131103152
+79131103159
+79131103184
+79131103207
+79131103225
+79131103226
+79131014973
+79131014980
+79131014982
+79131014983
+79131014988
+79131014989
+79131014990
+79131014996
+79131014997
+79131015003
+79138800756
+79138801950
+79138802358
+79138802359
+79138802405
+79138802406
+79138802411
+79138802421
+79138802426
+79138802522
+79835982229
+79835982349
+79835982366
+79835982524
+79835982727
+79835982758
+79835982834
+79835982864
+79835982897
+79835982902
+79131101390
+79131102532
+79131102751
+79131102776
+79131103152
+79131103159
+79131103184
+79131103207
+79131103225
+79131103226
+79832302365
+79832302395
+79832302410
+79832302479
+79832302496
+79832302567
+79832302589
+79832302609
+79832302652
+79832302719
+79131101390
+79131102532
+79131102751
+79131102776
+79131103152
+79131103159
+79131103184
+79131103207
+79131103225
+79131103226
+79138403232
+79138405212
+79138405215
+79138405219
+79138405224
+79138405229
+79138405236
+79138405237
+79138405238
+79138405239
+79138709339
+79138710699
+79138710703
+79138710704
+79138710705
+79138710706
+79138710709
+79138710711
+79138710713
+79138710714
+79138210256
+79138210258
+79138210991
+79138211449
+79138211575
+79138211746
+79138211783
+79138211833
+79138212370
+79138212415
+79830535169
+79830535172
+79830535175
+79830535176
+79830535178
+79830535254
+79830535283
+79830535284
+79830535287
+79830535424
+79138004896
+79138004906
+79138004912
+79138004917
+79138004951
+79138004961
+79138004976
+79138004978
+79138005053
+79138005064
+79138800756
+79138801950
+79138802358
+79138802359
+79138802405
+79138802406
+79138802411
+79138802421
+79138802426
+79138802522
+79138800756
+79138801950
+79138802358
+79138802359
+79138802405
+79138802406
+79138802411
+79138802421
+79138802426
+79138802522
+79138800756
+79138801950
+79138802358
+79138802359
+79138802405
+79138802406
+79138802411
+79138802421
+79138802426
+79138802522
+79832302365
+79832302395
+79832302410
+79832302479
+79832302496
+79832302567
+79832302589
+79832302609
+79832302652
+79832302719
+79138210256
+79138210258
+79138210991
+79138211449
+79138211575
+79138211746
+79138211783
+79138211833
+79138212370
+79138212415
+79138602139
+79138604635
+79138604687
+79138604870
+79138605131
+79138605404
+79138605707
+79138605711
+79138605712
+79138605713
+79138709339
+79138710699
+79138710703
+79138710704
+79138710705
+79138710706
+79138710709
+79138710711
+79138710713
+79138710714
+79138101217
+79138101256
+79138101382
+79138101437
+79138101453
+79138101577
+79138101625
+79138101638
+79138101711
+79138101757
+79138004896
+79138004906
+79138004912
+79138004917
+79138004951
+79138004961
+79138004976
+79138004978
+79138005053
+79138005064
+79138602139
+79138604635
+79138604687
+79138604870
+79138605131
+79138605404
+79138605707
+79138605711
+79138605712
+79138605713
+79138800756
+79138801950
+79138802358
+79138802359
+79138802405
+79138802406
+79138802411
+79138802421
+79138802426
+79138802522
+79830535169
+79830535172
+79830535175
+79830535176
+79830535178
+79830535254
+79830535283
+79830535284
+79830535287
+79830535424
+79138403232
+79138405212
+79138405215
+79138405219
+79138405224
+79138405229
+79138405236
+79138405237
+79138405238
+79138405239
+79138210256
+79138210258
+79138210991
+79138211449
+79138211575
+79138211746
+79138211783
+79138211833
+79138212370
+79138212415
+79131014973
+79131014980
+79131014982
+79131014983
+79131014988
+79131014989
+79131014990
+79131014996
+79131014997
+79131015003
+79138101217
+79138101256
+79138101382
+79138101437
+79138101453
+79138101577
+79138101625
+79138101638
+79138101711
+79138101757
+79830535169
+79830535172
+79830535175
+79830535176
+79830535178
+79830535254
+79830535283
+79830535284
+79830535287
+79830535424
+79138709339
+79138710699
+79138710703
+79138710704
+79138710705
+79138710706
+79138710709
+79138710711
+79138710713
+79138710714
+79138800756
+79138801950
+79138802358
+79138802359
+79138802405
+79138802406
+79138802411
+79138802421
+79138802426
+79138802522
+79835982229
+79835982349
+79835982366
+79835982524
+79835982727
+79835982758
+79835982834
+79835982864
+79835982897
+79835982902
+79138004896
+79138004906
+79138004912
+79138004917
+79138004951
+79138004961
+79138004976
+79138004978
+79138005053
+79138005064
+79138210256
+79138210258
+79138210991
+79138211449
+79138211575
+79138211746
+79138211783
+79138211833
+79138212370
+79138212415
+79832302365
+79832302395
+79832302410
+79832302479
+79832302496
+79832302567
+79832302589
+79832302609
+79832302652
+79832302719
+79138800756
+79138801950
+79138802358
+79138802359
+79138802405
+79138802406
+79138802411
+79138802421
+79138802426
+79138802522
+79131014973
+79131014980
+79131014982
+79131014983
+79131014988
+79131014989
+79131014990
+79131014996
+79131014997
+79131015003
+79833400726
+79833401127
+79833401136
+79833401209
+79833401322
+79833401527
+79833401774
+79833401828
+79833401833
+79833401876
+79833400726
+79833401127
+79833401136
+79833401209
+79833401322
+79833401527
+79833401774
+79833401828
+79833401833
+79833401876
+79832302365
+79832302395
+79832302410
+79832302479
+79832302496
+79832302567
+79832302589
+79832302609
+79832302652
+79832302719
+79138709339
+79138710699
+79138710703
+79138710704
+79138710705
+79138710706
+79138710709
+79138710711
+79138710713
+79138710714
+79833400726
+79833401127
+79833401136
+79833401209
+79833401322
+79833401527
+79833401774
+79833401828
+79833401833
+79833401876
+79138004896
+79138004906
+79138004912
+79138004917
+79138004951
+79138004961
+79138004976
+79138004978
+79138005053
+79138005064
+79131101390
+79131102532
+79131102751
+79131102776
+79131103152
+79131103159
+79131103184
+79131103207
+79131103225
+79131103226
+79131014973
+79131014980
+79131014982
+79131014983
+79131014988
+79131014989
+79131014990
+79131014996
+79131014997
+79131015003
+79830535169
+79830535172
+79830535175
+79830535176
+79830535178
+79830535254
+79830535283
+79830535284
+79830535287
+79830535424
+79138709339
+79138710699
+79138710703
+79138710704
+79138710705
+79138710706
+79138710709
+79138710711
+79138710713
+79138710714
+79833400726
+79833401127
+79833401136
+79833401209
+79833401322
+79833401527
+79833401774
+79833401828
+79833401833
+79833401876
+79835982229
+79835982349
+79835982366
+79835982524
+79835982727
+79835982758
+79835982834
+79835982864
+79835982897
+79835982902
+79138210256
+79138210258
+79138210991
+79138211449
+79138211575
+79138211746
+79138211783
+79138211833
+79138212370
+79138212415
+79138800756
+79138801950
+79138802358
+79138802359
+79138802405
+79138802406
+79138802411
+79138802421
+79138802426
+79138802522
+79138510594
+79138510959
+79138511307
+79138512023
+79138512114
+79138512885
+79138514491
+79138514724
+79138514879
+79138515424
+79830535169
+79830535172
+79830535175
+79830535176
+79830535178
+79830535254
+79830535283
+79830535284
+79830535287
+79830535424
+79131014973
+79131014980
+79131014982
+79131014983
+79131014988
+79131014989
+79131014990
+79131014996
+79131014997
+79131015003
+79832302365
+79832302395
+79832302410
+79832302479
+79832302496
+79832302567
+79832302589
+79832302609
+79832302652
+79832302719
+79131014973
+79131014980
+79131014982
+79131014983
+79131014988
+79131014989
+79131014990
+79131014996
+79131014997
+79131015003
+79138101217
+79138101256
+79138101382
+79138101437
+79138101453
+79138101577
+79138101625
+79138101638
+79138101711
+79138101757
+79138403232
+79138405212
+79138405215
+79138405219
+79138405224
+79138405229
+79138405236
+79138405237
+79138405238
+79138405239
+79832302365
+79832302395
+79832302410
+79832302479
+79832302496
+79832302567
+79832302589
+79832302609
+79832302652
+79832302719
+79832302365
+79832302395
+79832302410
+79832302479
+79832302496
+79832302567
+79832302589
+79832302609
+79832302652
+79832302719
+79138210256
+79138210258
+79138210991
+79138211449
+79138211575
+79138211746
+79138211783
+79138211833
+79138212370
+79138212415
+79131101390
+79131102532
+79131102751
+79131102776
+79131103152
+79131103159
+79131103184
+79131103207
+79131103225
+79131103226
+79138101217
+79138101256
+79138101382
+79138101437
+79138101453
+79138101577
+79138101625
+79138101638
+79138101711
+79138101757
+79138510594
+79138510959
+79138511307
+79138512023
+79138512114
+79138512885
+79138514491
+79138514724
+79138514879
+79138515424
+79131014973
+79131014980
+79131014982
+79131014983
+79131014988
+79131014989
+79131014990
+79131014996
+79131014997
+79131015003
+79830535169
+79830535172
+79830535175
+79830535176
+79830535178
+79830535254
+79830535283
+79830535284
+79830535287
+79830535424
+79832302365
+79832302395
+79832302410
+79832302479
+79832302496
+79832302567
+79832302589
+79832302609
+79832302652
+79832302719
+79138101217
+79138101256
+79138101382
+79138101437
+79138101453
+79138101577
+79138101625
+79138101638
+79138101711
+79138101757
+79138510594
+79138510959
+79138511307
+79138512023
+79138512114
+79138512885
+79138514491
+79138514724
+79138514879
+79138515424
+79138510594
+79138510959
+79138511307
+79138512023
+79138512114
+79138512885
+79138514491
+79138514724
+79138514879
+79138515424
+79830535169
+79830535172
+79830535175
+79830535176
+79830535178
+79830535254
+79830535283
+79830535284
+79830535287
+79830535424
+79830535169
+79830535172
+79830535175
+79830535176
+79830535178
+79830535254
+79830535283
+79830535284
+79830535287
+79830535424
+79832302365
+79832302395
+79832302410
+79832302479
+79832302496
+79832302567
+79832302589
+79832302609
+79832302652
+79832302719
+79138004896
+79138004906
+79138004912
+79138004917
+79138004951
+79138004961
+79138004976
+79138004978
+79138005053
+79138005064
+79131101390
+79131102532
+79131102751
+79131102776
+79131103152
+79131103159
+79131103184
+79131103207
+79131103225
+79131103226
+79830535169
+79830535172
+79830535175
+79830535176
+79830535178
+79830535254
+79830535283
+79830535284
+79830535287
+79830535424
+79832302365
+79832302395
+79832302410
+79832302479
+79832302496
+79832302567
+79832302589
+79832302609
+79832302652
+79832302719
+79138101217
+79138101256
+79138101382
+79138101437
+79138101453
+79138101577
+79138101625
+79138101638
+79138101711
+79138101757
+79138709339
+79138710699
+79138710703
+79138710704
+79138710705
+79138710706
+79138710709
+79138710711
+79138710713
+79138710714
+79832302365
+79832302395
+79832302410
+79832302479
+79832302496
+79832302567
+79832302589
+79832302609
+79832302652
+79832302719
+79138004896
+79138004906
+79138004912
+79138004917
+79138004951
+79138004961
+79138004976
+79138004978
+79138005053
+79138005064
+79832302365
+79832302395
+79832302410
+79832302479
+79832302496
+79832302567
+79832302589
+79832302609
+79832302652
+79832302719
+79131101390
+79131102532
+79131102751
+79131102776
+79131103152
+79131103159
+79131103184
+79131103207
+79131103225
+79131103226
+79131101390
+79131102532
+79131102751
+79131102776
+79131103152
+79131103159
+79131103184
+79131103207
+79131103225
+79131103226
+79138602139
+79138604635
+79138604687
+79138604870
+79138605131
+79138605404
+79138605707
+79138605711
+79138605712
+79138605713
+79138004896
+79138004906
+79138004912
+79138004917
+79138004951
+79138004961
+79138004976
+79138004978
+79138005053
+79138005064
+79835982229
+79835982349
+79835982366
+79835982524
+79835982727
+79835982758
+79835982834
+79835982864
+79835982897
+79835982902
+79832302365
+79832302395
+79832302410
+79832302479
+79832302496
+79832302567
+79832302589
+79832302609
+79832302652
+79832302719
+79830535169
+79830535172
+79830535175
+79830535176
+79830535178
+79830535254
+79830535283
+79830535284
+79830535287
+79830535424
+79835982229
+79835982349
+79835982366
+79835982524
+79835982727
+79835982758
+79835982834
+79835982864
+79835982897
+79835982902
+79138101217
+79138101256
+79138101382
+79138101437
+79138101453
+79138101577
+79138101625
+79138101638
+79138101711
+79138101757
+79138004896
+79138004906
+79138004912
+79138004917
+79138004951
+79138004961
+79138004976
+79138004978
+79138005053
+79138005064
+79833400726
+79833401127
+79833401136
+79833401209
+79833401322
+79833401527
+79833401774
+79833401828
+79833401833
+79833401876
+79832302365
+79832302395
+79832302410
+79832302479
+79832302496
+79832302567
+79832302589
+79832302609
+79832302652
+79832302719
+79138709339
+79138710699
+79138710703
+79138710704
+79138710705
+79138710706
+79138710709
+79138710711
+79138710713
+79138710714
+79832302365
+79832302395
+79832302410
+79832302479
+79832302496
+79832302567
+79832302589
+79832302609
+79832302652
+79832302719
+79138800756
+79138801950
+79138802358
+79138802359
+79138802405
+79138802406
+79138802411
+79138802421
+79138802426
+79138802522
+79138510594
+79138510959
+79138511307
+79138512023
+79138512114
+79138512885
+79138514491
+79138514724
+79138514879
+79138515424
+79835982229
+79835982349
+79835982366
+79835982524
+79835982727
+79835982758
+79835982834
+79835982864
+79835982897
+79835982902
+79131014973
+79131014980
+79131014982
+79131014983
+79131014988
+79131014989
+79131014990
+79131014996
+79131014997
+79131015003
+79138403232
+79138405212
+79138405215
+79138405219
+79138405224
+79138405229
+79138405236
+79138405237
+79138405238
+79138405239
+79835982229
+79835982349
+79835982366
+79835982524
+79835982727
+79835982758
+79835982834
+79835982864
+79835982897
+79835982902
+79138004896
+79138004906
+79138004912
+79138004917
+79138004951
+79138004961
+79138004976
+79138004978
+79138005053
+79138005064
+79832302365
+79832302395
+79832302410
+79832302479
+79832302496
+79832302567
+79832302589
+79832302609
+79832302652
+79832302719
+79833400726
+79833401127
+79833401136
+79833401209
+79833401322
+79833401527
+79833401774
+79833401828
+79833401833
+79833401876
+79131101390
+79131102532
+79131102751
+79131102776
+79131103152
+79131103159
+79131103184
+79131103207
+79131103225
+79131103226
+79138602139
+79138604635
+79138604687
+79138604870
+79138605131
+79138605404
+79138605707
+79138605711
+79138605712
+79138605713
+79138800756
+79138801950
+79138802358
+79138802359
+79138802405
+79138802406
+79138802411
+79138802421
+79138802426
+79138802522
+79138403232
+79138405212
+79138405215
+79138405219
+79138405224
+79138405229
+79138405236
+79138405237
+79138405238
+79138405239
+79131014973
+79131014980
+79131014982
+79131014983
+79131014988
+79131014989
+79131014990
+79131014996
+79131014997
+79131015003
+79131101390
+79131102532
+79131102751
+79131102776
+79131103152
+79131103159
+79131103184
+79131103207
+79131103225
+79131103226
+79138004896
+79138004906
+79138004912
+79138004917
+79138004951
+79138004961
+79138004976
+79138004978
+79138005053
+79138005064
+79830535169
+79830535172
+79830535175
+79830535176
+79830535178
+79830535254
+79830535283
+79830535284
+79830535287
+79830535424
+79138800756
+79138801950
+79138802358
+79138802359
+79138802405
+79138802406
+79138802411
+79138802421
+79138802426
+79138802522
+79832302365
+79832302395
+79832302410
+79832302479
+79832302496
+79832302567
+79832302589
+79832302609
+79832302652
+79832302719
+79138709339
+79138710699
+79138710703
+79138710704
+79138710705
+79138710706
+79138710709
+79138710711
+79138710713
+79138710714
+79138004896
+79138004906
+79138004912
+79138004917
+79138004951
+79138004961
+79138004976
+79138004978
+79138005053
+79138005064
+79138403232
+79138405212
+79138405215
+79138405219
+79138405224
+79138405229
+79138405236
+79138405237
+79138405238
+79138405239
+79835982229
+79835982349
+79835982366
+79835982524
+79835982727
+79835982758
+79835982834
+79835982864
+79835982897
+79835982902
+79835982229
+79835982349
+79835982366
+79835982524
+79835982727
+79835982758
+79835982834
+79835982864
+79835982897
+79835982902
+79830535169
+79830535172
+79830535175
+79830535176
+79830535178
+79830535254
+79830535283
+79830535284
+79830535287
+79830535424
+79138403232
+79138405212
+79138405215
+79138405219
+79138405224
+79138405229
+79138405236
+79138405237
+79138405238
+79138405239
+79138800756
+79138801950
+79138802358
+79138802359
+79138802405
+79138802406
+79138802411
+79138802421
+79138802426
+79138802522
+79138403232
+79138405212
+79138405215
+79138405219
+79138405224
+79138405229
+79138405236
+79138405237
+79138405238
+79138405239
+79832302365
+79832302395
+79832302410
+79832302479
+79832302496
+79832302567
+79832302589
+79832302609
+79832302652
+79832302719
+79138602139
+79138604635
+79138604687
+79138604870
+79138605131
+79138605404
+79138605707
+79138605711
+79138605712
+79138605713
+79131014973
+79131014980
+79131014982
+79131014983
+79131014988
+79131014989
+79131014990
+79131014996
+79131014997
+79131015003
+79138210256
+79138210258
+79138210991
+79138211449
+79138211575
+79138211746
+79138211783
+79138211833
+79138212370
+79138212415
+79138004896
+79138004906
+79138004912
+79138004917
+79138004951
+79138004961
+79138004976
+79138004978
+79138005053
+79138005064
+79131101390
+79131102532
+79131102751
+79131102776
+79131103152
+79131103159
+79131103184
+79131103207
+79131103225
+79131103226
+79138510594
+79138510959
+79138511307
+79138512023
+79138512114
+79138512885
+79138514491
+79138514724
+79138514879
+79138515424
+79138101217
+79138101256
+79138101382
+79138101437
+79138101453
+79138101577
+79138101625
+79138101638
+79138101711
+79138101757
+79833400726
+79833401127
+79833401136
+79833401209
+79833401322
+79833401527
+79833401774
+79833401828
+79833401833
+79833401876
+79131014973
+79131014980
+79131014982
+79131014983
+79131014988
+79131014989
+79131014990
+79131014996
+79131014997
+79131015003
+79833400726
+79833401127
+79833401136
+79833401209
+79833401322
+79833401527
+79833401774
+79833401828
+79833401833
+79833401876
+79131101390
+79131102532
+79131102751
+79131102776
+79131103152
+79131103159
+79131103184
+79131103207
+79131103225
+79131103226
+79138510594
+79138510959
+79138511307
+79138512023
+79138512114
+79138512885
+79138514491
+79138514724
+79138514879
+79138515424
+79138403232
+79138405212
+79138405215
+79138405219
+79138405224
+79138405229
+79138405236
+79138405237
+79138405238
+79138405239
+79131014973
+79131014980
+79131014982
+79131014983
+79131014988
+79131014989
+79131014990
+79131014996
+79131014997
+79131015003
+79138602139
+79138604635
+79138604687
+79138604870
+79138605131
+79138605404
+79138605707
+79138605711
+79138605712
+79138605713
+79131101390
+79131102532
+79131102751
+79131102776
+79131103152
+79131103159
+79131103184
+79131103207
+79131103225
+79131103226
+79138004896
+79138004906
+79138004912
+79138004917
+79138004951
+79138004961
+79138004976
+79138004978
+79138005053
+79138005064
+79138709339
+79138710699
+79138710703
+79138710704
+79138710705
+79138710706
+79138710709
+79138710711
+79138710713
+79138710714
+79138602139
+79138604635
+79138604687
+79138604870
+79138605131
+79138605404
+79138605707
+79138605711
+79138605712
+79138605713
+79138210256
+79138210258
+79138210991
+79138211449
+79138211575
+79138211746
+79138211783
+79138211833
+79138212370
+79138212415
+79835982229
+79835982349
+79835982366
+79835982524
+79835982727
+79835982758
+79835982834
+79835982864
+79835982897
+79835982902
+79138210256
+79138210258
+79138210991
+79138211449
+79138211575
+79138211746
+79138211783
+79138211833
+79138212370
+79138212415
+79131101390
+79131102532
+79131102751
+79131102776
+79131103152
+79131103159
+79131103184
+79131103207
+79131103225
+79131103226
+79138210256
+79138210258
+79138210991
+79138211449
+79138211575
+79138211746
+79138211783
+79138211833
+79138212370
+79138212415
+79138800756
+79138801950
+79138802358
+79138802359
+79138802405
+79138802406
+79138802411
+79138802421
+79138802426
+79138802522
+79138403232
+79138405212
+79138405215
+79138405219
+79138405224
+79138405229
+79138405236
+79138405237
+79138405238
+79138405239
+79138403232
+79138405212
+79138405215
+79138405219
+79138405224
+79138405229
+79138405236
+79138405237
+79138405238
+79138405239
+79138403232
+79138405212
+79138405215
+79138405219
+79138405224
+79138405229
+79138405236
+79138405237
+79138405238
+79138405239
+79832302365
+79832302395
+79832302410
+79832302479
+79832302496
+79832302567
+79832302589
+79832302609
+79832302652
+79832302719
+79138602139
+79138604635
+79138604687
+79138604870
+79138605131
+79138605404
+79138605707
+79138605711
+79138605712
+79138605713
+79138800756
+79138801950
+79138802358
+79138802359
+79138802405
+79138802406
+79138802411
+79138802421
+79138802426
+79138802522
+79833400726
+79833401127
+79833401136
+79833401209
+79833401322
+79833401527
+79833401774
+79833401828
+79833401833
+79833401876
+79138800756
+79138801950
+79138802358
+79138802359
+79138802405
+79138802406
+79138802411
+79138802421
+79138802426
+79138802522
+79131014973
+79131014980
+79131014982
+79131014983
+79131014988
+79131014989
+79131014990
+79131014996
+79131014997
+79131015003
+79830535169
+79830535172
+79830535175
+79830535176
+79830535178
+79830535254
+79830535283
+79830535284
+79830535287
+79830535424
+79830535169
+79830535172
+79830535175
+79830535176
+79830535178
+79830535254
+79830535283
+79830535284
+79830535287
+79830535424
+79138510594
+79138510959
+79138511307
+79138512023
+79138512114
+79138512885
+79138514491
+79138514724
+79138514879
+79138515424
+79138602139
+79138604635
+79138604687
+79138604870
+79138605131
+79138605404
+79138605707
+79138605711
+79138605712
+79138605713
+79138709339
+79138710699
+79138710703
+79138710704
+79138710705
+79138710706
+79138710709
+79138710711
+79138710713
+79138710714
+79138210256
+79138210258
+79138210991
+79138211449
+79138211575
+79138211746
+79138211783
+79138211833
+79138212370
+79138212415
+79138101217
+79138101256
+79138101382
+79138101437
+79138101453
+79138101577
+79138101625
+79138101638
+79138101711
+79138101757
+79830535169
+79830535172
+79830535175
+79830535176
+79830535178
+79830535254
+79830535283
+79830535284
+79830535287
+79830535424
+79833400726
+79833401127
+79833401136
+79833401209
+79833401322
+79833401527
+79833401774
+79833401828
+79833401833
+79833401876
+79138709339
+79138710699
+79138710703
+79138710704
+79138710705
+79138710706
+79138710709
+79138710711
+79138710713
+79138710714
+79138403232
+79138405212
+79138405215
+79138405219
+79138405224
+79138405229
+79138405236
+79138405237
+79138405238
+79138405239
+79138709339
+79138710699
+79138710703
+79138710704
+79138710705
+79138710706
+79138710709
+79138710711
+79138710713
+79138710714
+79830535169
+79830535172
+79830535175
+79830535176
+79830535178
+79830535254
+79830535283
+79830535284
+79830535287
+79830535424
+79138210256
+79138210258
+79138210991
+79138211449
+79138211575
+79138211746
+79138211783
+79138211833
+79138212370
+79138212415
+79138510594
+79138510959
+79138511307
+79138512023
+79138512114
+79138512885
+79138514491
+79138514724
+79138514879
+79138515424
+79138510594
+79138510959
+79138511307
+79138512023
+79138512114
+79138512885
+79138514491
+79138514724
+79138514879
+79138515424
+79138800756
+79138801950
+79138802358
+79138802359
+79138802405
+79138802406
+79138802411
+79138802421
+79138802426
+79138802522
+79832302365
+79832302395
+79832302410
+79832302479
+79832302496
+79832302567
+79832302589
+79832302609
+79832302652
+79832302719
+79131101390
+79131102532
+79131102751
+79131102776
+79131103152
+79131103159
+79131103184
+79131103207
+79131103225
+79131103226
+79832302365
+79832302395
+79832302410
+79832302479
+79832302496
+79832302567
+79832302589
+79832302609
+79832302652
+79832302719
+79833400726
+79833401127
+79833401136
+79833401209
+79833401322
+79833401527
+79833401774
+79833401828
+79833401833
+79833401876
+79833400726
+79833401127
+79833401136
+79833401209
+79833401322
+79833401527
+79833401774
+79833401828
+79833401833
+79833401876
+79131101390
+79131102532
+79131102751
+79131102776
+79131103152
+79131103159
+79131103184
+79131103207
+79131103225
+79131103226
+79138403232
+79138405212
+79138405215
+79138405219
+79138405224
+79138405229
+79138405236
+79138405237
+79138405238
+79138405239
+79131101390
+79131102532
+79131102751
+79131102776
+79131103152
+79131103159
+79131103184
+79131103207
+79131103225
+79131103226
+79138403232
+79138405212
+79138405215
+79138405219
+79138405224
+79138405229
+79138405236
+79138405237
+79138405238
+79138405239
+79131014973
+79131014980
+79131014982
+79131014983
+79131014988
+79131014989
+79131014990
+79131014996
+79131014997
+79131015003
+79138403232
+79138405212
+79138405215
+79138405219
+79138405224
+79138405229
+79138405236
+79138405237
+79138405238
+79138405239
+79833400726
+79833401127
+79833401136
+79833401209
+79833401322
+79833401527
+79833401774
+79833401828
+79833401833
+79833401876
+79832302365
+79832302395
+79832302410
+79832302479
+79832302496
+79832302567
+79832302589
+79832302609
+79832302652
+79832302719
+79138004896
+79138004906
+79138004912
+79138004917
+79138004951
+79138004961
+79138004976
+79138004978
+79138005053
+79138005064
+79832302365
+79832302395
+79832302410
+79832302479
+79832302496
+79832302567
+79832302589
+79832302609
+79832302652
+79832302719
+79138403232
+79138405212
+79138405215
+79138405219
+79138405224
+79138405229
+79138405236
+79138405237
+79138405238
+79138405239
+79138210256
+79138210258
+79138210991
+79138211449
+79138211575
+79138211746
+79138211783
+79138211833
+79138212370
+79138212415
+79138403232
+79138405212
+79138405215
+79138405219
+79138405224
+79138405229
+79138405236
+79138405237
+79138405238
+79138405239
+79138602139
+79138604635
+79138604687
+79138604870
+79138605131
+79138605404
+79138605707
+79138605711
+79138605712
+79138605713
+79138602139
+79138604635
+79138604687
+79138604870
+79138605131
+79138605404
+79138605707
+79138605711
+79138605712
+79138605713
+79138800756
+79138801950
+79138802358
+79138802359
+79138802405
+79138802406
+79138802411
+79138802421
+79138802426
+79138802522
+79138510594
+79138510959
+79138511307
+79138512023
+79138512114
+79138512885
+79138514491
+79138514724
+79138514879
+79138515424
+79138709339
+79138710699
+79138710703
+79138710704
+79138710705
+79138710706
+79138710709
+79138710711
+79138710713
+79138710714
+79131101390
+79131102532
+79131102751
+79131102776
+79131103152
+79131103159
+79131103184
+79131103207
+79131103225
+79131103226
+79832302365
+79832302395
+79832302410
+79832302479
+79832302496
+79832302567
+79832302589
+79832302609
+79832302652
+79832302719
+79138510594
+79138510959
+79138511307
+79138512023
+79138512114
+79138512885
+79138514491
+79138514724
+79138514879
+79138515424
+79138004896
+79138004906
+79138004912
+79138004917
+79138004951
+79138004961
+79138004976
+79138004978
+79138005053
+79138005064
+79131101390
+79131102532
+79131102751
+79131102776
+79131103152
+79131103159
+79131103184
+79131103207
+79131103225
+79131103226
+79830535169
+79830535172
+79830535175
+79830535176
+79830535178
+79830535254
+79830535283
+79830535284
+79830535287
+79830535424
+79138101217
+79138101256
+79138101382
+79138101437
+79138101453
+79138101577
+79138101625
+79138101638
+79138101711
+79138101757
+79131101390
+79131102532
+79131102751
+79131102776
+79131103152
+79131103159
+79131103184
+79131103207
+79131103225
+79131103226
+79833400726
+79833401127
+79833401136
+79833401209
+79833401322
+79833401527
+79833401774
+79833401828
+79833401833
+79833401876
+79131101390
+79131102532
+79131102751
+79131102776
+79131103152
+79131103159
+79131103184
+79131103207
+79131103225
+79131103226
+79835982229
+79835982349
+79835982366
+79835982524
+79835982727
+79835982758
+79835982834
+79835982864
+79835982897
+79835982902
+79138510594
+79138510959
+79138511307
+79138512023
+79138512114
+79138512885
+79138514491
+79138514724
+79138514879
+79138515424
+79131014973
+79131014980
+79131014982
+79131014983
+79131014988
+79131014989
+79131014990
+79131014996
+79131014997
+79131015003
+79138800756
+79138801950
+79138802358
+79138802359
+79138802405
+79138802406
+79138802411
+79138802421
+79138802426
+79138802522
+79138210256
+79138210258
+79138210991
+79138211449
+79138211575
+79138211746
+79138211783
+79138211833
+79138212370
+79138212415
+79830535169
+79830535172
+79830535175
+79830535176
+79830535178
+79830535254
+79830535283
+79830535284
+79830535287
+79830535424
+79835982229
+79835982349
+79835982366
+79835982524
+79835982727
+79835982758
+79835982834
+79835982864
+79835982897
+79835982902
+79131014973
+79131014980
+79131014982
+79131014983
+79131014988
+79131014989
+79131014990
+79131014996
+79131014997
+79131015003
+79138101217
+79138101256
+79138101382
+79138101437
+79138101453
+79138101577
+79138101625
+79138101638
+79138101711
+79138101757
+79138510594
+79138510959
+79138511307
+79138512023
+79138512114
+79138512885
+79138514491
+79138514724
+79138514879
+79138515424
+79138101217
+79138101256
+79138101382
+79138101437
+79138101453
+79138101577
+79138101625
+79138101638
+79138101711
+79138101757
+79138800756
+79138801950
+79138802358
+79138802359
+79138802405
+79138802406
+79138802411
+79138802421
+79138802426
+79138802522
+79833400726
+79833401127
+79833401136
+79833401209
+79833401322
+79833401527
+79833401774
+79833401828
+79833401833
+79833401876
+79830535169
+79830535172
+79830535175
+79830535176
+79830535178
+79830535254
+79830535283
+79830535284
+79830535287
+79830535424
+79138510594
+79138510959
+79138511307
+79138512023
+79138512114
+79138512885
+79138514491
+79138514724
+79138514879
+79138515424
+79138403232
+79138405212
+79138405215
+79138405219
+79138405224
+79138405229
+79138405236
+79138405237
+79138405238
+79138405239
+79833400726
+79833401127
+79833401136
+79833401209
+79833401322
+79833401527
+79833401774
+79833401828
+79833401833
+79833401876
+79138800756
+79138801950
+79138802358
+79138802359
+79138802405
+79138802406
+79138802411
+79138802421
+79138802426
+79138802522
+79138101217
+79138101256
+79138101382
+79138101437
+79138101453
+79138101577
+79138101625
+79138101638
+79138101711
+79138101757
+79835982229
+79835982349
+79835982366
+79835982524
+79835982727
+79835982758
+79835982834
+79835982864
+79835982897
+79835982902
+79131101390
+79131102532
+79131102751
+79131102776
+79131103152
+79131103159
+79131103184
+79131103207
+79131103225
+79131103226
+79138210256
+79138210258
+79138210991
+79138211449
+79138211575
+79138211746
+79138211783
+79138211833
+79138212370
+79138212415
+79138403232
+79138405212
+79138405215
+79138405219
+79138405224
+79138405229
+79138405236
+79138405237
+79138405238
+79138405239
+79830535169
+79830535172
+79830535175
+79830535176
+79830535178
+79830535254
+79830535283
+79830535284
+79830535287
+79830535424
+79833400726
+79833401127
+79833401136
+79833401209
+79833401322
+79833401527
+79833401774
+79833401828
+79833401833
+79833401876
+79833400726
+79833401127
+79833401136
+79833401209
+79833401322
+79833401527
+79833401774
+79833401828
+79833401833
+79833401876
+79138210256
+79138210258
+79138210991
+79138211449
+79138211575
+79138211746
+79138211783
+79138211833
+79138212370
+79138212415
+79138403232
+79138405212
+79138405215
+79138405219
+79138405224
+79138405229
+79138405236
+79138405237
+79138405238
+79138405239
+79832302365
+79832302395
+79832302410
+79832302479
+79832302496
+79832302567
+79832302589
+79832302609
+79832302652
+79832302719
+79833400726
+79833401127
+79833401136
+79833401209
+79833401322
+79833401527
+79833401774
+79833401828
+79833401833
+79833401876
+79138101217
+79138101256
+79138101382
+79138101437
+79138101453
+79138101577
+79138101625
+79138101638
+79138101711
+79138101757
+79138800756
+79138801950
+79138802358
+79138802359
+79138802405
+79138802406
+79138802411
+79138802421
+79138802426
+79138802522
+79833400726
+79833401127
+79833401136
+79833401209
+79833401322
+79833401527
+79833401774
+79833401828
+79833401833
+79833401876
+79131014973
+79131014980
+79131014982
+79131014983
+79131014988
+79131014989
+79131014990
+79131014996
+79131014997
+79131015003
+79138004896
+79138004906
+79138004912
+79138004917
+79138004951
+79138004961
+79138004976
+79138004978
+79138005053
+79138005064
+79138709339
+79138710699
+79138710703
+79138710704
+79138710705
+79138710706
+79138710709
+79138710711
+79138710713
+79138710714
+79138602139
+79138604635
+79138604687
+79138604870
+79138605131
+79138605404
+79138605707
+79138605711
+79138605712
+79138605713
+79138403232
+79138405212
+79138405215
+79138405219
+79138405224
+79138405229
+79138405236
+79138405237
+79138405238
+79138405239
+79138210256
+79138210258
+79138210991
+79138211449
+79138211575
+79138211746
+79138211783
+79138211833
+79138212370
+79138212415
+79138403232
+79138405212
+79138405215
+79138405219
+79138405224
+79138405229
+79138405236
+79138405237
+79138405238
+79138405239
+79138004896
+79138004906
+79138004912
+79138004917
+79138004951
+79138004961
+79138004976
+79138004978
+79138005053
+79138005064
+79138004896
+79138004906
+79138004912
+79138004917
+79138004951
+79138004961
+79138004976
+79138004978
+79138005053
+79138005064
+79832302365
+79832302395
+79832302410
+79832302479
+79832302496
+79832302567
+79832302589
+79832302609
+79832302652
+79832302719
+79138210256
+79138210258
+79138210991
+79138211449
+79138211575
+79138211746
+79138211783
+79138211833
+79138212370
+79138212415
+79138004896
+79138004906
+79138004912
+79138004917
+79138004951
+79138004961
+79138004976
+79138004978
+79138005053
+79138005064
+79138004896
+79138004906
+79138004912
+79138004917
+79138004951
+79138004961
+79138004976
+79138004978
+79138005053
+79138005064
+79131101390
+79131102532
+79131102751
+79131102776
+79131103152
+79131103159
+79131103184
+79131103207
+79131103225
+79131103226
+79138709339
+79138710699
+79138710703
+79138710704
+79138710705
+79138710706
+79138710709
+79138710711
+79138710713
+79138710714
+79138101217
+79138101256
+79138101382
+79138101437
+79138101453
+79138101577
+79138101625
+79138101638
+79138101711
+79138101757
+79138602139
+79138604635
+79138604687
+79138604870
+79138605131
+79138605404
+79138605707
+79138605711
+79138605712
+79138605713
+79131101390
+79131102532
+79131102751
+79131102776
+79131103152
+79131103159
+79131103184
+79131103207
+79131103225
+79131103226
+79138510594
+79138510959
+79138511307
+79138512023
+79138512114
+79138512885
+79138514491
+79138514724
+79138514879
+79138515424
+79138210256
+79138210258
+79138210991
+79138211449
+79138211575
+79138211746
+79138211783
+79138211833
+79138212370
+79138212415
+79131101390
+79131102532
+79131102751
+79131102776
+79131103152
+79131103159
+79131103184
+79131103207
+79131103225
+79131103226
+79835982229
+79835982349
+79835982366
+79835982524
+79835982727
+79835982758
+79835982834
+79835982864
+79835982897
+79835982902
+79138800756
+79138801950
+79138802358
+79138802359
+79138802405
+79138802406
+79138802411
+79138802421
+79138802426
+79138802522
+79835982229
+79835982349
+79835982366
+79835982524
+79835982727
+79835982758
+79835982834
+79835982864
+79835982897
+79835982902
+79138709339
+79138710699
+79138710703
+79138710704
+79138710705
+79138710706
+79138710709
+79138710711
+79138710713
+79138710714
+79833400726
+79833401127
+79833401136
+79833401209
+79833401322
+79833401527
+79833401774
+79833401828
+79833401833
+79833401876
+79832302365
+79832302395
+79832302410
+79832302479
+79832302496
+79832302567
+79832302589
+79832302609
+79832302652
+79832302719
+79832302365
+79832302395
+79832302410
+79832302479
+79832302496
+79832302567
+79832302589
+79832302609
+79832302652
+79832302719
+79138800756
+79138801950
+79138802358
+79138802359
+79138802405
+79138802406
+79138802411
+79138802421
+79138802426
+79138802522
+79138510594
+79138510959
+79138511307
+79138512023
+79138512114
+79138512885
+79138514491
+79138514724
+79138514879
+79138515424
+79138800756
+79138801950
+79138802358
+79138802359
+79138802405
+79138802406
+79138802411
+79138802421
+79138802426
+79138802522
+79138800756
+79138801950
+79138802358
+79138802359
+79138802405
+79138802406
+79138802411
+79138802421
+79138802426
+79138802522
+79131101390
+79131102532
+79131102751
+79131102776
+79131103152
+79131103159
+79131103184
+79131103207
+79131103225
+79131103226
+79138210256
+79138210258
+79138210991
+79138211449
+79138211575
+79138211746
+79138211783
+79138211833
+79138212370
+79138212415
+79835982229
+79835982349
+79835982366
+79835982524
+79835982727
+79835982758
+79835982834
+79835982864
+79835982897
+79835982902
+79138602139
+79138604635
+79138604687
+79138604870
+79138605131
+79138605404
+79138605707
+79138605711
+79138605712
+79138605713
+79835982229
+79835982349
+79835982366
+79835982524
+79835982727
+79835982758
+79835982834
+79835982864
+79835982897
+79835982902
+79138403232
+79138405212
+79138405215
+79138405219
+79138405224
+79138405229
+79138405236
+79138405237
+79138405238
+79138405239
+79138602139
+79138604635
+79138604687
+79138604870
+79138605131
+79138605404
+79138605707
+79138605711
+79138605712
+79138605713
+79138800756
+79138801950
+79138802358
+79138802359
+79138802405
+79138802406
+79138802411
+79138802421
+79138802426
+79138802522
+79131014973
+79131014982
+79131014983
+79131014988
+79131014989
+79131014990
+79131014996
+79131014997
+79131015003
+79131015004
+79833400726
+79833401127
+79833401136
+79833401209
+79833401322
+79833401527
+79833401774
+79833401828
+79833401833
+79833401876
+79832302365
+79832302395
+79832302410
+79832302479
+79832302496
+79832302567
+79832302589
+79832302609
+79832302652
+79832302719
+79138004896
+79138004906
+79138004912
+79138004917
+79138004951
+79138004961
+79138004976
+79138004978
+79138005053
+79138005064
+79138800756
+79138801950
+79138802358
+79138802359
+79138802405
+79138802406
+79138802411
+79138802421
+79138802426
+79138802522
+79835982229
+79835982349
+79835982366
+79835982524
+79835982727
+79835982758
+79835982834
+79835982864
+79835982897
+79835982902
+79138004896
+79138004906
+79138004912
+79138004917
+79138004951
+79138004961
+79138004976
+79138004978
+79138005053
+79138005064
+79138510594
+79138510959
+79138511307
+79138512023
+79138512114
+79138512885
+79138514491
+79138514724
+79138514879
+79138515424
+79138709339
+79138710699
+79138710703
+79138710704
+79138710705
+79138710706
+79138710709
+79138710711
+79138710713
+79138710714
+79138510594
+79138510959
+79138511307
+79138512023
+79138512114
+79138512885
+79138514491
+79138514724
+79138514879
+79138515424
+79138800756
+79138801950
+79138802358
+79138802359
+79138802405
+79138802406
+79138802411
+79138802421
+79138802426
+79138802522
+79138602139
+79138604635
+79138604687
+79138604870
+79138605131
+79138605404
+79138605707
+79138605711
+79138605712
+79138605713
+79835982229
+79835982349
+79835982366
+79835982524
+79835982727
+79835982758
+79835982834
+79835982864
+79835982897
+79835982902
+79830535169
+79830535172
+79830535175
+79830535176
+79830535178
+79830535254
+79830535283
+79830535284
+79830535287
+79830535424
+79131014973
+79131014982
+79131014983
+79131014988
+79131014989
+79131014990
+79131014996
+79131014997
+79131015003
+79131015004
+79131014973
+79131014982
+79131014983
+79131014988
+79131014989
+79131014990
+79131014996
+79131014997
+79131015003
+79131015004
+79138800756
+79138801950
+79138802358
+79138802359
+79138802405
+79138802406
+79138802411
+79138802421
+79138802426
+79138802522
+79832302365
+79832302395
+79832302410
+79832302479
+79832302496
+79832302567
+79832302589
+79832302609
+79832302652
+79832302719
+79138004896
+79138004906
+79138004912
+79138004917
+79138004951
+79138004961
+79138004976
+79138004978
+79138005053
+79138005064
+79832302365
+79832302395
+79832302410
+79832302479
+79832302496
+79832302567
+79832302589
+79832302609
+79832302652
+79832302719
+79131101390
+79131102532
+79131102751
+79131102776
+79131103152
+79131103159
+79131103184
+79131103207
+79131103225
+79131103226
+79138709339
+79138710699
+79138710703
+79138710704
+79138710705
+79138710706
+79138710709
+79138710711
+79138710713
+79138710714
+79138210256
+79138210258
+79138210991
+79138211449
+79138211575
+79138211746
+79138211783
+79138211833
+79138212370
+79138212415
+79138510594
+79138510959
+79138511307
+79138512023
+79138512114
+79138512885
+79138514491
+79138514724
+79138514879
+79138515424
+79138800756
+79138801950
+79138802358
+79138802359
+79138802405
+79138802406
+79138802411
+79138802421
+79138802426
+79138802522
+79131101390
+79131102532
+79131102751
+79131102776
+79131103152
+79131103159
+79131103184
+79131103207
+79131103225
+79131103226
+79835982229
+79835982349
+79835982366
+79835982524
+79835982727
+79835982758
+79835982834
+79835982864
+79835982897
+79835982902
+79832302365
+79832302395
+79832302410
+79832302479
+79832302496
+79832302567
+79832302589
+79832302609
+79832302652
+79832302719
+79131014973
+79131014982
+79131014983
+79131014988
+79131014989
+79131014990
+79131014996
+79131014997
+79131015003
+79131015004
+79138510594
+79138510959
+79138511307
+79138512023
+79138512114
+79138512885
+79138514491
+79138514724
+79138514879
+79138515424
+79138210256
+79138210258
+79138210991
+79138211449
+79138211575
+79138211746
+79138211783
+79138211833
+79138212370
+79138212415
+79138602139
+79138604635
+79138604687
+79138604870
+79138605131
+79138605404
+79138605707
+79138605711
+79138605712
+79138605713
+79832302365
+79832302395
+79832302410
+79832302479
+79832302496
+79832302567
+79832302589
+79832302609
+79832302652
+79832302719
+79138210256
+79138210258
+79138210991
+79138211449
+79138211575
+79138211746
+79138211783
+79138211833
+79138212370
+79138212415
+79138403232
+79138405212
+79138405215
+79138405219
+79138405224
+79138405229
+79138405236
+79138405237
+79138405238
+79138405239
+79138510594
+79138510959
+79138511307
+79138512023
+79138512114
+79138512885
+79138514491
+79138514724
+79138514879
+79138515424
+79138004896
+79138004906
+79138004912
+79138004917
+79138004951
+79138004961
+79138004976
+79138004978
+79138005053
+79138005064
+79131014973
+79131014982
+79131014983
+79131014988
+79131014989
+79131014990
+79131014996
+79131014997
+79131015003
+79131015004
+79138800756
+79138801950
+79138802358
+79138802359
+79138802405
+79138802406
+79138802411
+79138802421
+79138802426
+79138802522
+79833400726
+79833401127
+79833401136
+79833401209
+79833401322
+79833401527
+79833401774
+79833401828
+79833401833
+79833401876
+79131014973
+79131014982
+79131014983
+79131014988
+79131014989
+79131014990
+79131014996
+79131014997
+79131015003
+79131015004
+79138510594
+79138510959
+79138511307
+79138512023
+79138512114
+79138512885
+79138514491
+79138514724
+79138514879
+79138515424
+79131014973
+79131014982
+79131014983
+79131014988
+79131014989
+79131014990
+79131014996
+79131014997
+79131015003
+79131015004
+79138510594
+79138510959
+79138511307
+79138512023
+79138512114
+79138512885
+79138514491
+79138514724
+79138514879
+79138515424
+79138101217
+79138101256
+79138101382
+79138101437
+79138101453
+79138101577
+79138101625
+79138101638
+79138101711
+79138101757
+79138800756
+79138801950
+79138802358
+79138802359
+79138802405
+79138802406
+79138802411
+79138802421
+79138802426
+79138802522
+79138800756
+79138801950
+79138802358
+79138802359
+79138802405
+79138802406
+79138802411
+79138802421
+79138802426
+79138802522
+79138602139
+79138604635
+79138604687
+79138604870
+79138605131
+79138605404
+79138605707
+79138605711
+79138605712
+79138605713
+79830535169
+79830535172
+79830535175
+79830535176
+79830535178
+79830535254
+79830535283
+79830535284
+79830535287
+79830535424
+79835982229
+79835982349
+79835982366
+79835982524
+79835982727
+79835982758
+79835982834
+79835982864
+79835982897
+79835982902
+79138403232
+79138405212
+79138405215
+79138405219
+79138405224
+79138405229
+79138405236
+79138405237
+79138405238
+79138405239
+79138602139
+79138604635
+79138604687
+79138604870
+79138605131
+79138605404
+79138605707
+79138605711
+79138605712
+79138605713
+79833400726
+79833401127
+79833401136
+79833401209
+79833401322
+79833401527
+79833401774
+79833401828
+79833401833
+79833401876
+79832302365
+79832302395
+79832302410
+79832302479
+79832302496
+79832302567
+79832302589
+79832302609
+79832302652
+79832302719
+79138602139
+79138604635
+79138604687
+79138604870
+79138605131
+79138605404
+79138605707
+79138605711
+79138605712
+79138605713
+79138403232
+79138405212
+79138405215
+79138405219
+79138405224
+79138405229
+79138405236
+79138405237
+79138405238
+79138405239
+79138403232
+79138405212
+79138405215
+79138405219
+79138405224
+79138405229
+79138405236
+79138405237
+79138405238
+79138405239
+79138510594
+79138510959
+79138511307
+79138512023
+79138512114
+79138512885
+79138514491
+79138514724
+79138514879
+79138515424
+79830535169
+79830535172
+79830535175
+79830535176
+79830535178
+79830535254
+79830535283
+79830535284
+79830535287
+79830535424
+79830535169
+79830535172
+79830535175
+79830535176
+79830535178
+79830535254
+79830535283
+79830535284
+79830535287
+79830535424
+79138004896
+79138004906
+79138004912
+79138004917
+79138004951
+79138004961
+79138004976
+79138004978
+79138005053
+79138005064
+79131101390
+79131102532
+79131102751
+79131102776
+79131103152
+79131103159
+79131103184
+79131103207
+79131103225
+79131103226
+79131101390
+79131102532
+79131102751
+79131102776
+79131103152
+79131103159
+79131103184
+79131103207
+79131103225
+79131103226
+79138602139
+79138604635
+79138604687
+79138604870
+79138605131
+79138605404
+79138605707
+79138605711
+79138605712
+79138605713
+79832302365
+79832302395
+79832302410
+79832302479
+79832302496
+79832302567
+79832302589
+79832302609
+79832302652
+79832302719
+79138602139
+79138604635
+79138604687
+79138604870
+79138605131
+79138605404
+79138605707
+79138605711
+79138605712
+79138605713
+79138403232
+79138405212
+79138405215
+79138405219
+79138405224
+79138405229
+79138405236
+79138405237
+79138405238
+79138405239
+79833400726
+79833401127
+79833401136
+79833401209
+79833401322
+79833401527
+79833401774
+79833401828
+79833401833
+79833401876
+79138004896
+79138004906
+79138004912
+79138004917
+79138004951
+79138004961
+79138004976
+79138004978
+79138005053
+79138005064
+79138510594
+79138510959
+79138511307
+79138512023
+79138512114
+79138512885
+79138514491
+79138514724
+79138514879
+79138515424
+79138602139
+79138604635
+79138604687
+79138604870
+79138605131
+79138605404
+79138605707
+79138605711
+79138605712
+79138605713
+79138004896
+79138004906
+79138004912
+79138004917
+79138004951
+79138004961
+79138004976
+79138004978
+79138005053
+79138005064
+79138800756
+79138801950
+79138802358
+79138802359
+79138802405
+79138802406
+79138802411
+79138802421
+79138802426
+79138802522
+79138004896
+79138004906
+79138004912
+79138004917
+79138004951
+79138004961
+79138004976
+79138004978
+79138005053
+79138005064
+79138709339
+79138710699
+79138710703
+79138710704
+79138710705
+79138710706
+79138710709
+79138710711
+79138710713
+79138710714
+79138210256
+79138210258
+79138210991
+79138211449
+79138211575
+79138211746
+79138211783
+79138211833
+79138212370
+79138212415
+79138210256
+79138210258
+79138210991
+79138211449
+79138211575
+79138211746
+79138211783
+79138211833
+79138212370
+79138212415
+79138510594
+79138510959
+79138511307
+79138512023
+79138512114
+79138512885
+79138514491
+79138514724
+79138514879
+79138515424
+79131014973
+79131014982
+79131014983
+79131014988
+79131014989
+79131014990
+79131014996
+79131014997
+79131015003
+79131015004
+79138101217
+79138101256
+79138101382
+79138101437
+79138101453
+79138101577
+79138101625
+79138101638
+79138101711
+79138101757
+79131014973
+79131014982
+79131014983
+79131014988
+79131014989
+79131014990
+79131014996
+79131014997
+79131015003
+79131015004
+79131014973
+79131014982
+79131014983
+79131014988
+79131014989
+79131014990
+79131014996
+79131014997
+79131015003
+79131015004
+79138510594
+79138510959
+79138511307
+79138512023
+79138512114
+79138512885
+79138514491
+79138514724
+79138514879
+79138515424
+79138709339
+79138710699
+79138710703
+79138710704
+79138710705
+79138710706
+79138710709
+79138710711
+79138710713
+79138710714
+79138602139
+79138604635
+79138604687
+79138604870
+79138605131
+79138605404
+79138605707
+79138605711
+79138605712
+79138605713
+79138510594
+79138510959
+79138511307
+79138512023
+79138512114
+79138512885
+79138514491
+79138514724
+79138514879
+79138515424
+79830535169
+79830535172
+79830535175
+79830535176
+79830535178
+79830535254
+79830535283
+79830535284
+79830535287
+79830535424
+79138403232
+79138405212
+79138405215
+79138405219
+79138405224
+79138405229
+79138405236
+79138405237
+79138405238
+79138405239
+79830535169
+79830535172
+79830535175
+79830535176
+79830535178
+79830535254
+79830535283
+79830535284
+79830535287
+79830535424
+79131014973
+79131014982
+79131014983
+79131014988
+79131014989
+79131014990
+79131014996
+79131014997
+79131015003
+79131015004
+79131014973
+79131014982
+79131014983
+79131014988
+79131014989
+79131014990
+79131014996
+79131014997
+79131015003
+79131015004
+79131101390
+79131102532
+79131102751
+79131102776
+79131103152
+79131103159
+79131103184
+79131103207
+79131103225
+79131103226
+79138800756
+79138801950
+79138802358
+79138802359
+79138802405
+79138802406
+79138802411
+79138802421
+79138802426
+79138802522
+79138210256
+79138210258
+79138210991
+79138211449
+79138211575
+79138211746
+79138211783
+79138211833
+79138212370
+79138212415
+79835982229
+79835982349
+79835982366
+79835982524
+79835982727
+79835982758
+79835982834
+79835982864
+79835982897
+79835982902
+79138210256
+79138210258
+79138210991
+79138211449
+79138211575
+79138211746
+79138211783
+79138211833
+79138212370
+79138212415
+79138602139
+79138604635
+79138604687
+79138604870
+79138605131
+79138605404
+79138605707
+79138605711
+79138605712
+79138605713
+79138510594
+79138510959
+79138511307
+79138512023
+79138512114
+79138512885
+79138514491
+79138514724
+79138514879
+79138515424
+79131101390
+79131102532
+79131102751
+79131102776
+79131103152
+79131103159
+79131103184
+79131103207
+79131103225
+79131103226
+79138800756
+79138801950
+79138802358
+79138802359
+79138802405
+79138802406
+79138802411
+79138802421
+79138802426
+79138802522
+79131101390
+79131102532
+79131102751
+79131102776
+79131103152
+79131103159
+79131103184
+79131103207
+79131103225
+79131103226
+79830535169
+79830535172
+79830535175
+79830535176
+79830535178
+79830535254
+79830535283
+79830535284
+79830535287
+79830535424
+79138403232
+79138405212
+79138405215
+79138405219
+79138405224
+79138405229
+79138405236
+79138405237
+79138405238
+79138405239
+79138800756
+79138801950
+79138802358
+79138802359
+79138802405
+79138802406
+79138802411
+79138802421
+79138802426
+79138802522
+79131101390
+79131102532
+79131102751
+79131102776
+79131103152
+79131103159
+79131103184
+79131103207
+79131103225
+79131103226
+79138210256
+79138210258
+79138210991
+79138211449
+79138211575
+79138211746
+79138211783
+79138211833
+79138212370
+79138212415
+79835982229
+79835982349
+79835982366
+79835982524
+79835982727
+79835982758
+79835982834
+79835982864
+79835982897
+79835982902
+79138510594
+79138510959
+79138511307
+79138512023
+79138512114
+79138512885
+79138514491
+79138514724
+79138514879
+79138515424
+79131014973
+79131014982
+79131014983
+79131014988
+79131014989
+79131014990
+79131014996
+79131014997
+79131015003
+79131015004
+79138510594
+79138510959
+79138511307
+79138512023
+79138512114
+79138512885
+79138514491
+79138514724
+79138514879
+79138515424
+79832302365
+79832302395
+79832302410
+79832302479
+79832302496
+79832302567
+79832302589
+79832302609
+79832302652
+79832302719
+79138004896
+79138004906
+79138004912
+79138004917
+79138004951
+79138004961
+79138004976
+79138004978
+79138005053
+79138005064
+79138800756
+79138801950
+79138802358
+79138802359
+79138802405
+79138802406
+79138802411
+79138802421
+79138802426
+79138802522
+79833400726
+79833401127
+79833401136
+79833401209
+79833401322
+79833401527
+79833401774
+79833401828
+79833401833
+79833401876
+79833400726
+79833401127
+79833401136
+79833401209
+79833401322
+79833401527
+79833401774
+79833401828
+79833401833
+79833401876
