+79107001774
+79107002258
+79107003849
+79107004051
+79107004963
+79107005708
+79107006152
+79107007940
+79107008371
+79107008661
+79101502372
+79101502415
+79101502882
+79101502905
+79101502975
+79101503278
+79101503893
+79101504421
+79101505277
+79101505367
+79101502372
+79101502415
+79101502882
+79101502905
+79101502975
+79101503278
+79101503893
+79101504421
+79101505277
+79101505367
+79100769074
+79100769206
+79100769964
+79100770415
+79100770715
+79100770794
+79100770960
+79100770966
+79100771283
+79100771450
+79101602136
+79101602324
+79101602347
+79101603562
+79101603681
+79101603693
+79101603778
+79101603779
+79101603784
+79101603786
+79101502372
+79101502415
+79101502882
+79101502905
+79101502975
+79101503278
+79101503893
+79101504421
+79101505277
+79101505367
+79190808633
+79190811187
+79190811189
+79190811273
+79190811320
+79190811469
+79190811507
+79190811678
+79190812153
+79190812186
+79101602136
+79101602324
+79101602347
+79101603562
+79101603681
+79101603693
+79101603778
+79101603779
+79101603784
+79101603786
+79101502372
+79101502415
+79101502882
+79101502905
+79101502975
+79101503278
+79101503893
+79101504421
+79101505277
+79101505367
+79107001774
+79107002258
+79107003849
+79107004051
+79107004963
+79107005708
+79107006152
+79107007940
+79107008371
+79107008661
+79101502372
+79101502415
+79101502882
+79101502905
+79101502975
+79101503278
+79101503893
+79101504421
+79101505277
+79101505367
+79157800612
+79157801863
+79157802154
+79157802182
+79157802823
+79157802915
+79157803296
+79157803371
+79157803726
+79157803789
+79807201264
+79807201355
+79807201405
+79807201561
+79807201744
+79807201751
+79807201765
+79807201780
+79807201806
+79807201820
+79190701784
+79190701856
+79190701862
+79190702350
+79190703276
+79190704254
+79190704793
+79190707356
+79190707759
+79190707761
+79156900723
+79156900848
+79156901293
+79156901392
+79156901463
+79156901820
+79156902125
+79156902152
+79156902252
+79156902272
+79156800393
+79156800603
+79156800611
+79156800631
+79156800687
+79156800755
+79156801093
+79156801196
+79156801466
+79156801977
+79807201264
+79807201355
+79807201405
+79807201561
+79807201744
+79807201751
+79807201765
+79807201780
+79807201806
+79807201820
+79107001774
+79107002258
+79107003849
+79107004051
+79107004963
+79107005708
+79107006152
+79107007940
+79107008371
+79107008661
+79157800612
+79157801863
+79157802154
+79157802182
+79157802823
+79157802915
+79157803296
+79157803371
+79157803726
+79157803789
+79101502372
+79101502415
+79101502882
+79101502905
+79101502975
+79101503278
+79101503893
+79101504421
+79101505277
+79101505367
+79156800393
+79156800603
+79156800611
+79156800631
+79156800687
+79156800755
+79156801093
+79156801196
+79156801466
+79156801977
+79101502372
+79101502415
+79101502882
+79101502905
+79101502975
+79101503278
+79101503893
+79101504421
+79101505277
+79101505367
+79100769074
+79100769206
+79100769964
+79100770415
+79100770715
+79100770794
+79100770960
+79100770966
+79100771283
+79100771450
+79101602136
+79101602324
+79101602347
+79101603562
+79101603681
+79101603693
+79101603778
+79101603779
+79101603784
+79101603786
+79807201264
+79807201355
+79807201405
+79807201561
+79807201744
+79807201751
+79807201765
+79807201780
+79807201806
+79807201820
+79157800612
+79157801863
+79157802154
+79157802182
+79157802823
+79157802915
+79157803296
+79157803371
+79157803726
+79157803789
+79156800393
+79156800603
+79156800611
+79156800631
+79156800687
+79156800755
+79156801093
+79156801196
+79156801466
+79156801977
+79156900723
+79156900848
+79156901293
+79156901392
+79156901463
+79156901820
+79156902125
+79156902152
+79156902252
+79156902272
+79190701784
+79190701856
+79190701862
+79190702350
+79190703276
+79190704254
+79190704793
+79190707356
+79190707759
+79190707761
+79100769074
+79100769206
+79100769964
+79100770415
+79100770715
+79100770794
+79100770960
+79100770966
+79100771283
+79100771450
+79101502372
+79101502415
+79101502882
+79101502905
+79101502975
+79101503278
+79101503893
+79101504421
+79101505277
+79101505367
+79101502372
+79101502415
+79101502882
+79101502905
+79101502975
+79101503278
+79101503893
+79101504421
+79101505277
+79101505367
+79807201264
+79807201355
+79807201405
+79807201561
+79807201744
+79807201751
+79807201765
+79807201780
+79807201806
+79807201820
+79190701784
+79190701856
+79190701862
+79190702350
+79190703276
+79190704254
+79190704793
+79190707356
+79190707759
+79190707761
+79807201264
+79807201355
+79807201405
+79807201561
+79807201744
+79807201751
+79807201765
+79807201780
+79807201806
+79807201820
+79156800393
+79156800603
+79156800611
+79156800631
+79156800687
+79156800755
+79156801093
+79156801196
+79156801466
+79156801977
+79109406286
+79109406594
+79109406772
+79109407133
+79109409482
+79109409512
+79109409514
+79109410016
+79109410146
+79109410175
+79105500643
+79105500961
+79105501127
+79105501180
+79105501223
+79105501258
+79105501440
+79105501628
+79105501799
+79105501852
+79156800393
+79156800603
+79156800611
+79156800631
+79156800687
+79156800755
+79156801093
+79156801196
+79156801466
+79156801977
+79807201264
+79807201355
+79807201405
+79807201561
+79807201744
+79807201751
+79807201765
+79807201780
+79807201806
+79807201820
+79156800393
+79156800603
+79156800611
+79156800631
+79156800687
+79156800755
+79156801093
+79156801196
+79156801466
+79156801977
+79190808633
+79190811187
+79190811189
+79190811273
+79190811320
+79190811469
+79190811507
+79190811678
+79190812153
+79190812186
+79805894428
+79805894552
+79805895543
+79805895582
+79805895587
+79805895594
+79805895661
+79805895663
+79805896641
+79805896672
+79190808633
+79190811187
+79190811189
+79190811273
+79190811320
+79190811469
+79190811507
+79190811678
+79190812153
+79190812186
+79156900723
+79156900848
+79156901293
+79156901392
+79156901463
+79156901820
+79156902125
+79156902152
+79156902252
+79156902272
+79101502372
+79101502415
+79101502882
+79101502905
+79101502975
+79101503278
+79101503893
+79101504421
+79101505277
+79101505367
+79190808633
+79190811187
+79190811189
+79190811273
+79190811320
+79190811469
+79190811507
+79190811678
+79190812153
+79190812186
+79101502372
+79101502415
+79101502882
+79101502905
+79101502975
+79101503278
+79101503893
+79101504421
+79101505277
+79101505367
+79105500643
+79105500961
+79105501127
+79105501180
+79105501223
+79105501258
+79105501440
+79105501628
+79105501799
+79105501852
+79100769074
+79100769206
+79100769964
+79100770415
+79100770715
+79100770794
+79100770960
+79100770966
+79100771283
+79100771450
+79107001774
+79107002258
+79107003849
+79107004051
+79107004963
+79107005708
+79107006152
+79107007940
+79107008371
+79107008661
+79190808633
+79190811187
+79190811189
+79190811273
+79190811320
+79190811469
+79190811507
+79190811678
+79190812153
+79190812186
+79101502372
+79101502415
+79101502882
+79101502905
+79101502975
+79101503278
+79101503893
+79101504421
+79101505277
+79101505367
+79109406286
+79109406594
+79109406772
+79109407133
+79109409482
+79109409512
+79109409514
+79109410016
+79109410146
+79109410175
+79156800393
+79156800603
+79156800611
+79156800631
+79156800687
+79156800755
+79156801093
+79156801196
+79156801466
+79156801977
+79105500643
+79105500961
+79105501127
+79105501180
+79105501223
+79105501258
+79105501440
+79105501628
+79105501799
+79105501852
+79190701784
+79190701856
+79190701862
+79190702350
+79190703276
+79190704254
+79190704793
+79190707356
+79190707759
+79190707761
+79157800612
+79157801863
+79157802154
+79157802182
+79157802823
+79157802915
+79157803296
+79157803371
+79157803726
+79157803789
+79156900685
+79156900723
+79156900848
+79156901293
+79156901392
+79156901463
+79156901820
+79156902125
+79156902152
+79156902252
+79190701784
+79190701856
+79190701862
+79190702350
+79190703276
+79190704254
+79190704793
+79190707356
+79190707759
+79190707761
+79807201264
+79807201355
+79807201405
+79807201561
+79807201744
+79807201751
+79807201765
+79807201780
+79807201806
+79807201820
+79156800393
+79156800603
+79156800611
+79156800631
+79156800687
+79156800755
+79156801093
+79156801196
+79156801466
+79156801977
+79105801076
+79105801110
+79105801158
+79105801284
+79105801296
+79105801335
+79105801363
+79105801375
+79105801387
+79105801505
+79105500643
+79105500961
+79105501127
+79105501180
+79105501223
+79105501258
+79105501440
+79105501628
+79105501799
+79105501852
+79190701784
+79190701856
+79190701862
+79190702350
+79190703276
+79190704254
+79190704793
+79190707356
+79190707759
+79190707761
+79190808633
+79190811187
+79190811189
+79190811273
+79190811320
+79190811469
+79190811507
+79190811678
+79190812153
+79190812186
+79190701784
+79190701856
+79190701862
+79190702350
+79190703276
+79190704254
+79190704793
+79190707356
+79190707759
+79190707761
+79807201264
+79807201355
+79807201405
+79807201561
+79807201744
+79807201751
+79807201765
+79807201780
+79807201806
+79807201820
+79156900685
+79156900723
+79156900848
+79156901293
+79156901392
+79156901463
+79156901820
+79156902125
+79156902152
+79156902252
+79805894428
+79805894552
+79805895543
+79805895582
+79805895587
+79805895594
+79805895661
+79805895663
+79805896641
+79805896672
+79190701784
+79190701856
+79190701862
+79190702350
+79190703276
+79190704254
+79190704793
+79190707356
+79190707759
+79190707761
+79101602136
+79101602324
+79101602347
+79101603562
+79101603681
+79101603693
+79101603778
+79101603779
+79101603784
+79101603786
+79807201264
+79807201355
+79807201405
+79807201561
+79807201744
+79807201751
+79807201765
+79807201780
+79807201806
+79807201820
+79105500643
+79105500961
+79105501127
+79105501180
+79105501223
+79105501258
+79105501440
+79105501628
+79105501799
+79105501852
+79807201264
+79807201355
+79807201405
+79807201561
+79807201744
+79807201751
+79807201765
+79807201780
+79807201806
+79807201820
+79105500643
+79105500961
+79105501127
+79105501180
+79105501223
+79105501258
+79105501440
+79105501628
+79105501799
+79105501852
+79157800612
+79157801863
+79157802154
+79157802182
+79157802823
+79157802915
+79157803296
+79157803371
+79157803726
+79157803789
+79807201264
+79807201355
+79807201405
+79807201561
+79807201744
+79807201751
+79807201765
+79807201780
+79807201806
+79807201820
+79109406286
+79109406594
+79109406772
+79109407133
+79109409482
+79109409512
+79109409514
+79109410016
+79109410146
+79109410175
+79101602136
+79101602324
+79101602347
+79101603562
+79101603681
+79101603693
+79101603778
+79101603779
+79101603784
+79101603786
+79190701784
+79190701856
+79190701862
+79190702350
+79190703276
+79190704254
+79190704793
+79190707356
+79190707759
+79190707761
+79805894428
+79805894552
+79805895543
+79805895582
+79805895587
+79805895594
+79805895661
+79805895663
+79805896641
+79805896672
+79156800393
+79156800603
+79156800611
+79156800631
+79156800687
+79156800755
+79156801093
+79156801196
+79156801466
+79156801977
+79101602136
+79101602324
+79101602347
+79101603562
+79101603681
+79101603693
+79101603778
+79101603779
+79101603784
+79101603786
+79109406286
+79109406594
+79109406772
+79109407133
+79109409482
+79109409512
+79109409514
+79109410016
+79109410146
+79109410175
+79157800612
+79157801863
+79157802154
+79157802182
+79157802823
+79157802915
+79157803296
+79157803371
+79157803726
+79157803789
+79805894428
+79805894552
+79805895543
+79805895582
+79805895587
+79805895594
+79805895661
+79805895663
+79805896641
+79805896672
+79156800393
+79156800603
+79156800611
+79156800631
+79156800687
+79156800755
+79156801093
+79156801196
+79156801466
+79156801977
+79156900685
+79156900723
+79156900848
+79156901293
+79156901392
+79156901463
+79156901820
+79156902125
+79156902152
+79156902252
+79101602136
+79101602324
+79101602347
+79101603562
+79101603681
+79101603693
+79101603778
+79101603779
+79101603784
+79101603786
+79105801076
+79105801110
+79105801158
+79105801284
+79105801296
+79105801335
+79105801363
+79105801375
+79105801387
+79105801505
+79807201264
+79807201355
+79807201405
+79807201561
+79807201744
+79807201751
+79807201765
+79807201780
+79807201806
+79807201820
+79156800393
+79156800603
+79156800611
+79156800631
+79156800687
+79156800755
+79156801093
+79156801196
+79156801466
+79156801977
+79105500643
+79105500961
+79105501127
+79105501180
+79105501223
+79105501258
+79105501440
+79105501628
+79105501799
+79105501852
+79101502372
+79101502415
+79101502882
+79101502905
+79101502975
+79101503278
+79101503893
+79101504421
+79101505277
+79101505367
+79156900685
+79156900723
+79156900848
+79156901293
+79156901392
+79156901463
+79156901820
+79156902125
+79156902152
+79156902252
+79807201264
+79807201355
+79807201405
+79807201561
+79807201744
+79807201751
+79807201765
+79807201780
+79807201806
+79807201820
+79105500643
+79105500961
+79105501127
+79105501180
+79105501223
+79105501258
+79105501440
+79105501628
+79105501799
+79105501852
+79156800393
+79156800603
+79156800611
+79156800631
+79156800687
+79156800755
+79156801093
+79156801196
+79156801466
+79156801977
+79156900685
+79156900723
+79156900848
+79156901293
+79156901392
+79156901463
+79156901820
+79156902125
+79156902152
+79156902252
+79807201264
+79807201355
+79807201405
+79807201561
+79807201744
+79807201751
+79807201765
+79807201780
+79807201806
+79807201820
+79105500643
+79105500961
+79105501127
+79105501180
+79105501223
+79105501258
+79105501440
+79105501628
+79105501799
+79105501852
+79156900685
+79156900723
+79156900848
+79156901293
+79156901392
+79156901463
+79156901820
+79156902125
+79156902152
+79156902252
+79105500643
+79105500961
+79105501127
+79105501180
+79105501223
+79105501258
+79105501440
+79105501628
+79105501799
+79105501852
+79190701784
+79190701856
+79190701862
+79190702350
+79190703276
+79190704254
+79190704793
+79190707356
+79190707759
+79190707761
+79190808633
+79190811187
+79190811189
+79190811273
+79190811320
+79190811469
+79190811507
+79190811678
+79190812153
+79190812186
+79190808633
+79190811187
+79190811189
+79190811273
+79190811320
+79190811469
+79190811507
+79190811678
+79190812153
+79190812186
+79105801076
+79105801110
+79105801158
+79105801284
+79105801296
+79105801335
+79105801363
+79105801375
+79105801387
+79105801505
+79156900685
+79156900723
+79156900848
+79156901293
+79156901392
+79156901463
+79156901820
+79156902125
+79156902152
+79156902252
+79157800612
+79157801863
+79157802154
+79157802182
+79157802823
+79157802915
+79157803296
+79157803371
+79157803726
+79157803789
+79101502372
+79101502415
+79101502882
+79101502905
+79101502975
+79101503278
+79101503893
+79101504421
+79101505277
+79101505367
+79807201264
+79807201355
+79807201405
+79807201561
+79807201744
+79807201751
+79807201765
+79807201780
+79807201806
+79807201820
+79105801076
+79105801110
+79105801158
+79105801284
+79105801296
+79105801335
+79105801363
+79105801375
+79105801387
+79105801505
+79190808633
+79190811187
+79190811189
+79190811273
+79190811320
+79190811469
+79190811507
+79190811678
+79190812153
+79190812186
+79101602136
+79101602324
+79101602347
+79101603562
+79101603681
+79101603693
+79101603778
+79101603779
+79101603784
+79101603786
+79101602136
+79101602324
+79101602347
+79101603562
+79101603681
+79101603693
+79101603778
+79101603779
+79101603784
+79101603786
+79807201264
+79807201355
+79807201405
+79807201561
+79807201744
+79807201751
+79807201765
+79807201780
+79807201806
+79807201820
+79105500643
+79105500961
+79105501127
+79105501180
+79105501223
+79105501258
+79105501440
+79105501628
+79105501799
+79105501852
+79109406286
+79109406594
+79109406772
+79109407133
+79109409482
+79109409512
+79109409514
+79109410016
+79109410146
+79109410175
+79190701784
+79190701856
+79190701862
+79190702350
+79190703276
+79190704254
+79190704793
+79190707356
+79190707759
+79190707761
+79101602136
+79101602324
+79101602347
+79101603562
+79101603681
+79101603693
+79101603778
+79101603779
+79101603784
+79101603786
+79109406286
+79109406594
+79109406772
+79109407133
+79109409482
+79109409512
+79109409514
+79109410016
+79109410146
+79109410175
+79105500643
+79105500961
+79105501127
+79105501180
+79105501223
+79105501258
+79105501440
+79105501628
+79105501799
+79105501852
+79109406286
+79109406594
+79109406772
+79109407133
+79109409482
+79109409512
+79109409514
+79109410016
+79109410146
+79109410175
+79805894428
+79805894552
+79805895543
+79805895582
+79805895587
+79805895594
+79805895661
+79805895663
+79805896641
+79805896672
+79805894428
+79805894552
+79805895543
+79805895582
+79805895587
+79805895594
+79805895661
+79805895663
+79805896641
+79805896672
+79105500643
+79105500961
+79105501127
+79105501180
+79105501223
+79105501258
+79105501440
+79105501628
+79105501799
+79105501852
+79190808633
+79190811187
+79190811189
+79190811273
+79190811320
+79190811469
+79190811507
+79190811678
+79190812153
+79190812186
+79109406286
+79109406594
+79109406772
+79109407133
+79109409482
+79109409512
+79109409514
+79109410016
+79109410146
+79109410175
+79109406286
+79109406594
+79109406772
+79109407133
+79109409482
+79109409512
+79109409514
+79109410016
+79109410146
+79109410175
+79105801076
+79105801110
+79105801158
+79105801284
+79105801296
+79105801335
+79105801363
+79105801375
+79105801387
+79105801505
+79156900685
+79156900723
+79156900848
+79156901293
+79156901392
+79156901463
+79156901820
+79156902125
+79156902152
+79156902252
+79101602136
+79101602324
+79101602347
+79101603562
+79101603681
+79101603693
+79101603778
+79101603779
+79101603784
+79101603786
+79190808633
+79190811187
+79190811189
+79190811273
+79190811320
+79190811469
+79190811507
+79190811678
+79190812153
+79190812186
+79107001774
+79107002258
+79107003849
+79107004051
+79107004963
+79107005708
+79107006152
+79107007940
+79107008371
+79107008661
+79109406286
+79109406594
+79109406772
+79109407133
+79109409482
+79109409512
+79109409514
+79109410016
+79109410146
+79109410175
+79101502372
+79101502415
+79101502882
+79101502905
+79101502975
+79101503278
+79101503893
+79101504421
+79101505277
+79101505367
+79101502372
+79101502415
+79101502882
+79101502905
+79101502975
+79101503278
+79101503893
+79101504421
+79101505277
+79101505367
+79156800393
+79156800603
+79156800611
+79156800631
+79156800687
+79156800755
+79156801093
+79156801196
+79156801466
+79156801977
+79156800393
+79156800603
+79156800611
+79156800631
+79156800687
+79156800755
+79156801093
+79156801196
+79156801466
+79156801977
+79156800393
+79156800603
+79156800611
+79156800631
+79156800687
+79156800755
+79156801093
+79156801196
+79156801466
+79156801977
+79105500643
+79105500961
+79105501127
+79105501180
+79105501223
+79105501258
+79105501440
+79105501628
+79105501799
+79105501852
+79100769074
+79100769206
+79100769964
+79100770415
+79100770715
+79100770794
+79100770960
+79100770966
+79100771283
+79100771450
+79105801076
+79105801110
+79105801158
+79105801284
+79105801296
+79105801335
+79105801363
+79105801375
+79105801387
+79105801505
+79190701359
+79190701784
+79190701856
+79190701862
+79190702350
+79190703276
+79190704254
+79190704793
+79190707356
+79190707759
+79105801076
+79105801110
+79105801158
+79105801284
+79105801296
+79105801335
+79105801363
+79105801375
+79105801387
+79105801505
+79805894428
+79805894552
+79805895543
+79805895582
+79805895587
+79805895594
+79805895661
+79805895663
+79805896641
+79805896672
+79190701359
+79190701784
+79190701856
+79190701862
+79190702350
+79190703276
+79190704254
+79190704793
+79190707356
+79190707759
+79156900685
+79156900723
+79156900848
+79156901293
+79156901392
+79156901463
+79156901820
+79156902125
+79156902152
+79156902252
+79100769074
+79100769206
+79100769964
+79100770415
+79100770715
+79100770794
+79100770960
+79100770966
+79100771283
+79100771450
+79105500643
+79105500961
+79105501127
+79105501180
+79105501223
+79105501258
+79105501440
+79105501628
+79105501799
+79105501852
+79805894428
+79805894552
+79805895543
+79805895582
+79805895587
+79805895594
+79805895661
+79805895663
+79805896641
+79805896672
+79105801076
+79105801110
+79105801158
+79105801284
+79105801296
+79105801335
+79105801363
+79105801375
+79105801387
+79105801505
+79190808633
+79190811187
+79190811189
+79190811273
+79190811320
+79190811469
+79190811507
+79190811678
+79190812153
+79190812186
+79807201264
+79807201355
+79807201405
+79807201561
+79807201744
+79807201751
+79807201765
+79807201780
+79807201806
+79807201820
+79100769074
+79100769206
+79100769964
+79100770415
+79100770715
+79100770794
+79100770960
+79100770966
+79100771283
+79100771450
+79190808633
+79190811187
+79190811189
+79190811273
+79190811320
+79190811469
+79190811507
+79190811678
+79190812153
+79190812186
+79101602136
+79101602324
+79101602347
+79101603562
+79101603681
+79101603693
+79101603778
+79101603779
+79101603784
+79101603786
+79101502372
+79101502415
+79101502882
+79101502905
+79101502975
+79101503278
+79101503893
+79101504421
+79101505277
+79101505367
+79100769074
+79100769206
+79100769964
+79100770415
+79100770715
+79100770794
+79100770960
+79100770966
+79100771283
+79100771450
+79805894428
+79805894552
+79805895543
+79805895582
+79805895587
+79805895594
+79805895661
+79805895663
+79805896641
+79805896672
+79101502372
+79101502415
+79101502882
+79101502905
+79101502975
+79101503278
+79101503893
+79101504421
+79101505277
+79101505367
+79157800612
+79157801863
+79157802154
+79157802182
+79157802823
+79157802915
+79157803296
+79157803371
+79157803726
+79157803789
+79105801076
+79105801110
+79105801158
+79105801284
+79105801296
+79105801335
+79105801363
+79105801375
+79105801387
+79105801505
+79101602136
+79101602324
+79101602347
+79101603562
+79101603681
+79101603693
+79101603778
+79101603779
+79101603784
+79101603786
+79156900685
+79156900723
+79156900848
+79156901293
+79156901392
+79156901463
+79156901820
+79156902125
+79156902152
+79156902252
+79100769074
+79100769206
+79100769964
+79100770415
+79100770715
+79100770794
+79100770960
+79100770966
+79100771283
+79100771450
+79101602136
+79101602324
+79101602347
+79101603562
+79101603681
+79101603693
+79101603778
+79101603779
+79101603784
+79101603786
+79105500643
+79105500961
+79105501127
+79105501180
+79105501223
+79105501258
+79105501440
+79105501628
+79105501799
+79105501852
+79109406286
+79109406594
+79109406772
+79109407133
+79109409482
+79109409512
+79109409514
+79109410016
+79109410146
+79109410175
+79109406286
+79109406594
+79109406772
+79109407133
+79109409482
+79109409512
+79109409514
+79109410016
+79109410146
+79109410175
+79101502372
+79101502415
+79101502882
+79101502905
+79101502975
+79101503278
+79101503893
+79101504421
+79101505277
+79101505367
+79105801076
+79105801110
+79105801158
+79105801284
+79105801296
+79105801335
+79105801363
+79105801375
+79105801387
+79105801505
+79100769074
+79100769206
+79100769964
+79100770415
+79100770715
+79100770794
+79100770960
+79100770966
+79100771283
+79100771450
+79105801076
+79105801110
+79105801158
+79105801284
+79105801296
+79105801335
+79105801363
+79105801375
+79105801387
+79105801505
+79105500278
+79105500643
+79105500961
+79105501127
+79105501180
+79105501223
+79105501258
+79105501440
+79105501628
+79105501799
+79100769074
+79100769206
+79100769964
+79100770415
+79100770715
+79100770794
+79100770960
+79100770966
+79100771283
+79100771450
+79101602136
+79101602324
+79101602347
+79101603562
+79101603681
+79101603693
+79101603778
+79101603779
+79101603784
+79101603786
