+79157001162
+79157001267
+79157001268
+79157001284
+79157001291
+79157001302
+79157001390
+79157001409
+79157001417
+79157001426
+79157400695
+79157402285
+79157403589
+79157403669
+79157403747
+79157403799
+79157403801
+79157403803
+79157403823
+79157403851
+79190600437
+79190600751
+79190601036
+79190601079
+79190601129
+79190602036
+79190602418
+79190602507
+79190602563
+79190602820
+79106461237
+79106461353
+79106461422
+79106461480
+79106461552
+79106461791
+79106461806
+79106461897
+79106461935
+79106461972
+79109301048
+79109301062
+79109301070
+79109301102
+79109301127
+79109301147
+79109301294
+79109301319
+79109301446
+79109301452
+79190600437
+79190600751
+79190601036
+79190601079
+79190601129
+79190602036
+79190602418
+79190602507
+79190602563
+79190602820
+79109301048
+79109301062
+79109301070
+79109301102
+79109301127
+79109301147
+79109301294
+79109301319
+79109301446
+79109301452
+79157301037
+79157301038
+79157301045
+79157301076
+79157301106
+79157301110
+79157301113
+79157301114
+79157301115
+79157301117
+79806301121
+79806301322
+79806305594
+79806305596
+79806305612
+79806305651
+79806305680
+79806305685
+79806305691
+79806305700
+79806217903
+79806218423
+79806218444
+79806218457
+79806218460
+79806218517
+79806218527
+79806218569
+79806218593
+79806218631
+79157200857
+79157201134
+79157201285
+79157201472
+79157201632
+79157202010
+79157202024
+79157202059
+79157202241
+79157202552
+79106461237
+79106461353
+79106461422
+79106461480
+79106461552
+79106461791
+79106461806
+79106461897
+79106461935
+79106461972
+79806217903
+79806218423
+79806218444
+79806218457
+79806218460
+79806218517
+79806218527
+79806218569
+79806218593
+79806218631
+79157301037
+79157301038
+79157301045
+79157301076
+79157301106
+79157301110
+79157301113
+79157301114
+79157301115
+79157301117
+79157301037
+79157301038
+79157301045
+79157301076
+79157301106
+79157301110
+79157301113
+79157301114
+79157301115
+79157301117
+79190503390
+79190503425
+79190503430
+79190503447
+79190503451
+79190503464
+79190503475
+79190503481
+79190503483
+79190503493
+79190600437
+79190600751
+79190601036
+79190601079
+79190601129
+79190602036
+79190602418
+79190602507
+79190602563
+79190602820
+79157200857
+79157201134
+79157201285
+79157201472
+79157201632
+79157202010
+79157202024
+79157202059
+79157202241
+79157202552
+79109301048
+79109301062
+79109301070
+79109301102
+79109301127
+79109301147
+79109301294
+79109301319
+79109301446
+79109301452
+79806404098
+79806404099
+79806404102
+79806404103
+79806404104
+79806404105
+79806404106
+79806404107
+79806404108
+79806404109
+79108300843
+79108300921
+79108301287
+79108301314
+79108301369
+79108301386
+79108301427
+79108301437
+79108301445
+79108301474
+79157001162
+79157001267
+79157001268
+79157001284
+79157001291
+79157001302
+79157001390
+79157001409
+79157001417
+79157001426
+79157100854
+79157100974
+79157101309
+79157101337
+79157101338
+79157101343
+79157101345
+79157101348
+79157101373
+79157101378
+79108400987
+79108401423
+79108401785
+79108401971
+79108402005
+79108403082
+79108404117
+79108404476
+79108405495
+79108405802
+79157400695
+79157402285
+79157403589
+79157403669
+79157403747
+79157403799
+79157403801
+79157403803
+79157403823
+79157403851
+79157400695
+79157402285
+79157403589
+79157403669
+79157403747
+79157403799
+79157403801
+79157403803
+79157403823
+79157403851
+79157001162
+79157001267
+79157001268
+79157001284
+79157001291
+79157001302
+79157001390
+79157001409
+79157001417
+79157001426
+79105317427
+79105317499
+79105317501
+79105317502
+79105317503
+79105317505
+79105317506
+79105317507
+79105317510
+79105317511
+79157200857
+79157201134
+79157201285
+79157201472
+79157201632
+79157202010
+79157202024
+79157202059
+79157202241
+79157202552
+79108300843
+79108300921
+79108301287
+79108301314
+79108301369
+79108301386
+79108301427
+79108301437
+79108301445
+79108301474
+79190503390
+79190503425
+79190503430
+79190503447
+79190503451
+79190503464
+79190503475
+79190503481
+79190503483
+79190503493
+79157200857
+79157201134
+79157201285
+79157201472
+79157201632
+79157202010
+79157202024
+79157202059
+79157202241
+79157202552
+79106461237
+79106461353
+79106461422
+79106461480
+79106461552
+79106461791
+79106461806
+79106461897
+79106461935
+79106461972
+79157001162
+79157001267
+79157001268
+79157001284
+79157001291
+79157001302
+79157001390
+79157001409
+79157001417
+79157001426
+79190600437
+79190600751
+79190601036
+79190601079
+79190601129
+79190602036
+79190602418
+79190602507
+79190602563
+79190602820
+79109301048
+79109301062
+79109301070
+79109301102
+79109301127
+79109301147
+79109301294
+79109301319
+79109301446
+79109301452
+79806301121
+79806301322
+79806305594
+79806305596
+79806305612
+79806305651
+79806305680
+79806305685
+79806305691
+79806305700
+79106461237
+79106461353
+79106461422
+79106461480
+79106461552
+79106461791
+79106461806
+79106461897
+79106461935
+79106461972
+79806301121
+79806301322
+79806305594
+79806305596
+79806305612
+79806305651
+79806305680
+79806305685
+79806305691
+79806305700
+79190600437
+79190600751
+79190601036
+79190601079
+79190601129
+79190602036
+79190602418
+79190602507
+79190602563
+79190602820
+79157400695
+79157402285
+79157403589
+79157403669
+79157403747
+79157403799
+79157403801
+79157403803
+79157403823
+79157403851
+79106401546
+79106401806
+79106402071
+79106403623
+79106408338
+79106409965
+79157200857
+79157201134
+79157201285
+79157201472
+79190503390
+79190503425
+79190503430
+79190503447
+79190503451
+79190503464
+79190503475
+79190503481
+79190503483
+79190503493
+79106401546
+79106401806
+79106402071
+79106403623
+79106408338
+79106409965
+79108300843
+79108300921
+79108301287
+79108301314
+79106461237
+79106461353
+79106461422
+79106461480
+79106461552
+79106461791
+79106461806
+79106461897
+79106461935
+79106461972
+79806217903
+79806218423
+79806218444
+79806218457
+79806218460
+79806218517
+79806218527
+79806218569
+79806218593
+79806218631
+79190503390
+79190503425
+79190503430
+79190503447
+79190503451
+79190503464
+79190503475
+79190503481
+79190503483
+79190503493
+79806301121
+79806301322
+79806305594
+79806305596
+79806305612
+79806305651
+79806305680
+79806305685
+79806305691
+79806305700
+79157001162
+79157001267
+79157001268
+79157001284
+79157001291
+79157001302
+79157001390
+79157001409
+79157001417
+79157001426
+79806217903
+79806218423
+79806218444
+79806218457
+79806218460
+79806218517
+79806218527
+79806218569
+79806218593
+79806218631
+79108400987
+79108401423
+79108401785
+79108401971
+79108402005
+79108403082
+79108404117
+79108404476
+79108405495
+79108405802
+79806301121
+79806301322
+79806305594
+79806305596
+79806305612
+79806305651
+79806305680
+79806305685
+79806305691
+79806305700
+79190600437
+79190600751
+79190601036
+79190601079
+79190601129
+79190602036
+79190602418
+79190602507
+79190602563
+79190602820
+79190503390
+79190503425
+79190503430
+79190503447
+79190503451
+79190503464
+79190503475
+79190503481
+79190503483
+79190503493
+79106461237
+79106461353
+79106461422
+79106461480
+79106461552
+79106461791
+79106461806
+79106461897
+79106461935
+79106461972
+79106461237
+79106461353
+79106461422
+79106461480
+79106461552
+79106461791
+79106461806
+79106461897
+79106461935
+79106461972
+79105317427
+79105317499
+79105317501
+79105317502
+79105317503
+79105317505
+79105317506
+79105317507
+79105317510
+79105317511
+79806404098
+79806404099
+79806404102
+79806404103
+79806404104
+79806404105
+79806404106
+79806404107
+79806404108
+79806404109
+79157200857
+79157201134
+79157201285
+79157201472
+79157201632
+79157202010
+79157202024
+79157202059
+79157202241
+79157202552
+79106401546
+79106401806
+79106402071
+79106403623
+79106408338
+79106409965
+79157400695
+79157402285
+79157403589
+79157403669
+79190600437
+79190600751
+79190601036
+79190601079
+79190601129
+79190602036
+79190602418
+79190602507
+79190602563
+79190602820
+79106401546
+79106401806
+79106402071
+79106403623
+79106408338
+79106409965
+79157301037
+79157301038
+79157301045
+79157301076
+79108400987
+79108401423
+79108401785
+79108401971
+79108402005
+79108403082
+79108404117
+79108404476
+79108405495
+79108405802
+79106461237
+79106461353
+79106461422
+79106461480
+79106461552
+79106461791
+79106461806
+79106461897
+79106461935
+79106461972
+79108300843
+79108300921
+79108301287
+79108301314
+79108301369
+79108301386
+79108301427
+79108301437
+79108301445
+79108301474
+79190503390
+79190503425
+79190503430
+79190503447
+79190503451
+79190503464
+79190503475
+79190503481
+79190503483
+79190503493
+79106461237
+79106461353
+79106461422
+79106461480
+79106461552
+79106461791
+79106461806
+79106461897
+79106461935
+79106461972
+79108400987
+79108401423
+79108401785
+79108401971
+79108402005
+79108403082
+79108404117
+79108404476
+79108405495
+79108405802
+79806404098
+79806404099
+79806404102
+79806404103
+79806404104
+79806404105
+79806404106
+79806404107
+79806404108
+79806404109
+79108300843
+79108300921
+79108301287
+79108301314
+79108301369
+79108301386
+79108301427
+79108301437
+79108301445
+79108301474
+79157200857
+79157201134
+79157201285
+79157201472
+79157201632
+79157202010
+79157202024
+79157202059
+79157202241
+79157202552
+79190600437
+79190600751
+79190601036
+79190601079
+79190601129
+79190602036
+79190602418
+79190602507
+79190602563
+79190602820
+79157001162
+79157001267
+79157001268
+79157001284
+79157001291
+79157001302
+79157001390
+79157001409
+79157001417
+79157001426
+79806404098
+79806404099
+79806404102
+79806404103
+79806404104
+79806404105
+79806404106
+79806404107
+79806404108
+79806404109
+79106461237
+79106461353
+79106461422
+79106461480
+79106461552
+79106461791
+79106461806
+79106461897
+79106461935
+79106461972
+79190600437
+79190600751
+79190601036
+79190601079
+79190601129
+79190602036
+79190602418
+79190602507
+79190602563
+79190602820
+79806301121
+79806301322
+79806305594
+79806305596
+79806305612
+79806305651
+79806305680
+79806305685
+79806305691
+79806305700
+79157001162
+79157001267
+79157001268
+79157001284
+79157001291
+79157001302
+79157001390
+79157001409
+79157001417
+79157001426
+79190600437
+79190600751
+79190601036
+79190601079
+79190601129
+79190602036
+79190602418
+79190602507
+79190602563
+79190602820
+79806301121
+79806301322
+79806305594
+79806305596
+79806305612
+79806305651
+79806305680
+79806305685
+79806305691
+79806305700
+79105317427
+79105317499
+79105317501
+79105317502
+79105317503
+79105317505
+79105317506
+79105317507
+79105317510
+79105317511
+79157001162
+79157001267
+79157001268
+79157001284
+79157001291
+79157001302
+79157001390
+79157001409
+79157001417
+79157001426
+79108300843
+79108300921
+79108301287
+79108301314
+79108301369
+79108301386
+79108301427
+79108301437
+79108301445
+79108301474
+79806301121
+79806301322
+79806305594
+79806305596
+79806305612
+79806305651
+79806305680
+79806305685
+79806305691
+79806305700
+79108300843
+79108300921
+79108301287
+79108301314
+79108301369
+79108301386
+79108301427
+79108301437
+79108301445
+79108301474
+79109301048
+79109301062
+79109301070
+79109301102
+79109301127
+79109301147
+79109301294
+79109301319
+79109301446
+79109301452
+79106401546
+79106401806
+79106402071
+79106403623
+79106408338
+79106409965
+79190503390
+79190503425
+79190503430
+79190503447
+79157200857
+79157201134
+79157201285
+79157201472
+79157201632
+79157202010
+79157202024
+79157202059
+79157202241
+79157202552
+79157100854
+79157100974
+79157101309
+79157101337
+79157101338
+79157101343
+79157101345
+79157101348
+79157101373
+79157101378
+79806301121
+79806301322
+79806305594
+79806305596
+79806305612
+79806305651
+79806305680
+79806305685
+79806305691
+79806305700
+79190600437
+79190600751
+79190601036
+79190601079
+79190601129
+79190602036
+79190602418
+79190602507
+79190602563
+79190602820
+79157400695
+79157402285
+79157403589
+79157403669
+79157403747
+79157403799
+79157403801
+79157403803
+79157403823
+79157403851
+79806217903
+79806218423
+79806218444
+79806218457
+79806218460
+79806218517
+79806218527
+79806218569
+79806218593
+79806218631
+79806301121
+79806301322
+79806305594
+79806305596
+79806305612
+79806305651
+79806305680
+79806305685
+79806305691
+79806305700
+79157100854
+79157100974
+79157101309
+79157101337
+79157101338
+79157101343
+79157101345
+79157101348
+79157101373
+79157101378
+79806301121
+79806301322
+79806305594
+79806305596
+79806305612
+79806305651
+79806305680
+79806305685
+79806305691
+79806305700
+79157100854
+79157100974
+79157101309
+79157101337
+79157101338
+79157101343
+79157101345
+79157101348
+79157101373
+79157101378
+79806404098
+79806404099
+79806404102
+79806404103
+79806404104
+79806404105
+79806404106
+79806404107
+79806404108
+79806404109
+79190503390
+79190503425
+79190503430
+79190503447
+79190503451
+79190503464
+79190503475
+79190503481
+79190503483
+79190503493
+79106461237
+79106461353
+79106461422
+79106461480
+79106461552
+79106461791
+79106461806
+79106461897
+79106461935
+79106461972
+79157301037
+79157301038
+79157301045
+79157301076
+79157301106
+79157301110
+79157301113
+79157301114
+79157301115
+79157301117
+79108300843
+79108300921
+79108301287
+79108301314
+79108301369
+79108301386
+79108301427
+79108301437
+79108301445
+79108301474
+79157001162
+79157001267
+79157001268
+79157001284
+79157001291
+79157001302
+79157001390
+79157001409
+79157001417
+79157001426
+79806404098
+79806404099
+79806404102
+79806404103
+79806404104
+79806404105
+79806404106
+79806404107
+79806404108
+79806404109
+79806404098
+79806404099
+79806404102
+79806404103
+79806404104
+79806404105
+79806404106
+79806404107
+79806404108
+79806404109
+79806217903
+79806218423
+79806218444
+79806218457
+79806218460
+79806218517
+79806218527
+79806218569
+79806218593
+79806218631
+79105317427
+79105317499
+79105317501
+79105317502
+79105317503
+79105317505
+79105317506
+79105317507
+79105317510
+79105317511
+79105317427
+79105317499
+79105317501
+79105317502
+79105317503
+79105317505
+79105317506
+79105317507
+79105317510
+79105317511
+79106461237
+79106461353
+79106461422
+79106461480
+79106461552
+79106461791
+79106461806
+79106461897
+79106461935
+79106461972
+79806404098
+79806404099
+79806404102
+79806404103
+79806404104
+79806404105
+79806404106
+79806404107
+79806404108
+79806404109
+79806301121
+79806301322
+79806305594
+79806305596
+79806305612
+79806305651
+79806305680
+79806305685
+79806305691
+79806305700
+79106461237
+79106461353
+79106461422
+79106461480
+79106461552
+79106461791
+79106461806
+79106461897
+79106461935
+79106461972
+79157100854
+79157100974
+79157101309
+79157101337
+79157101338
+79157101343
+79157101345
+79157101348
+79157101373
+79157101378
+79157400695
+79157402285
+79157403589
+79157403669
+79157403747
+79157403799
+79157403801
+79157403803
+79157403823
+79157403851
+79190600437
+79190600751
+79190601036
+79190601079
+79190601129
+79190602036
+79190602418
+79190602507
+79190602563
+79190602820
+79157301037
+79157301038
+79157301045
+79157301076
+79157301106
+79157301110
+79157301113
+79157301114
+79157301115
+79157301117
+79806217903
+79806218423
+79806218444
+79806218457
+79806218460
+79806218517
+79806218527
+79806218569
+79806218593
+79806218631
+79106401546
+79106401806
+79106402071
+79106403623
+79106408338
+79106409965
+79157301037
+79157301038
+79157301045
+79157301076
+79105317427
+79105317499
+79105317501
+79105317502
+79105317503
+79105317505
+79105317506
+79105317507
+79105317510
+79105317511
+79157001162
+79157001267
+79157001268
+79157001284
+79157001291
+79157001302
+79157001390
+79157001409
+79157001417
+79157001426
+79806301121
+79806301322
+79806305594
+79806305596
+79806305612
+79806305651
+79806305680
+79806305685
+79806305691
+79806305700
+79190503390
+79190503425
+79190503430
+79190503447
+79190503451
+79190503464
+79190503475
+79190503481
+79190503483
+79190503493
+79108400987
+79108401423
+79108401785
+79108401971
+79108402005
+79108403082
+79108404117
+79108404476
+79108405495
+79108405802
+79109301048
+79109301062
+79109301070
+79109301102
+79109301127
+79109301147
+79109301294
+79109301319
+79109301446
+79109301452
+79157001162
+79157001267
+79157001268
+79157001284
+79157001291
+79157001302
+79157001390
+79157001409
+79157001417
+79157001426
+79105317427
+79105317499
+79105317501
+79105317502
+79105317503
+79105317505
+79105317506
+79105317507
+79105317510
+79105317511
+79157301037
+79157301038
+79157301045
+79157301076
+79157301106
+79157301110
+79157301113
+79157301114
+79157301115
+79157301117
+79157301037
+79157301038
+79157301045
+79157301076
+79157301106
+79157301110
+79157301113
+79157301114
+79157301115
+79157301117
+79157001162
+79157001267
+79157001268
+79157001284
+79157001291
+79157001302
+79157001390
+79157001409
+79157001417
+79157001426
+79105317427
+79105317499
+79105317501
+79105317502
+79105317503
+79105317505
+79105317506
+79105317507
+79105317510
+79105317511
+79806404098
+79806404099
+79806404102
+79806404103
+79806404104
+79806404105
+79806404106
+79806404107
+79806404108
+79806404109
+79105317427
+79105317499
+79105317501
+79105317502
+79105317503
+79105317505
+79105317506
+79105317507
+79105317510
+79105317511
+79109301048
+79109301062
+79109301070
+79109301102
+79109301127
+79109301147
+79109301294
+79109301319
+79109301446
+79109301452
+79108300843
+79108300921
+79108301287
+79108301314
+79108301369
+79108301386
+79108301427
+79108301437
+79108301445
+79108301474
+79190600437
+79190600751
+79190601036
+79190601079
+79190601129
+79190602036
+79190602418
+79190602507
+79190602563
+79190602820
+79806404098
+79806404099
+79806404102
+79806404103
+79806404104
+79806404105
+79806404106
+79806404107
+79806404108
+79806404109
+79190600437
+79190600751
+79190601036
+79190601079
+79190601129
+79190602036
+79190602418
+79190602507
+79190602563
+79190602820
+79157001162
+79157001267
+79157001268
+79157001284
+79157001291
+79157001302
+79157001390
+79157001409
+79157001417
+79157001426
+79106401546
+79106401806
+79106402071
+79106403623
+79106408338
+79106409965
+79108300843
+79108300921
+79108301287
+79108301314
+79106461237
+79106461353
+79106461422
+79106461480
+79106461552
+79106461791
+79106461806
+79106461897
+79106461935
+79106461972
+79157200857
+79157201134
+79157201285
+79157201472
+79157201632
+79157202010
+79157202024
+79157202059
+79157202241
+79157202552
+79105317427
+79105317499
+79105317501
+79105317502
+79105317503
+79105317505
+79105317506
+79105317507
+79105317510
+79105317511
+79157400695
+79157402285
+79157403589
+79157403669
+79157403747
+79157403799
+79157403801
+79157403803
+79157403823
+79157403851
+79806301121
+79806301322
+79806305594
+79806305596
+79806305612
+79806305651
+79806305680
+79806305685
+79806305691
+79806305700
+79157400695
+79157402285
+79157403589
+79157403669
+79157403747
+79157403799
+79157403801
+79157403803
+79157403823
+79157403851
+79157301037
+79157301038
+79157301045
+79157301076
+79157301106
+79157301110
+79157301113
+79157301114
+79157301115
+79157301117
+79806217903
+79806218423
+79806218444
+79806218457
+79806218460
+79806218517
+79806218527
+79806218569
+79806218593
+79806218631
+79109301048
+79109301062
+79109301070
+79109301102
+79109301127
+79109301147
+79109301294
+79109301319
+79109301446
+79109301452
+79108400987
+79108401423
+79108401785
+79108401971
+79108402005
+79108403082
+79108404117
+79108404476
+79108405495
+79108405802
+79157301037
+79157301038
+79157301045
+79157301076
+79157301106
+79157301110
+79157301113
+79157301114
+79157301115
+79157301117
+79105317427
+79105317499
+79105317501
+79105317502
+79105317503
+79105317505
+79105317506
+79105317507
+79105317510
+79105317511
+79190503390
+79190503425
+79190503430
+79190503447
+79190503451
+79190503464
+79190503475
+79190503481
+79190503483
+79190503493
+79806404098
+79806404099
+79806404102
+79806404103
+79806404104
+79806404105
+79806404106
+79806404107
+79806404108
+79806404109
+79157001162
+79157001267
+79157001268
+79157001284
+79157001291
+79157001302
+79157001390
+79157001409
+79157001417
+79157001426
+79106461237
+79106461353
+79106461422
+79106461480
+79106461552
+79106461791
+79106461806
+79106461897
+79106461935
+79106461972
+79806404098
+79806404099
+79806404102
+79806404103
+79806404104
+79806404105
+79806404106
+79806404107
+79806404108
+79806404109
+79806301121
+79806301322
+79806305594
+79806305596
+79806305612
+79806305651
+79806305680
+79806305685
+79806305691
+79806305700
+79157001162
+79157001267
+79157001268
+79157001284
+79157001291
+79157001302
+79157001390
+79157001409
+79157001417
+79157001426
+79157100854
+79157100974
+79157101309
+79157101337
+79157101338
+79157101343
+79157101345
+79157101348
+79157101373
+79157101378
+79157400695
+79157402285
+79157403589
+79157403669
+79157403747
+79157403799
+79157403801
+79157403803
+79157403823
+79157403851
+79105317427
+79105317499
+79105317501
+79105317502
+79105317503
+79105317505
+79105317506
+79105317507
+79105317510
+79105317511
+79109301048
+79109301062
+79109301102
+79109301127
+79109301147
+79109301294
+79109301319
+79109301446
+79109301452
+79109301457
+79109301048
+79109301062
+79109301102
+79109301127
+79109301147
+79109301294
+79109301319
+79109301446
+79109301452
+79109301457
+79106401546
+79106401806
+79106402071
+79106403623
+79106408338
+79106409965
+79806404098
+79806404099
+79806404102
+79806404103
+79157301037
+79157301038
+79157301045
+79157301076
+79157301106
+79157301110
+79157301113
+79157301114
+79157301115
+79157301117
+79190503390
+79190503425
+79190503430
+79190503447
+79190503451
+79190503464
+79190503475
+79190503481
+79190503483
+79190503493
+79190600437
+79190600751
+79190601036
+79190601079
+79190601129
+79190602036
+79190602418
+79190602507
+79190602563
+79190602820
+79106401546
+79106401806
+79106402071
+79106403623
+79106408338
+79106409965
+79190600437
+79190600751
+79190601036
+79190601079
+79108300843
+79108300921
+79108301287
+79108301314
+79108301369
+79108301386
+79108301427
+79108301437
+79108301445
+79108301474
+79106401546
+79106401806
+79106402071
+79106403623
+79106408338
+79106409965
+79157301037
+79157301038
+79157301045
+79157301076
+79109301048
+79109301062
+79109301102
+79109301127
+79109301147
+79109301294
+79109301319
+79109301446
+79109301452
+79109301457
+79157400695
+79157402285
+79157403589
+79157403669
+79157403747
+79157403799
+79157403801
+79157403803
+79157403823
+79157403851
+79157001162
+79157001267
+79157001268
+79157001284
+79157001291
+79157001302
+79157001390
+79157001409
+79157001417
+79157001426
+79190503390
+79190503425
+79190503430
+79190503447
+79190503451
+79190503464
+79190503475
+79190503481
+79190503483
+79190503493
+79106461237
+79106461353
+79106461422
+79106461480
+79106461552
+79106461791
+79106461806
+79106461897
+79106461935
+79106461972
+79157400695
+79157402285
+79157403589
+79157403669
+79157403747
+79157403799
+79157403801
+79157403803
+79157403823
+79157403851
+79806217903
+79806218423
+79806218444
+79806218457
+79806218460
+79806218517
+79806218527
+79806218569
+79806218593
+79806218631
+79108400987
+79108401423
+79108401785
+79108401971
+79108402005
+79108403082
+79108404117
+79108404476
+79108405495
+79108405802
+79157301037
+79157301038
+79157301045
+79157301076
+79157301106
+79157301110
+79157301113
+79157301114
+79157301115
+79157301117
+79157001162
+79157001267
+79157001268
+79157001284
+79157001291
+79157001302
+79157001390
+79157001409
+79157001417
+79157001426
+79157100854
+79157100974
+79157101309
+79157101337
+79157101338
+79157101343
+79157101345
+79157101348
+79157101373
+79157101378
+79106461237
+79106461353
+79106461422
+79106461480
+79106461552
+79106461791
+79106461806
+79106461897
+79106461935
+79106461972
+79106461237
+79106461353
+79106461422
+79106461480
+79106461552
+79106461791
+79106461806
+79106461897
+79106461935
+79106461972
+79157001162
+79157001267
+79157001268
+79157001284
+79157001291
+79157001302
+79157001390
+79157001409
+79157001417
+79157001426
+79157301037
+79157301038
+79157301045
+79157301076
+79157301106
+79157301110
+79157301113
+79157301114
+79157301115
+79157301117
+79105317427
+79105317499
+79105317501
+79105317502
+79105317503
+79105317505
+79105317506
+79105317507
+79105317510
+79105317511
+79806301121
+79806301322
+79806305594
+79806305596
+79806305612
+79806305651
+79806305680
+79806305685
+79806305691
+79806305700
+79109301048
+79109301062
+79109301102
+79109301127
+79109301147
+79109301294
+79109301319
+79109301446
+79109301452
+79109301457
+79109301048
+79109301062
+79109301102
+79109301127
+79109301147
+79109301294
+79109301319
+79109301446
+79109301452
+79109301457
+79105317427
+79105317499
+79105317501
+79105317502
+79105317503
+79105317505
+79105317506
+79105317507
+79105317510
+79105317511
+79190600437
+79190600751
+79190601036
+79190601079
+79190601129
+79190602036
+79190602418
+79190602507
+79190602563
+79190602820
+79106461237
+79106461353
+79106461422
+79106461480
+79106461552
+79106461791
+79106461806
+79106461897
+79106461935
+79106461972
+79105317427
+79105317499
+79105317501
+79105317502
+79105317503
+79105317505
+79105317506
+79105317507
+79105317510
+79105317511
+79157100854
+79157100974
+79157101309
+79157101337
+79157101338
+79157101343
+79157101345
+79157101348
+79157101373
+79157101378
+79190503390
+79190503425
+79190503430
+79190503447
+79190503451
+79190503464
+79190503475
+79190503481
+79190503483
+79190503493
+79109301048
+79109301062
+79109301102
+79109301127
+79109301147
+79109301294
+79109301319
+79109301446
+79109301452
+79109301457
+79806301121
+79806301322
+79806305594
+79806305596
+79806305612
+79806305651
+79806305680
+79806305685
+79806305691
+79806305700
+79157301037
+79157301038
+79157301045
+79157301076
+79157301106
+79157301110
+79157301113
+79157301114
+79157301115
+79157301117
+79190503390
+79190503425
+79190503430
+79190503447
+79190503451
+79190503464
+79190503475
+79190503481
+79190503483
+79190503493
+79106461237
+79106461353
+79106461422
+79106461480
+79106461552
+79106461791
+79106461806
+79106461897
+79106461935
+79106461972
+79806404098
+79806404099
+79806404102
+79806404103
+79806404104
+79806404105
+79806404106
+79806404107
+79806404108
+79806404109
+79157001162
+79157001267
+79157001268
+79157001284
+79157001291
+79157001302
+79157001390
+79157001409
+79157001417
+79157001426
+79105317427
+79105317499
+79105317501
+79105317502
+79105317503
+79105317505
+79105317506
+79105317507
+79105317510
+79105317511
+79106461237
+79106461353
+79106461422
+79106461480
+79106461552
+79106461791
+79106461806
+79106461897
+79106461935
+79106461972
+79109301048
+79109301062
+79109301102
+79109301127
+79109301147
+79109301294
+79109301319
+79109301446
+79109301452
+79109301457
+79108300843
+79108300921
+79108301287
+79108301314
+79108301369
+79108301386
+79108301427
+79108301437
+79108301445
+79108301474
+79108400987
+79108401423
+79108401785
+79108401971
+79108402005
+79108403082
+79108404117
+79108404476
+79108405495
+79108405802
+79806404098
+79806404099
+79806404102
+79806404103
+79806404104
+79806404105
+79806404106
+79806404107
+79806404108
+79806404109
+79106461237
+79106461353
+79106461422
+79106461480
+79106461552
+79106461791
+79106461806
+79106461897
+79106461935
+79106461972
