+79199300959
+79199301238
+79199301368
+79199301688
+79199302455
+79199302528
+79199303475
+79199303571
+79199304470
+79199304502
+79829200176
+79829200626
+79829201213
+79829202125
+79829202369
+79829202379
+79829202563
+79829202621
+79829202696
+79829202779
+79829299081
+79829299644
+79827800958
+79827801512
+79827801655
+79827801711
+79827802089
+79827802547
+79827802582
+79827803151
+79199500268
+79199500327
+79199500629
+79199500841
+79199501420
+79199501571
+79199501709
+79199501752
+79199501855
+79199501867
+79129915925
+79129916943
+79129918985
+79129919871
+79129920946
+79129920962
+79129920965
+79129920968
+79129920975
+79129920982
+79827701013
+79827701043
+79827701046
+79827701185
+79827701998
+79827702110
+79827702129
+79827702139
+79827702150
+79827702576
+79829101257
+79829101291
+79829101345
+79829102809
+79829103096
+79829103649
+79829103709
+79829103879
+79829104331
+79829105409
+79123901076
+79123901289
+79123902053
+79123902116
+79123902987
+79123904119
+79123904231
+79123904240
+79123904249
+79123904656
+79199300959
+79199301238
+79199301368
+79199301688
+79199302455
+79199302528
+79199303475
+79199303571
+79199304470
+79199304502
+79829299081
+79829299644
+79829610630
+79829611208
+79829611216
+79829611230
+79829611284
+79829611360
+79829611450
+79829611525
+79829001673
+79829001701
+79829001925
+79829002186
+79829002946
+79829003785
+79829004057
+79829004367
+79829004453
+79829004764
+79199400635
+79199401076
+79199401982
+79199402159
+79199402249
+79199402382
+79199402418
+79199402516
+79199402529
+79199402564
+79199300959
+79199301238
+79199301368
+79199301688
+79199302455
+79199302528
+79199303475
+79199303571
+79199304470
+79199304502
+79829200176
+79829200626
+79829201213
+79829202125
+79829202369
+79829202379
+79829202563
+79829202621
+79829202696
+79829202779
+79829299081
+79829299644
+79829001673
+79829001701
+79829001925
+79829002186
+79829002946
+79829003785
+79829004057
+79829004367
+79827701013
+79827701043
+79827701046
+79827701185
+79827701998
+79827702110
+79827702129
+79827702139
+79827702150
+79827702576
+79129207262
+79129207780
+79129207875
+79129208386
+79129208437
+79129208580
+79129209830
+79129221439
+79129221505
+79129221508
+79199300959
+79199301238
+79199301368
+79199301688
+79199302455
+79199302528
+79199303475
+79199303571
+79199304470
+79199304502
+79827701013
+79827701043
+79827701046
+79827701185
+79827701998
+79827702110
+79827702129
+79827702139
+79827702150
+79827702576
+79827701013
+79827701043
+79827701046
+79827701185
+79827701998
+79827702110
+79827702129
+79827702139
+79827702150
+79827702576
+79829001673
+79829001701
+79829001925
+79829002186
+79829002946
+79829003785
+79829004057
+79829004367
+79829004453
+79829004764
+79199300959
+79199301238
+79199301368
+79199301688
+79199302455
+79199302528
+79199303475
+79199303571
+79199304470
+79199304502
+79199300959
+79199301238
+79199301368
+79199301688
+79199302455
+79199302528
+79199303475
+79199303571
+79199304470
+79199304502
+79829801759
+79829801821
+79829801837
+79829801917
+79829802095
+79829802327
+79829802493
+79829802529
+79829802758
+79829803068
+79829101257
+79829101291
+79829101345
+79829102809
+79829103096
+79829103649
+79829103709
+79829103879
+79829104331
+79829105409
+79829610630
+79829611208
+79829611216
+79829611230
+79829611284
+79829611360
+79829611450
+79829611525
+79829611653
+79829611665
+79129207262
+79129207780
+79129207875
+79129208386
+79129208437
+79129208580
+79129209830
+79129221439
+79129221505
+79129221508
+79199300959
+79199301238
+79199301368
+79199301688
+79199302455
+79199302528
+79199303475
+79199303571
+79199304470
+79199304502
+79829801759
+79829801821
+79829801837
+79829801917
+79829802095
+79829802327
+79829802493
+79829802529
+79829802758
+79829803068
+79129915925
+79129916943
+79129918985
+79129919871
+79129920946
+79129920962
+79129920965
+79129920968
+79129920975
+79129920982
+79123825855
+79123825857
+79123825891
+79123825897
+79123825912
+79123825914
+79123825974
+79123826009
+79123826039
+79123826046
+79829400870
+79829401053
+79829401376
+79829401601
+79829402088
+79829402268
+79829402535
+79829402562
+79829402682
+79829402689
+79199400635
+79199401076
+79199401982
+79199402159
+79199402249
+79199402382
+79199402418
+79199402516
+79199402529
+79199402564
+79129915925
+79129916943
+79129918985
+79129919871
+79129920946
+79129920962
+79129920965
+79129920968
+79129920975
+79129920982
+79829299081
+79829299644
+79129207262
+79129207780
+79129207875
+79129208386
+79129208437
+79129208580
+79129209830
+79129221439
+79129915925
+79129916943
+79129918985
+79129919871
+79129920946
+79129920962
+79129920965
+79129920968
+79129920975
+79129920982
+79829801759
+79829801821
+79829801837
+79829801917
+79829802095
+79829802327
+79829802493
+79829802529
+79829802758
+79829803068
+79827701013
+79827701043
+79827701046
+79827701185
+79827701998
+79827702110
+79827702129
+79827702139
+79827702150
+79827702576
+79829700626
+79829700824
+79829700923
+79829701980
+79829702060
+79829702542
+79829702664
+79829702733
+79829703260
+79829703547
+79829801759
+79829801821
+79829801837
+79829801917
+79829802095
+79829802327
+79829802493
+79829802529
+79829802758
+79829803068
+79129207262
+79129207780
+79129207875
+79129208386
+79129208437
+79129208580
+79129209830
+79129221439
+79129221505
+79129221508
+79129915925
+79129916943
+79129918985
+79129919871
+79129920946
+79129920962
+79129920965
+79129920968
+79129920975
+79129920982
+79829200176
+79829200626
+79829201213
+79829202125
+79829202369
+79829202379
+79829202563
+79829202621
+79829202696
+79829202779
+79829101257
+79829101291
+79829101345
+79829102809
+79829103096
+79829103649
+79829103709
+79829103879
+79829104331
+79829105409
+79827701013
+79827701043
+79827701046
+79827701185
+79827701998
+79827702110
+79827702129
+79827702139
+79827702150
+79827702576
+79129207262
+79129207780
+79129207875
+79129208386
+79129208437
+79129208580
+79129209830
+79129221439
+79129221505
+79129221508
+79829300763
+79829302059
+79829302103
+79829302171
+79829302241
+79829302275
+79829302319
+79829302326
+79829302384
+79829302445
+79829001673
+79829001701
+79829001925
+79829002186
+79829002946
+79829003785
+79829004057
+79829004367
+79829004453
+79829004764
+79829200176
+79829200626
+79829201213
+79829202125
+79829202369
+79829202379
+79829202563
+79829202621
+79829202696
+79829202779
+79199201976
+79199202130
+79199202388
+79199202410
+79199202485
+79199202490
+79199202541
+79199202559
+79199202576
+79199202588
+79199300959
+79199301238
+79199301368
+79199301688
+79199302455
+79199302528
+79199303475
+79199303571
+79199304470
+79199304502
+79829610630
+79829611208
+79829611216
+79829611230
+79829611284
+79829611360
+79829611450
+79829611525
+79829611653
+79829611665
+79821300319
+79821300408
+79821300481
+79821300523
+79821300542
+79821300584
+79821300586
+79821300592
+79821300628
+79821300682
+79829300763
+79829302059
+79829302103
+79829302171
+79829302241
+79829302275
+79829302319
+79829302326
+79829302384
+79829302445
+79827800958
+79827801512
+79827801655
+79827801711
+79827802089
+79827802547
+79827802582
+79827803151
+79827803379
+79827803492
+79829001673
+79829001701
+79829001925
+79829002186
+79829002946
+79829003785
+79829004057
+79829004367
+79829004453
+79829004764
+79129207262
+79129207780
+79129207875
+79129208386
+79129208437
+79129208580
+79129209830
+79129221439
+79129221505
+79129221508
+79829101257
+79829101291
+79829101345
+79829102809
+79829103096
+79829103649
+79829103709
+79829103879
+79829104331
+79829105409
+79123901076
+79123901289
+79123902053
+79123902116
+79123902987
+79123904119
+79123904231
+79123904240
+79123904249
+79123904656
+79829400870
+79829401053
+79829401376
+79829401601
+79829402088
+79829402268
+79829402535
+79829402562
+79829402682
+79829402689
+79829400870
+79829401053
+79829401376
+79829401601
+79829402088
+79829402268
+79829402535
+79829402562
+79829402682
+79829402689
+79829801759
+79829801821
+79829801837
+79829801917
+79829802095
+79829802327
+79829802493
+79829802529
+79829802758
+79829803068
+79829200176
+79829200626
+79829201213
+79829202125
+79829202369
+79829202379
+79829202563
+79829202621
+79829202696
+79829202779
+79199400635
+79199401076
+79199401982
+79199402159
+79199402249
+79199402382
+79199402418
+79199402516
+79199402529
+79199402564
+79199500268
+79199500327
+79199500629
+79199500841
+79199501420
+79199501571
+79199501709
+79199501752
+79199501855
+79199501867
+79199300959
+79199301238
+79199301368
+79199301688
+79199302455
+79199302528
+79199303475
+79199303571
+79199304470
+79199304502
+79827800958
+79827801512
+79827801655
+79827801711
+79827802089
+79827802547
+79827802582
+79827803151
+79827803379
+79827803492
+79199201976
+79199202130
+79199202388
+79199202410
+79199202485
+79199202490
+79199202541
+79199202559
+79199202576
+79199202588
+79199400635
+79199401076
+79199401982
+79199402159
+79199402249
+79199402382
+79199402418
+79199402516
+79199402529
+79199402564
+79829299081
+79829299644
+79123825855
+79123825857
+79123825891
+79123825897
+79123825912
+79123825914
+79123825974
+79123826009
+79199400635
+79199401076
+79199401982
+79199402159
+79199402249
+79199402382
+79199402418
+79199402516
+79199402529
+79199402564
+79829299081
+79829299644
+79827701013
+79827701043
+79827701046
+79827701185
+79827701998
+79827702110
+79827702129
+79827702139
+79199300959
+79199301238
+79199301368
+79199301688
+79199302455
+79199302528
+79199303475
+79199303571
+79199304470
+79199304502
+79829400870
+79829401053
+79829401376
+79829401601
+79829402088
+79829402268
+79829402535
+79829402562
+79829402682
+79829402689
+79829300763
+79829302059
+79829302103
+79829302171
+79829302241
+79829302275
+79829302319
+79829302326
+79829302384
+79829302445
+79829700626
+79829700824
+79829700923
+79829701980
+79829702060
+79829702542
+79829702664
+79829702733
+79829703260
+79829703547
+79829101257
+79829101291
+79829101345
+79829102809
+79829103096
+79829103649
+79829103709
+79829103879
+79829104331
+79829105409
+79829801759
+79829801821
+79829801837
+79829801917
+79829802095
+79829802327
+79829802493
+79829802529
+79829802758
+79829803068
+79123825855
+79123825857
+79123825891
+79123825897
+79123825912
+79123825914
+79123825974
+79123826009
+79123826039
+79123826046
+79821300319
+79821300408
+79821300481
+79821300523
+79821300542
+79821300584
+79821300586
+79821300592
+79821300628
+79821300682
+79827701013
+79827701043
+79827701046
+79827701185
+79827701998
+79827702110
+79827702129
+79827702139
+79827702150
+79827702576
+79829400870
+79829401053
+79829401376
+79829401601
+79829402088
+79829402268
+79829402535
+79829402562
+79829402682
+79829402689
+79199500268
+79199500327
+79199500629
+79199500841
+79199501420
+79199501571
+79199501709
+79199501752
+79199501855
+79199501867
+79829610630
+79829611208
+79829611216
+79829611230
+79829611284
+79829611360
+79829611450
+79829611525
+79829611653
+79829611665
+79829001673
+79829001701
+79829001925
+79829002186
+79829002946
+79829003785
+79829004057
+79829004367
+79829004453
+79829004764
+79829801759
+79829801821
+79829801837
+79829801917
+79829802095
+79829802327
+79829802493
+79829802529
+79829802758
+79829803068
+79827701013
+79827701043
+79827701046
+79827701185
+79827701998
+79827702110
+79827702129
+79827702139
+79827702150
+79827702576
+79123825855
+79123825857
+79123825891
+79123825897
+79123825912
+79123825914
+79123825974
+79123826009
+79123826039
+79123826046
+79129915925
+79129916943
+79129918985
+79129919871
+79129920946
+79129920962
+79129920965
+79129920968
+79129920975
+79129920982
+79199500268
+79199500327
+79199500629
+79199500841
+79199501420
+79199501571
+79199501709
+79199501752
+79199501855
+79199501867
+79829610630
+79829611208
+79829611216
+79829611230
+79829611284
+79829611360
+79829611450
+79829611525
+79829611653
+79829611665
+79199400635
+79199401076
+79199401982
+79199402159
+79199402249
+79199402382
+79199402418
+79199402516
+79199402529
+79199402564
+79821300319
+79821300408
+79821300481
+79821300523
+79821300542
+79821300584
+79821300586
+79821300592
+79821300628
+79821300682
+79827701013
+79827701043
+79827701046
+79827701185
+79827701998
+79827702110
+79827702129
+79827702139
+79827702150
+79827702576
+79123901289
+79123902053
+79123902116
+79123902987
+79123904119
+79123904231
+79123904240
+79123904249
+79123904656
+79123904752
+79829101257
+79829101291
+79829101345
+79829102809
+79829103096
+79829103649
+79829103709
+79829103879
+79829104331
+79829105409
+79199300959
+79199301238
+79199301368
+79199301688
+79199302455
+79199302528
+79199303475
+79199303571
+79199304470
+79199304502
+79829299081
+79829299644
+79129915925
+79129916943
+79129918985
+79129919871
+79129920946
+79129920962
+79129920965
+79129920968
+79829101257
+79829101291
+79829101345
+79829102809
+79829103096
+79829103649
+79829103709
+79829103879
+79829104331
+79829105409
+79199201976
+79199202130
+79199202388
+79199202410
+79199202485
+79199202490
+79199202541
+79199202559
+79199202576
+79199202588
+79123825855
+79123825857
+79123825891
+79123825897
+79123825912
+79123825914
+79123825974
+79123826009
+79123826039
+79123826046
+79827800958
+79827801512
+79827801655
+79827801711
+79827802089
+79827802547
+79827802582
+79827803151
+79827803379
+79827803492
+79123901289
+79123902053
+79123902116
+79123902987
+79123904119
+79123904231
+79123904240
+79123904249
+79123904656
+79123904752
+79123825855
+79123825857
+79123825891
+79123825897
+79123825912
+79123825914
+79123825974
+79123826009
+79123826039
+79123826046
+79199201976
+79199202130
+79199202388
+79199202410
+79199202485
+79199202490
+79199202541
+79199202559
+79199202576
+79199202588
+79129915925
+79129916943
+79129918985
+79129919871
+79129920946
+79129920962
+79129920965
+79129920968
+79129920975
+79129920982
+79821300319
+79821300408
+79821300481
+79821300523
+79821300542
+79821300584
+79821300586
+79821300592
+79821300628
+79821300682
+79827800958
+79827801512
+79827801655
+79827801711
+79827802089
+79827802547
+79827802582
+79827803151
+79827803379
+79827803492
+79199500268
+79199500327
+79199500629
+79199500841
+79199501420
+79199501571
+79199501709
+79199501752
+79199501855
+79199501867
+79199400635
+79199401076
+79199401982
+79199402159
+79199402249
+79199402382
+79199402418
+79199402516
+79199402529
+79199402564
+79199500268
+79199500327
+79199500629
+79199500841
+79199501420
+79199501571
+79199501709
+79199501752
+79199501855
+79199501867
+79829200176
+79829200626
+79829201213
+79829202125
+79829202369
+79829202379
+79829202563
+79829202621
+79829202696
+79829202779
+79829101257
+79829101291
+79829101345
+79829102809
+79829103096
+79829103649
+79829103709
+79829103879
+79829104331
+79829105409
+79821300319
+79821300408
+79821300481
+79821300523
+79821300542
+79821300584
+79821300586
+79821300592
+79821300628
+79821300682
+79829101257
+79829101291
+79829101345
+79829102809
+79829103096
+79829103649
+79829103709
+79829103879
+79829104331
+79829105409
+79129915925
+79129916943
+79129918985
+79129919871
+79129920946
+79129920962
+79129920965
+79129920968
+79129920975
+79129920982
+79199300959
+79199301238
+79199301368
+79199301688
+79199302455
+79199302528
+79199303475
+79199303571
+79199304470
+79199304502
+79829001673
+79829001701
+79829001925
+79829002186
+79829002946
+79829003785
+79829004057
+79829004367
+79829004453
+79829004764
+79129915925
+79129916943
+79129918985
+79129919871
+79129920946
+79129920962
+79129920965
+79129920968
+79129920975
+79129920982
+79829001673
+79829001701
+79829001925
+79829002186
+79829002946
+79829003785
+79829004057
+79829004367
+79829004453
+79829004764
+79829801759
+79829801821
+79829801837
+79829801917
+79829802095
+79829802327
+79829802493
+79829802529
+79829802758
+79829803068
+79123825855
+79123825857
+79123825891
+79123825897
+79123825912
+79123825914
+79123825974
+79123826009
+79123826039
+79123826046
+79829101257
+79829101291
+79829101345
+79829102809
+79829103096
+79829103649
+79829103709
+79829103879
+79829104331
+79829105409
+79827800958
+79827801512
+79827801655
+79827801711
+79827802089
+79827802547
+79827802582
+79827803379
+79827803492
+79827803756
+79829801759
+79829801821
+79829801837
+79829801917
+79829802095
+79829802327
+79829802493
+79829802529
+79829802758
+79829803068
+79829400870
+79829401053
+79829401376
+79829401601
+79829402088
+79829402268
+79829402535
+79829402562
+79829402682
+79829402689
+79827800958
+79827801512
+79827801655
+79827801711
+79827802089
+79827802547
+79827802582
+79827803379
+79827803492
+79827803756
+79199400635
+79199401076
+79199401982
+79199402159
+79199402249
+79199402382
+79199402418
+79199402516
+79199402529
+79199402564
+79829299081
+79829299644
+79829400870
+79829401053
+79829401376
+79829401601
+79829402088
+79829402268
+79829402535
+79829402562
+79829101257
+79829101291
+79829101345
+79829102809
+79829103096
+79829103649
+79829103709
+79829103879
+79829104331
+79829105409
+79827800958
+79827801512
+79827801655
+79827801711
+79827802089
+79827802547
+79827802582
+79827803379
+79827803492
+79827803756
+79829101257
+79829101291
+79829101345
+79829102809
+79829103096
+79829103649
+79829103709
+79829103879
+79829104331
+79829105409
+79829610630
+79829611208
+79829611216
+79829611230
+79829611284
+79829611360
+79829611450
+79829611525
+79829611653
+79829611665
+79129207262
+79129207780
+79129207875
+79129208386
+79129208437
+79129208580
+79129209830
+79129221439
+79129221505
+79129221508
+79129207262
+79129207780
+79129207875
+79129208386
+79129208437
+79129208580
+79129209830
+79129221439
+79129221505
+79129221508
+79199500268
+79199500327
+79199500629
+79199500841
+79199501420
+79199501571
+79199501709
+79199501752
+79199501855
+79199501867
+79199201976
+79199202130
+79199202388
+79199202410
+79199202485
+79199202490
+79199202541
+79199202559
+79199202576
+79199202588
+79123901289
+79123902053
+79123902116
+79123902987
+79123904119
+79123904231
+79123904240
+79123904249
+79123904656
+79123904752
+79199500268
+79199500327
+79199500629
+79199500841
+79199501420
+79199501571
+79199501709
+79199501752
+79199501855
+79199501867
+79129207262
+79129207780
+79129207875
+79129208386
+79129208437
+79129208580
+79129209830
+79129221439
+79129221505
+79129221508
+79827800958
+79827801512
+79827801655
+79827801711
+79827802089
+79827802547
+79827802582
+79827803379
+79827803492
+79827803756
+79129915925
+79129916943
+79129918985
+79129919871
+79129920946
+79129920962
+79129920965
+79129920968
+79129920975
+79129920982
+79829700626
+79829700824
+79829700923
+79829701980
+79829702060
+79829702542
+79829702664
+79829702733
+79829703260
+79829703547
+79829400870
+79829401053
+79829401376
+79829401601
+79829402088
+79829402268
+79829402535
+79829402562
+79829402682
+79829402689
+79199400635
+79199401076
+79199401982
+79199402159
+79199402249
+79199402382
+79199402418
+79199402516
+79199402529
+79199402564
+79827701013
+79827701043
+79827701046
+79827701185
+79827701998
+79827702110
+79827702129
+79827702139
+79827702150
+79827702576
+79827701013
+79827701043
+79827701046
+79827701185
+79827701998
+79827702110
+79827702129
+79827702139
+79827702150
+79827702576
+79829299081
+79829299644
+79829801759
+79829801821
+79829801837
+79829801917
+79829802095
+79829802327
+79829802493
+79829802529
+79829200176
+79829200626
+79829201213
+79829202125
+79829202369
+79829202379
+79829202563
+79829202621
+79829202696
+79829202779
+79827701013
+79827701043
+79827701046
+79827701185
+79827701998
+79827702110
+79827702129
+79827702139
+79827702150
+79827702576
+79129207262
+79129207780
+79129207875
+79129208386
+79129208437
+79129208580
+79129209830
+79129221439
+79129221505
+79129221508
+79129915925
+79129916943
+79129918985
+79129919871
+79129920946
+79129920962
+79129920965
+79129920968
+79129920975
+79129920982
+79829700626
+79829700824
+79829700923
+79829701980
+79829702060
+79829702542
+79829702664
+79829702733
+79829703260
+79829703547
+79827800958
+79827801512
+79827801655
+79827801711
+79827802089
+79827802547
+79827802582
+79827803379
+79827803492
+79827803756
+79829700626
+79829700824
+79829700923
+79829701980
+79829702060
+79829702542
+79829702664
+79829702733
+79829703260
+79829703547
+79199201976
+79199202130
+79199202388
+79199202410
+79199202485
+79199202490
+79199202541
+79199202559
+79199202576
+79199202588
+79199300959
+79199301238
+79199301368
+79199301688
+79199302455
+79199302528
+79199303475
+79199303571
+79199304470
+79199304502
+79123901289
+79123902053
+79123902116
+79123902987
+79123904119
+79123904231
+79123904240
+79123904249
+79123904656
+79123904752
+79199400635
+79199401076
+79199401982
+79199402159
+79199402249
+79199402382
+79199402418
+79199402516
+79199402529
+79199402564
+79827701013
+79827701043
+79827701046
+79827701185
+79827701998
+79827702110
+79827702129
+79827702139
+79827702150
+79827702576
+79829300763
+79829302059
+79829302103
+79829302171
+79829302241
+79829302275
+79829302319
+79829302326
+79829302384
+79829302445
+79123901289
+79123902053
+79123902116
+79123902987
+79123904119
+79123904231
+79123904240
+79123904249
+79123904656
+79123904752
+79199300959
+79199301238
+79199301368
+79199301688
+79199302455
+79199302528
+79199303475
+79199303571
+79199304470
+79199304502
+79821300319
+79821300408
+79821300481
+79821300523
+79821300542
+79821300584
+79821300586
+79821300592
+79821300628
+79821300682
+79829101257
+79829101291
+79829101345
+79829102809
+79829103096
+79829103649
+79829103709
+79829103879
+79829104331
+79829105409
+79199400635
+79199401076
+79199401982
+79199402159
+79199402249
+79199402382
+79199402418
+79199402516
+79199402529
+79199402564
+79829700626
+79829700824
+79829700923
+79829701980
+79829702060
+79829702542
+79829702664
+79829702733
+79829703260
+79829703547
+79829200176
+79829200626
+79829201213
+79829202125
+79829202369
+79829202379
+79829202563
+79829202621
+79829202696
+79829202779
+79129915925
+79129916943
+79129918985
+79129919575
+79129919871
+79129920946
+79129920962
+79129920965
+79129920968
+79129920975
+79827800958
+79827801512
+79827801655
+79827801711
+79827802089
+79827802547
+79827802582
+79827803379
+79827803492
+79827803756
+79829101257
+79829101291
+79829101345
+79829102809
+79829103096
+79829103649
+79829103709
+79829103879
+79829104331
+79829105409
+79829101257
+79829101291
+79829101345
+79829102809
+79829103096
+79829103649
+79829103709
+79829103879
+79829104331
+79829105409
+79829700626
+79829700824
+79829700923
+79829701980
+79829702060
+79829702542
+79829702664
+79829702733
+79829703260
+79829703547
+79821300319
+79821300408
+79821300481
+79821300523
+79821300542
+79821300584
+79821300586
+79821300592
+79821300628
+79821300682
+79129207262
+79129207780
+79129207875
+79129208386
+79129208437
+79129208580
+79129209830
+79129221439
+79129221505
+79129221508
+79827800958
+79827801512
+79827801655
+79827801711
+79827802089
+79827802547
+79827802582
+79827803379
+79827803492
+79827803756
+79829200176
+79829200626
+79829201213
+79829202125
+79829202369
+79829202379
+79829202563
+79829202621
+79829202696
+79829202779
+79827701013
+79827701043
+79827701046
+79827701185
+79827701998
+79827702110
+79827702129
+79827702139
+79827702150
+79827702576
+79199201976
+79199202130
+79199202388
+79199202410
+79199202485
+79199202490
+79199202541
+79199202559
+79199202576
+79199202588
+79829801759
+79829801821
+79829801837
+79829801917
+79829802095
+79829802327
+79829802493
+79829802529
+79829802758
+79829803068
+79199500268
+79199500327
+79199500629
+79199500841
+79199501420
+79199501571
+79199501709
+79199501752
+79199501855
+79199501867
+79829610630
+79829611208
+79829611216
+79829611230
+79829611284
+79829611360
+79829611450
+79829611525
+79829611653
+79829611665
+79829610630
+79829611208
+79829611216
+79829611230
+79829611284
+79829611360
+79829611450
+79829611525
+79829611653
+79829611665
+79829101257
+79829101291
+79829101345
+79829102809
+79829103096
+79829103649
+79829103709
+79829103879
+79829104331
+79829105409
+79829101257
+79829101291
+79829101345
+79829102809
+79829103096
+79829103649
+79829103709
+79829103879
+79829104331
+79829105409
+79829801759
+79829801821
+79829801837
+79829801917
+79829802095
+79829802327
+79829802493
+79829802529
+79829802758
+79829803068
+79199500268
+79199500327
+79199500629
+79199500841
+79199501420
+79199501571
+79199501709
+79199501752
+79199501855
+79199501867
+79199500268
+79199500327
+79199500629
+79199500841
+79199501420
+79199501571
+79199501709
+79199501752
+79199501855
+79199501867
+79199500268
+79199500327
+79199500629
+79199500841
+79199501420
+79199501571
+79199501709
+79199501752
+79199501855
+79199501867
+79829001673
+79829001701
+79829001925
+79829002186
+79829002946
+79829003785
+79829004057
+79829004367
+79829004453
+79829004764
+79829700626
+79829700824
+79829700923
+79829701980
+79829702060
+79829702542
+79829702664
+79829702733
+79829703260
+79829703547
+79199300959
+79199301238
+79199301368
+79199301688
+79199302455
+79199302528
+79199303475
+79199303571
+79199304470
+79199304502
+79829001673
+79829001701
+79829001925
+79829002186
+79829002946
+79829003785
+79829004057
+79829004367
+79829004453
+79829004764
+79829001673
+79829001701
+79829001925
+79829002186
+79829002946
+79829003785
+79829004057
+79829004367
+79829004453
+79829004764
+79827800958
+79827801512
+79827801655
+79827801711
+79827802089
+79827802547
+79827802582
+79827803379
+79827803492
+79827803756
+79829200176
+79829200626
+79829201213
+79829202125
+79829202369
+79829202379
+79829202563
+79829202621
+79829202696
+79829202779
+79199300959
+79199301238
+79199301368
+79199301688
+79199302455
+79199302528
+79199303475
+79199303571
+79199304470
+79199304502
+79829200176
+79829200626
+79829201213
+79829202125
+79829202369
+79829202379
+79829202563
+79829202621
+79829202696
+79829202779
+79827701013
+79827701043
+79827701046
+79827701185
+79827701998
+79827702110
+79827702129
+79827702139
+79827702150
+79827702576
+79827800958
+79827801512
+79827801655
+79827801711
+79827802089
+79827802547
+79827802582
+79827803379
+79827803492
+79827803756
+79129207262
+79129207780
+79129207875
+79129208386
+79129208437
+79129208580
+79129209830
+79129221439
+79129221505
+79129221508
+79829101257
+79829101291
+79829101345
+79829102809
+79829103096
+79829103649
+79829103709
+79829103879
+79829104331
+79829105409
+79829200176
+79829200626
+79829201213
+79829202125
+79829202369
+79829202379
+79829202563
+79829202621
+79829202696
+79829202779
+79829801759
+79829801821
+79829801837
+79829801917
+79829802095
+79829802327
+79829802493
+79829802529
+79829802758
+79829803068
+79199201976
+79199202130
+79199202388
+79199202410
+79199202485
+79199202490
+79199202541
+79199202559
+79199202576
+79199202588
+79829400870
+79829401053
+79829401376
+79829401601
+79829402088
+79829402268
+79829402535
+79829402562
+79829402682
+79829402689
+79199400635
+79199401076
+79199401982
+79199402159
+79199402249
+79199402382
+79199402418
+79199402516
+79199402529
+79199402564
+79199201976
+79199202130
+79199202388
+79199202410
+79199202485
+79199202490
+79199202541
+79199202559
+79199202576
+79199202588
+79129207262
+79129207780
+79129207875
+79129208386
+79129208437
+79129208580
+79129209830
+79129221439
+79129221505
+79129221508
+79829300763
+79829302059
+79829302103
+79829302171
+79829302241
+79829302275
+79829302319
+79829302326
+79829302384
+79829302445
+79829400870
+79829401053
+79829401376
+79829401601
+79829402088
+79829402268
+79829402535
+79829402562
+79829402682
+79829402689
+79829610630
+79829611208
+79829611216
+79829611230
+79829611284
+79829611360
+79829611450
+79829611525
+79829611653
+79829611665
+79199300959
+79199301238
+79199301368
+79199301688
+79199302455
+79199302528
+79199303475
+79199303571
+79199304470
+79199304502
+79829610630
+79829611208
+79829611216
+79829611230
+79829611284
+79829611360
+79829611450
+79829611525
+79829611653
+79829611665
+79199500268
+79199500327
+79199500629
+79199500841
+79199501420
+79199501571
+79199501709
+79199501752
+79199501855
+79199501867
+79199201976
+79199202130
+79199202388
+79199202410
+79199202485
+79199202490
+79199202541
+79199202559
+79199202576
+79199202588
+79123825855
+79123825857
+79123825891
+79123825897
+79123825912
+79123825914
+79123825974
+79123826009
+79123826039
+79123826046
+79829299081
+79829299644
+79123825855
+79123825857
+79123825891
+79123825897
+79123825912
+79123825914
+79123825974
+79123826009
+79199500268
+79199500327
+79199500629
+79199500841
+79199501420
+79199501571
+79199501709
+79199501752
+79199501855
+79199501867
+79829101257
+79829101291
+79829101345
+79829102809
+79829103096
+79829103649
+79829103709
+79829103879
+79829104331
+79829105409
+79829610630
+79829611208
+79829611216
+79829611230
+79829611284
+79829611360
+79829611450
+79829611525
+79829611653
+79829611665
+79199500268
+79199500327
+79199500629
+79199500841
+79199501420
+79199501571
+79199501709
+79199501752
+79199501855
+79199501867
+79199400635
+79199401076
+79199401982
+79199402159
+79199402249
+79199402382
+79199402418
+79199402516
+79199402529
+79199402564
+79829101257
+79829101291
+79829101345
+79829102809
+79829103096
+79829103649
+79829103709
+79829103879
+79829104331
+79829105409
+79129915925
+79129916943
+79129918985
+79129919575
+79129919871
+79129920946
+79129920962
+79129920965
+79129920968
+79129920975
+79199300959
+79199301238
+79199301368
+79199301688
+79199302455
+79199302528
+79199303475
+79199303571
+79199304470
+79199304502
+79827701013
+79827701043
+79827701046
+79827701185
+79827701998
+79827702110
+79827702129
+79827702139
+79827702150
+79827702576
+79829001673
+79829001701
+79829001925
+79829002186
+79829002946
+79829003785
+79829004057
+79829004367
+79829004453
+79829004764
+79829101257
+79829101291
+79829101345
+79829102809
+79829103096
+79829103649
+79829103709
+79829103879
+79829104331
+79829105409
+79123825855
+79123825857
+79123825891
+79123825897
+79123825912
+79123825914
+79123825974
+79123826009
+79123826039
+79123826046
+79129207262
+79129207780
+79129207875
+79129208386
+79129208437
+79129208580
+79129209830
+79129221439
+79129221505
+79129221508
+79199400635
+79199401076
+79199401982
+79199402159
+79199402249
+79199402382
+79199402418
+79199402516
+79199402529
+79199402564
+79129207262
+79129207780
+79129207875
+79129208386
+79129208437
+79129208580
+79129209830
+79129221439
+79129221505
+79129221508
+79829801759
+79829801821
+79829801837
+79829801917
+79829802095
+79829802327
+79829802493
+79829802529
+79829802758
+79829803068
+79829200176
+79829200626
+79829201213
+79829202125
+79829202369
+79829202379
+79829202563
+79829202621
+79829202696
+79829202779
+79199300959
+79199301238
+79199301368
+79199301688
+79199302455
+79199302528
+79199303475
+79199303571
+79199304470
+79199304502
+79199400635
+79199401076
+79199401982
+79199402159
+79199402249
+79199402382
+79199402418
+79199402516
+79199402529
+79199402564
+79829610630
+79829611208
+79829611216
+79829611230
+79829611284
+79829611360
+79829611450
+79829611525
+79829611653
+79829611665
+79829101257
+79829101291
+79829101345
+79829102809
+79829103096
+79829103649
+79829103709
+79829103879
+79829104331
+79829105409
+79199400635
+79199401076
+79199401982
+79199402159
+79199402249
+79199402382
+79199402418
+79199402516
+79199402529
+79199402564
+79829610630
+79829611208
+79829611216
+79829611230
+79829611284
+79829611360
+79829611450
+79829611525
+79829611653
+79829611665
+79829300763
+79829302059
+79829302103
+79829302171
+79829302241
+79829302275
+79829302319
+79829302326
+79829302384
+79829302445
+79199300959
+79199301238
+79199301368
+79199301688
+79199302455
+79199302528
+79199303475
+79199303571
+79199304470
+79199304502
+79829400870
+79829401053
+79829401376
+79829401601
+79829402088
+79829402268
+79829402535
+79829402562
+79829402682
+79829402689
+79829299081
+79829299644
+79827800958
+79827801512
+79827801655
+79827801711
+79827802089
+79827802547
+79827802582
+79827803379
+79129915925
+79129916943
+79129918985
+79129919575
+79129919871
+79129920946
+79129920962
+79129920965
+79129920968
+79129920975
+79821300319
+79821300408
+79821300481
+79821300523
+79821300542
+79821300584
+79821300586
+79821300592
+79821300628
+79821300682
+79829400870
+79829401053
+79829401376
+79829401601
+79829402088
+79829402268
+79829402535
+79829402562
+79829402682
+79829402689
+79821300319
+79821300408
+79821300481
+79821300523
+79821300542
+79821300584
+79821300586
+79821300592
+79821300628
+79821300682
+79829101257
+79829101291
+79829101345
+79829102809
+79829103096
+79829103649
+79829103709
+79829103879
+79829104331
+79829105409
+79829610630
+79829611208
+79829611216
+79829611230
+79829611284
+79829611360
+79829611450
+79829611525
+79829611653
+79829611665
+79829300763
+79829302059
+79829302103
+79829302171
+79829302241
+79829302275
+79829302319
+79829302326
+79829302384
+79829302445
+79199201976
+79199202130
+79199202388
+79199202410
+79199202485
+79199202490
+79199202541
+79199202559
+79199202576
+79199202588
+79123901289
+79123902053
+79123902116
+79123902987
+79123904119
+79123904231
+79123904240
+79123904249
+79123904656
+79123904752
+79829400870
+79829401053
+79829401376
+79829401601
+79829402088
+79829402268
+79829402535
+79829402562
+79829402682
+79829402689
+79123825855
+79123825857
+79123825891
+79123825897
+79123825912
+79123825914
+79123825974
+79123826009
+79123826039
+79123826046
+79821300319
+79821300408
+79821300481
+79821300523
+79821300542
+79821300584
+79821300586
+79821300592
+79821300628
+79821300682
+79829101257
+79829101291
+79829101345
+79829102809
+79829103096
+79829103649
+79829103709
+79829103879
+79829104331
+79829105409
+79199400635
+79199401076
+79199401982
+79199402159
+79199402249
+79199402382
+79199402418
+79199402516
+79199402529
+79199402564
+79129915925
+79129916943
+79129918985
+79129919575
+79129919871
+79129920946
+79129920962
+79129920965
+79129920968
+79129920975
+79829400870
+79829401053
+79829401376
+79829401601
+79829402088
+79829402268
+79829402535
+79829402562
+79829402682
+79829402689
+79123901289
+79123902053
+79123902116
+79123902987
+79123904119
+79123904231
+79123904240
+79123904249
+79123904656
+79123904752
+79199300959
+79199301238
+79199301368
+79199301688
+79199302455
+79199302528
+79199303475
+79199303571
+79199304470
+79199304502
+79827800958
+79827801512
+79827801655
+79827801711
+79827802089
+79827802547
+79827802582
+79827803379
+79827803492
+79827803756
+79199400635
+79199401076
+79199401982
+79199402159
+79199402249
+79199402382
+79199402418
+79199402516
+79199402529
+79199402564
+79199300959
+79199301238
+79199301368
+79199301688
+79199302455
+79199302528
+79199303475
+79199303571
+79199304470
+79199304502
+79821300319
+79821300408
+79821300481
+79821300523
+79821300542
+79821300584
+79821300586
+79821300592
+79821300628
+79821300682
+79199201976
+79199202130
+79199202388
+79199202410
+79199202485
+79199202490
+79199202541
+79199202559
+79199202576
+79199202588
+79199500268
+79199500327
+79199500629
+79199500841
+79199501420
+79199501571
+79199501709
+79199501752
+79199501855
+79199501867
+79829001673
+79829001701
+79829001925
+79829002186
+79829002946
+79829003785
+79829004057
+79829004367
+79829004453
+79829004764
+79829299081
+79829299644
+79827800958
+79827801512
+79827801655
+79827801711
+79827802089
+79827802547
+79827802582
+79827803379
+79199300959
+79199301238
+79199301368
+79199301688
+79199302455
+79199302528
+79199303475
+79199303571
+79199304470
+79199304502
+79199201976
+79199202130
+79199202388
+79199202410
+79199202485
+79199202490
+79199202541
+79199202559
+79199202576
+79199202588
+79123825855
+79123825857
+79123825891
+79123825897
+79123825912
+79123825914
+79123825974
+79123826009
+79123826039
+79123826046
+79199500268
+79199500327
+79199500629
+79199500841
+79199501420
+79199501571
+79199501709
+79199501752
+79199501855
+79199501867
+79829001673
+79829001701
+79829001925
+79829002186
+79829002946
+79829003785
+79829004057
+79829004367
+79829004453
+79829004764
+79129207262
+79129207780
+79129207875
+79129208386
+79129208437
+79129208580
+79129209830
+79129221439
+79129221505
+79129221508
+79129207262
+79129207780
+79129207875
+79129208386
+79129208437
+79129208580
+79129209830
+79129221439
+79129221505
+79129221508
+79829610630
+79829611208
+79829611216
+79829611230
+79829611284
+79829611360
+79829611450
+79829611525
+79829611653
+79829611665
+79199201976
+79199202130
+79199202388
+79199202410
+79199202485
+79199202490
+79199202541
+79199202559
+79199202576
+79199202588
+79199400635
+79199401076
+79199401982
+79199402159
+79199402249
+79199402382
+79199402418
+79199402516
+79199402529
+79199402564
+79821300319
+79821300408
+79821300481
+79821300523
+79821300542
+79821300584
+79821300586
+79821300592
+79821300628
+79821300682
+79829300763
+79829302059
+79829302103
+79829302171
+79829302241
+79829302275
+79829302319
+79829302326
+79829302384
+79829302445
+79199500268
+79199500327
+79199500629
+79199500841
+79199501420
+79199501571
+79199501709
+79199501752
+79199501855
+79199501867
+79829610630
+79829611208
+79829611216
+79829611230
+79829611284
+79829611360
+79829611450
+79829611525
+79829611653
+79829611665
+79829801746
+79829801759
+79829801821
+79829801837
+79829801917
+79829802095
+79829802327
+79829802493
+79829802529
+79829802758
+79821300319
+79821300408
+79821300481
+79821300523
+79821300542
+79821300584
+79821300586
+79821300592
+79821300628
+79821300682
+79199201976
+79199202130
+79199202388
+79199202410
+79199202485
+79199202490
+79199202541
+79199202559
+79199202576
+79199202588
+79199500268
+79199500327
+79199500629
+79199500841
+79199501420
+79199501571
+79199501709
+79199501752
+79199501855
+79199501867
+79199500268
+79199500327
+79199500629
+79199500841
+79199501420
+79199501571
+79199501709
+79199501752
+79199501855
+79199501867
+79199300959
+79199301238
+79199301368
+79199301688
+79199302455
+79199302528
+79199303475
+79199303571
+79199304470
+79199304502
+79199500268
+79199500327
+79199500629
+79199500841
+79199501420
+79199501571
+79199501709
+79199501752
+79199501855
+79199501867
+79129915925
+79129916943
+79129918985
+79129919575
+79129919871
+79129920946
+79129920962
+79129920965
+79129920968
+79129920975
+79829700626
+79829700824
+79829700923
+79829701980
+79829702060
+79829702542
+79829702664
+79829702733
+79829703260
+79829703547
+79123825855
+79123825857
+79123825891
+79123825897
+79123825912
+79123825914
+79123825974
+79123826009
+79123826039
+79123826046
+79829300763
+79829302059
+79829302103
+79829302171
+79829302241
+79829302275
+79829302319
+79829302326
+79829302384
+79829302445
+79827800958
+79827801512
+79827801655
+79827801711
+79827802089
+79827802547
+79827802582
+79827803379
+79827803492
+79827803756
+79827800958
+79827801512
+79827801655
+79827801711
+79827802089
+79827802547
+79827802582
+79827803379
+79827803492
+79827803756
+79829101257
+79829101291
+79829101345
+79829102809
+79829103096
+79829103649
+79829103709
+79829103879
+79829104331
+79829105409
+79829700626
+79829700824
+79829700923
+79829701980
+79829702060
+79829702542
+79829702664
+79829702733
+79829703260
+79829703547
+79123901289
+79123902053
+79123902116
+79123902987
+79123904119
+79123904231
+79123904240
+79123904249
+79123904656
+79123904752
+79829400870
+79829401053
+79829401376
+79829401601
+79829402088
+79829402268
+79829402535
+79829402562
+79829402682
+79829402689
+79199500268
+79199500327
+79199500629
+79199500841
+79199501420
+79199501571
+79199501709
+79199501752
+79199501855
+79199501867
+79829700626
+79829700824
+79829700923
+79829701980
+79829702060
+79829702542
+79829702664
+79829702733
+79829703260
+79829703547
+79829200176
+79829200626
+79829201213
+79829202125
+79829202369
+79829202379
+79829202563
+79829202621
+79829202696
+79829202779
+79123901289
+79123902053
+79123902116
+79123902987
+79123904119
+79123904231
+79123904240
+79123904249
+79123904656
+79123904752
+79199201976
+79199202130
+79199202388
+79199202410
+79199202485
+79199202490
+79199202541
+79199202559
+79199202576
+79199202588
+79829700626
+79829700824
+79829700923
+79829701980
+79829702060
+79829702542
+79829702664
+79829702733
+79829703260
+79829703547
+79829610630
+79829611208
+79829611216
+79829611230
+79829611284
+79829611360
+79829611450
+79829611525
+79829611653
+79829611665
+79829400870
+79829401053
+79829401376
+79829401601
+79829402088
+79829402268
+79829402535
+79829402562
+79829402682
+79829402689
+79827701013
+79827701043
+79827701046
+79827701185
+79827701998
+79827702110
+79827702129
+79827702139
+79827702150
+79827702576
+79827701013
+79827701043
+79827701046
+79827701185
+79827701998
+79827702110
+79827702129
+79827702139
+79827702150
+79827702576
+79199500268
+79199500327
+79199500629
+79199500841
+79199501420
+79199501571
+79199501709
+79199501752
+79199501855
+79199501867
+79829101257
+79829101291
+79829101345
+79829102809
+79829103096
+79829103649
+79829103709
+79829103879
+79829104331
+79829105409
+79199500268
+79199500327
+79199500629
+79199500841
+79199501420
+79199501571
+79199501709
+79199501752
+79199501855
+79199501867
+79199201976
+79199202130
+79199202388
+79199202410
+79199202485
+79199202490
+79199202541
+79199202559
+79199202576
+79199202588
+79821300319
+79821300408
+79821300481
+79821300523
+79821300542
+79821300584
+79821300586
+79821300592
+79821300628
+79821300682
+79829300763
+79829302059
+79829302103
+79829302171
+79829302241
+79829302275
+79829302319
+79829302326
+79829302384
+79829302445
+79829300763
+79829302059
+79829302103
+79829302171
+79829302241
+79829302275
+79829302319
+79829302326
+79829302384
+79829302445
+79123825855
+79123825857
+79123825891
+79123825897
+79123825912
+79123825914
+79123825974
+79123826009
+79123826039
+79123826046
+79821300319
+79821300408
+79821300481
+79821300523
+79821300542
+79821300584
+79821300586
+79821300592
+79821300628
+79821300682
+79829200176
+79829200626
+79829201213
+79829202125
+79829202369
+79829202379
+79829202563
+79829202621
+79829202696
+79829202779
+79199201976
+79199202130
+79199202388
+79199202410
+79199202485
+79199202490
+79199202541
+79199202559
+79199202576
+79199202588
+79829001673
+79829001701
+79829001925
+79829002186
+79829002946
+79829003785
+79829004057
+79829004367
+79829004453
+79829004764
+79199300959
+79199301238
+79199301368
+79199301688
+79199302455
+79199302528
+79199303475
+79199303571
+79199304470
+79199304502
+79829300763
+79829302059
+79829302103
+79829302171
+79829302241
+79829302275
+79829302319
+79829302326
+79829302384
+79829302445
+79829610630
+79829611208
+79829611216
+79829611230
+79829611284
+79829611360
+79829611450
+79829611525
+79829611653
+79829611665
+79829700626
+79829700824
+79829700923
+79829701980
+79829702060
+79829702542
+79829702664
+79829702733
+79829703260
+79829703547
+79829801746
+79829801759
+79829801821
+79829801837
+79829802095
+79829802327
+79829802493
+79829802529
+79829802758
+79829803068
+79199201976
+79199202130
+79199202388
+79199202410
+79199202485
+79199202490
+79199202541
+79199202559
+79199202576
+79199202588
+79129915925
+79129916943
+79129918985
+79129919575
+79129919871
+79129920946
+79129920962
+79129920965
+79129920968
+79129920975
+79199500268
+79199500327
+79199500629
+79199500841
+79199501420
+79199501571
+79199501709
+79199501752
+79199501855
+79199501867
+79199300959
+79199301238
+79199301368
+79199301688
+79199302455
+79199302528
+79199303475
+79199303571
+79199304470
+79199304502
+79199500268
+79199500327
+79199500629
+79199500841
+79199501420
+79199501571
+79199501709
+79199501752
+79199501855
+79199501867
+79827800958
+79827801512
+79827801655
+79827801711
+79827802089
+79827802547
+79827802582
+79827803379
+79827803492
+79827803756
+79829299081
+79829299644
+79829300763
+79829302059
+79829302103
+79829302171
+79829302241
+79829302275
+79829302319
+79829302326
+79829001673
+79829001701
+79829001925
+79829002186
+79829002946
+79829003785
+79829004057
+79829004367
+79829004453
+79829004764
+79821300319
+79821300408
+79821300481
+79821300523
+79821300542
+79821300584
+79821300586
+79821300592
+79821300628
+79821300682
+79827701013
+79827701043
+79827701046
+79827701185
+79827701998
+79827702110
+79827702129
+79827702139
+79827702150
+79827702576
+79129207262
+79129207780
+79129207875
+79129208386
+79129208437
+79129208580
+79129209830
+79129221439
+79129221505
+79129221508
+79827800958
+79827801512
+79827801655
+79827801711
+79827802089
+79827802547
+79827802582
+79827803379
+79827803492
+79827803756
+79199400635
+79199401076
+79199401982
+79199402159
+79199402249
+79199402382
+79199402418
+79199402516
+79199402529
+79199402564
+79829101257
+79829101291
+79829101345
+79829102809
+79829103096
+79829103649
+79829103709
+79829103879
+79829104331
+79829105409
+79123901289
+79123902053
+79123902116
+79123902987
+79123904119
+79123904231
+79123904240
+79123904249
+79123904656
+79123904752
+79827800958
+79827801512
+79827801655
+79827801711
+79827802089
+79827802547
+79827802582
+79827803379
+79827803492
+79827803756
+79199500268
+79199500327
+79199500629
+79199500841
+79199501420
+79199501571
+79199501709
+79199501752
+79199501855
+79199501867
+79827701013
+79827701043
+79827701046
+79827701185
+79827701998
+79827702110
+79827702129
+79827702139
+79827702150
+79827702576
+79199400635
+79199401076
+79199401982
+79199402159
+79199402249
+79199402382
+79199402418
+79199402516
+79199402529
+79199402564
+79123901289
+79123902053
+79123902116
+79123902987
+79123904119
+79123904231
+79123904240
+79123904249
+79123904656
+79123904752
+79199400635
+79199401076
+79199401982
+79199402159
+79199402249
+79199402382
+79199402418
+79199402516
+79199402529
+79199402564
+79827701013
+79827701043
+79827701046
+79827701185
+79827701998
+79827702110
+79827702129
+79827702139
+79827702150
+79827702576
+79829801746
+79829801759
+79829801821
+79829801837
+79829802095
+79829802327
+79829802493
+79829802529
+79829802758
+79829803068
+79829101257
+79829101291
+79829101345
+79829102809
+79829103096
+79829103649
+79829103709
+79829103879
+79829104331
+79829105409
+79199201976
+79199202130
+79199202388
+79199202410
+79199202485
+79199202490
+79199202541
+79199202559
+79199202576
+79199202588
+79829001673
+79829001701
+79829001925
+79829002186
+79829002946
+79829003785
+79829004057
+79829004367
+79829004453
+79829004764
+79829610630
+79829611208
+79829611216
+79829611230
+79829611284
+79829611360
+79829611450
+79829611525
+79829611653
+79829611665
+79829700626
+79829700824
+79829700923
+79829701980
+79829702060
+79829702542
+79829702664
+79829702733
+79829703260
+79829703547
+79829801746
+79829801759
+79829801821
+79829801837
+79829802095
+79829802327
+79829802493
+79829802529
+79829802758
+79829803068
+79199500268
+79199500327
+79199500629
+79199500841
+79199501420
+79199501571
+79199501709
+79199501752
+79199501855
+79199501867
+79829300763
+79829302059
+79829302103
+79829302171
+79829302241
+79829302275
+79829302319
+79829302326
+79829302384
+79829302445
+79129915925
+79129916943
+79129918985
+79129919575
+79129919871
+79129920946
+79129920962
+79129920965
+79129920968
+79129920975
+79199500268
+79199500327
+79199500629
+79199500841
+79199501420
+79199501571
+79199501709
+79199501752
+79199501855
+79199501867
+79199201976
+79199202130
+79199202388
+79199202410
+79199202485
+79199202490
+79199202541
+79199202559
+79199202576
+79199202588
+79829101257
+79829101291
+79829101345
+79829102809
+79829103096
+79829103649
+79829103709
+79829103879
+79829104331
+79829105409
+79129915925
+79129916943
+79129918985
+79129919575
+79129919871
+79129920946
+79129920962
+79129920965
+79129920968
+79129920975
+79199400635
+79199401076
+79199401982
+79199402159
+79199402249
+79199402382
+79199402418
+79199402516
+79199402529
+79199402564
+79829700626
+79829700824
+79829700923
+79829701980
+79829702060
+79829702542
+79829702664
+79829702733
+79829703260
+79829703547
+79829801746
+79829801759
+79829801821
+79829801837
+79829802095
+79829802327
+79829802493
+79829802529
+79829802758
+79829803068
+79829300763
+79829302059
+79829302103
+79829302171
+79829302241
+79829302275
+79829302319
+79829302326
+79829302384
+79829302445
+79821300319
+79821300408
+79821300481
+79821300523
+79821300542
+79821300584
+79821300586
+79821300592
+79821300628
+79821300682
+79829299081
+79829299644
+79827800958
+79827801512
+79827801655
+79827801711
+79827802089
+79827802547
+79827802582
+79827803379
+79829610630
+79829611208
+79829611216
+79829611230
+79829611284
+79829611360
+79829611450
+79829611525
+79829611653
+79829611665
+79129915925
+79129916943
+79129918985
+79129919575
+79129919871
+79129920946
+79129920962
+79129920965
+79129920968
+79129920975
+79829101257
+79829101291
+79829101345
+79829102809
+79829103096
+79829103649
+79829103709
+79829103879
+79829104331
+79829105409
+79199400635
+79199401076
+79199401982
+79199402159
+79199402249
+79199402382
+79199402418
+79199402516
+79199402529
+79199402564
+79199400635
+79199401076
+79199401982
+79199402159
+79199402249
+79199402382
+79199402418
+79199402516
+79199402529
+79199402564
+79829101257
+79829101291
+79829101345
+79829102809
+79829103096
+79829103649
+79829103709
+79829103879
+79829104331
+79829105409
+79829400870
+79829401053
+79829401376
+79829401601
+79829402088
+79829402268
+79829402535
+79829402562
+79829402682
+79829402689
+79829400870
+79829401053
+79829401376
+79829401601
+79829402088
+79829402268
+79829402535
+79829402562
+79829402682
+79829402689
+79827800958
+79827801512
+79827801655
+79827801711
+79827802089
+79827802547
+79827802582
+79827803379
+79827803492
+79827803756
+79199500268
+79199500327
+79199500629
+79199500841
+79199501420
+79199501571
+79199501709
+79199501752
+79199501855
+79199501867
+79199500268
+79199500327
+79199500629
+79199500841
+79199501420
+79199501571
+79199501709
+79199501752
+79199501855
+79199501867
+79129207262
+79129207780
+79129207875
+79129208386
+79129208437
+79129208580
+79129209830
+79129221439
+79129221505
+79129221508
+79829299081
+79829299644
+79123901289
+79123902053
+79123902116
+79123902987
+79123904119
+79123904231
+79123904240
+79123904249
+79829299081
+79829299644
+79829101257
+79829101291
+79829101345
+79829102809
+79829103096
+79829103649
+79829103709
+79829103879
+79199400635
+79199401076
+79199401982
+79199402159
+79199402249
+79199402382
+79199402418
+79199402516
+79199402529
+79199402564
+79829101257
+79829101291
+79829101345
+79829102809
+79829103096
+79829103649
+79829103709
+79829103879
+79829104331
+79829105409
+79821300319
+79821300408
+79821300481
+79821300523
+79821300542
+79821300584
+79821300586
+79821300592
+79821300628
+79821300682
+79199400635
+79199401076
+79199401982
+79199402159
+79199402249
+79199402382
+79199402418
+79199402516
+79199402529
+79199402564
+79829400870
+79829401053
+79829401376
+79829401601
+79829402088
+79829402268
+79829402535
+79829402562
+79829402682
+79829402689
+79199500268
+79199500327
+79199500629
+79199500841
+79199501420
+79199501571
+79199501709
+79199501752
+79199501855
+79199501867
+79199500268
+79199500327
+79199500629
+79199500841
+79199501420
+79199501571
+79199501709
+79199501752
+79199501855
+79199501867
+79199300959
+79199301238
+79199301368
+79199301688
+79199302455
+79199302528
+79199303475
+79199303571
+79199304470
+79199304502
+79199201976
+79199202130
+79199202388
+79199202410
+79199202485
+79199202490
+79199202541
+79199202559
+79199202576
+79199202588
+79829300763
+79829302059
+79829302103
+79829302171
+79829302241
+79829302275
+79829302319
+79829302326
+79829302384
+79829302445
+79199500268
+79199500327
+79199500629
+79199500841
+79199501420
+79199501571
+79199501709
+79199501752
+79199501855
+79199501867
+79199500268
+79199500327
+79199500629
+79199500841
+79199501420
+79199501571
+79199501709
+79199501752
+79199501855
+79199501867
+79199201976
+79199202130
+79199202388
+79199202410
+79199202485
+79199202490
+79199202541
+79199202559
+79199202576
+79199202588
+79199300959
+79199301238
+79199301368
+79199301688
+79199302455
+79199302528
+79199303475
+79199303571
+79199304470
+79199304502
+79199400635
+79199401076
+79199401982
+79199402159
+79199402249
+79199402382
+79199402418
+79199402516
+79199402529
+79199402564
+79123825855
+79123825857
+79123825891
+79123825897
+79123825912
+79123825914
+79123825974
+79123826009
+79123826039
+79123826046
+79129207262
+79129207780
+79129207875
+79129208386
+79129208437
+79129208580
+79129209830
+79129221439
+79129221505
+79129221508
+79829299081
+79829299644
+79199400635
+79199401076
+79199401982
+79199402159
+79199402249
+79199402382
+79199402418
+79199402516
+79829001673
+79829001701
+79829001925
+79829002186
+79829002946
+79829003785
+79829004057
+79829004367
+79829004453
+79829004764
+79829001673
+79829001701
+79829001925
+79829002186
+79829002946
+79829003785
+79829004057
+79829004367
+79829004453
+79829004764
+79827701013
+79827701043
+79827701046
+79827701185
+79827701998
+79827702110
+79827702129
+79827702139
+79827702150
+79827702533
+79129915925
+79129916943
+79129918985
+79129919575
+79129919871
+79129920946
+79129920962
+79129920965
+79129920968
+79129920975
+79821300319
+79821300408
+79821300481
+79821300523
+79821300542
+79821300584
+79821300586
+79821300592
+79821300628
+79821300682
+79123901289
+79123902053
+79123902116
+79123902987
+79123904119
+79123904231
+79123904240
+79123904249
+79123904656
+79123904752
+79829400870
+79829401053
+79829401376
+79829401601
+79829402088
+79829402268
+79829402535
+79829402562
+79829402682
+79829402689
+79199201976
+79199202130
+79199202388
+79199202410
+79199202485
+79199202490
+79199202541
+79199202559
+79199202576
+79199202588
+79829200176
+79829200626
+79829201213
+79829202125
+79829202369
+79829202379
+79829202563
+79829202621
+79829202696
+79829202779
+79199201976
+79199202130
+79199202388
+79199202410
+79199202485
+79199202490
+79199202541
+79199202559
+79199202576
+79199202588
+79829299081
+79829299644
+79829200176
+79829200626
+79829201213
+79829202125
+79829202369
+79829202379
+79829202563
+79829202621
+79129915925
+79129916943
+79129918985
+79129919575
+79129919871
+79129920946
+79129920962
+79129920965
+79129920968
+79129920975
+79829300763
+79829302059
+79829302103
+79829302171
+79829302241
+79829302275
+79829302319
+79829302326
+79829302384
+79829302445
+79199201976
+79199202130
+79199202388
+79199202410
+79199202485
+79199202490
+79199202541
+79199202559
+79199202576
+79199202588
+79829610630
+79829611208
+79829611216
+79829611230
+79829611284
+79829611360
+79829611450
+79829611525
+79829611653
+79829611665
+79123825855
+79123825857
+79123825891
+79123825897
+79123825912
+79123825914
+79123825974
+79123826009
+79123826039
+79123826046
+79829700626
+79829700824
+79829700923
+79829701980
+79829702060
+79829702542
+79829702664
+79829702733
+79829703260
+79829703547
+79829200176
+79829200626
+79829201213
+79829202125
+79829202369
+79829202379
+79829202563
+79829202621
+79829202696
+79829202779
+79829200176
+79829200626
+79829201213
+79829202125
+79829202369
+79829202379
+79829202563
+79829202621
+79829202696
+79829202779
+79829200176
+79829200626
+79829201213
+79829202125
+79829202369
+79829202379
+79829202563
+79829202621
+79829202696
+79829202779
+79123825855
+79123825857
+79123825891
+79123825897
+79123825912
+79123825914
+79123825974
+79123826009
+79123826039
+79123826046
+79827800958
+79827801512
+79827801655
+79827801711
+79827802089
+79827802547
+79827802582
+79827803379
+79827803492
+79827803756
+79829101257
+79829101291
+79829101345
+79829102809
+79829103096
+79829103649
+79829103709
+79829103879
+79829104331
+79829105409
+79829801746
+79829801759
+79829801821
+79829801837
+79829802095
+79829802327
+79829802493
+79829802529
+79829802758
+79829803068
+79199400635
+79199401076
+79199401982
+79199402159
+79199402249
+79199402382
+79199402418
+79199402516
+79199402529
+79199402564
+79199500268
+79199500327
+79199500629
+79199500841
+79199501420
+79199501571
+79199501709
+79199501752
+79199501855
+79199501867
+79827800958
+79827801512
+79827801655
+79827801711
+79827802089
+79827802547
+79827802582
+79827803379
+79827803492
+79827803756
+79129915925
+79129916943
+79129918985
+79129919575
+79129919871
+79129920946
+79129920962
+79129920965
+79129920968
+79129920975
+79199300959
+79199301238
+79199301368
+79199301688
+79199302455
+79199302528
+79199303475
+79199303571
+79199304470
+79199304502
+79129207262
+79129207780
+79129207875
+79129208386
+79129208437
+79129208580
+79129209830
+79129221439
+79129221505
+79129221508
+79829801746
+79829801759
+79829801821
+79829801837
+79829802095
+79829802327
+79829802493
+79829802529
+79829802758
+79829803068
+79821300319
+79821300408
+79821300481
+79821300523
+79821300542
+79821300584
+79821300586
+79821300592
+79821300628
+79821300682
+79829200176
+79829200626
+79829201213
+79829202125
+79829202369
+79829202379
+79829202563
+79829202621
+79829202696
+79829202779
+79829801746
+79829801759
+79829801821
+79829801837
+79829802095
+79829802327
+79829802493
+79829802529
+79829802758
+79829803068
+79821300319
+79821300408
+79821300481
+79821300523
+79821300542
+79821300584
+79821300586
+79821300592
+79821300628
+79821300682
+79199201976
+79199202130
+79199202388
+79199202410
+79199202485
+79199202490
+79199202541
+79199202559
+79199202576
+79199202588
+79829700626
+79829700824
+79829700923
+79829701980
+79829702060
+79829702542
+79829702664
+79829702733
+79829703260
+79829703547
+79123901289
+79123902053
+79123902116
+79123902987
+79123904119
+79123904231
+79123904240
+79123904249
+79123904656
+79123904752
+79829200176
+79829200626
+79829201213
+79829202125
+79829202369
+79829202379
+79829202563
+79829202621
+79829202696
+79829202779
+79829801746
+79829801759
+79829801821
+79829801837
+79829802095
+79829802327
+79829802493
+79829802529
+79829802758
+79829803068
+79829300763
+79829302059
+79829302103
+79829302171
+79829302241
+79829302275
+79829302319
+79829302326
+79829302384
+79829302445
+79827701013
+79827701043
+79827701046
+79827701185
+79827701998
+79827702110
+79827702129
+79827702139
+79827702150
+79827702533
+79199400635
+79199401076
+79199401982
+79199402159
+79199402249
+79199402382
+79199402418
+79199402516
+79199402529
+79199402564
+79829101257
+79829101291
+79829101345
+79829102809
+79829103096
+79829103649
+79829103709
+79829103879
+79829104331
+79829105409
+79827800958
+79827801512
+79827801655
+79827801711
+79827802089
+79827802547
+79827802582
+79827803379
+79827803492
+79827803756
+79821300319
+79821300408
+79821300481
+79821300523
+79821300542
+79821300584
+79821300586
+79821300592
+79821300628
+79821300682
+79829001673
+79829001701
+79829001925
+79829002186
+79829002946
+79829003785
+79829004057
+79829004367
+79829004453
+79829004764
+79829700626
+79829700824
+79829700923
+79829701980
+79829702060
+79829702542
+79829702664
+79829702733
+79829703260
+79829703547
+79829610630
+79829611208
+79829611216
+79829611230
+79829611284
+79829611360
+79829611450
+79829611525
+79829611653
+79829611665
+79199201976
+79199202130
+79199202388
+79199202410
+79199202485
+79199202490
+79199202541
+79199202559
+79199202576
+79199202588
+79123825855
+79123825857
+79123825891
+79123825897
+79123825912
+79123825914
+79123825974
+79123826009
+79123826039
+79123826046
+79829001673
+79829001701
+79829001925
+79829002186
+79829002946
+79829003785
+79829004057
+79829004367
+79829004453
+79829004764
+79199201976
+79199202130
+79199202388
+79199202410
+79199202485
+79199202490
+79199202541
+79199202559
+79199202576
+79199202588
+79829101257
+79829101291
+79829101345
+79829102809
+79829103096
+79829103649
+79829103709
+79829103879
+79829104331
+79829105409
+79199400635
+79199401076
+79199401982
+79199402159
+79199402249
+79199402382
+79199402418
+79199402516
+79199402529
+79199402564
+79829001673
+79829001701
+79829001925
+79829002186
+79829002946
+79829003785
+79829004057
+79829004367
+79829004453
+79829004764
+79829400870
+79829401053
+79829401376
+79829401601
+79829402088
+79829402268
+79829402535
+79829402562
+79829402682
+79829402689
+79829200176
+79829200626
+79829201213
+79829202125
+79829202369
+79829202379
+79829202563
+79829202621
+79829202696
+79829202779
+79829300763
+79829302059
+79829302103
+79829302171
+79829302241
+79829302275
+79829302319
+79829302326
+79829302384
+79829302445
+79829700626
+79829700824
+79829700923
+79829701980
+79829702060
+79829702542
+79829702664
+79829702733
+79829703260
+79829703547
+79199400635
+79199401076
+79199401982
+79199402159
+79199402249
+79199402382
+79199402418
+79199402516
+79199402529
+79199402564
+79199300959
+79199301238
+79199301368
+79199301688
+79199302455
+79199302528
+79199303475
+79199303571
+79199304470
+79199304502
+79829300763
+79829302059
+79829302103
+79829302171
+79829302241
+79829302275
+79829302319
+79829302326
+79829302384
+79829302445
+79829610630
+79829611208
+79829611216
+79829611230
+79829611284
+79829611360
+79829611450
+79829611525
+79829611653
+79829611665
+79821300319
+79821300408
+79821300481
+79821300523
+79821300542
+79821300584
+79821300586
+79821300592
+79821300628
+79821300682
+79821300319
+79821300408
+79821300481
+79821300523
+79821300542
+79821300584
+79821300586
+79821300592
+79821300628
+79821300682
+79199500268
+79199500327
+79199500629
+79199500841
+79199501420
+79199501571
+79199501709
+79199501752
+79199501855
+79199501867
+79829610630
+79829611208
+79829611216
+79829611230
+79829611284
+79829611360
+79829611450
+79829611525
+79829611653
+79829611665
+79199400635
+79199401076
+79199401982
+79199402159
+79199402249
+79199402382
+79199402418
+79199402516
+79199402529
+79199402564
+79199500268
+79199500327
+79199500629
+79199500841
+79199501420
+79199501571
+79199501709
+79199501752
+79199501855
+79199501867
+79829400870
+79829401053
+79829401376
+79829401601
+79829402088
+79829402268
+79829402535
+79829402562
+79829402682
+79829402689
+79199201976
+79199202130
+79199202388
+79199202410
+79199202485
+79199202490
+79199202541
+79199202559
+79199202576
+79199202588
+79829400870
+79829401053
+79829401376
+79829401601
+79829402088
+79829402268
+79829402535
+79829402562
+79829402682
+79829402689
+79129207262
+79129207780
+79129207875
+79129208386
+79129208437
+79129208580
+79129209830
+79129221439
+79129221505
+79129221508
+79129207262
+79129207780
+79129207875
+79129208386
+79129208437
+79129208580
+79129209830
+79129221439
+79129221505
+79129221508
+79829001673
+79829001701
+79829001925
+79829002186
+79829002946
+79829003785
+79829004057
+79829004367
+79829004453
+79829004764
+79123825855
+79123825857
+79123825891
+79123825897
+79123825912
+79123825914
+79123825974
+79123826009
+79123826039
+79123826046
+79129915925
+79129916943
+79129918985
+79129919575
+79129919871
+79129920946
+79129920962
+79129920965
+79129920968
+79129920975
+79199300959
+79199301238
+79199301368
+79199301688
+79199302455
+79199302528
+79199303475
+79199303571
+79199304470
+79199304502
