+79133500254
+79133500281
+79133500341
+79133500357
+79133500379
+79133500542
+79133500609
+79133500721
+79133500873
+79133500935
+79833650058
+79833650125
+79833650137
+79833650154
+79833650196
+79833650197
+79833650271
+79833650646
+79833650794
+79833650824
+79835900515
+79835900659
+79835902498
+79835902769
+79835902918
+79835902938
+79835903194
+79835903492
+79835903834
+79835903849
+79835946035
+79835946053
+79835946056
+79835946071
+79835946093
+79835946098
+79835946108
+79835946112
+79835946113
+79835946114
+79133500254
+79133500281
+79133500341
+79133500357
+79133500379
+79133500542
+79133500609
+79133500721
+79133500873
+79133500935
+79833650058
+79833650125
+79833650137
+79833650154
+79833650196
+79833650197
+79833650271
+79833650646
+79833650794
+79833650824
+79133500254
+79133500281
+79133500341
+79133500357
+79133500379
+79133500542
+79133500609
+79133500721
+79133500873
+79133500935
+79835900515
+79835900659
+79835902498
+79835902769
+79835902918
+79835902938
+79835903194
+79835903492
+79835903834
+79835903849
+79835150785
+79835150907
+79835151163
+79835151209
+79835151292
+79835151304
+79835151306
+79835151367
+79835151464
+79835151579
+79133500254
+79133500281
+79133500341
+79133500357
+79133500379
+79133500542
+79133500609
+79133500721
+79133500873
+79133500935
+79833650058
+79833650125
+79833650137
+79833650154
+79833650196
+79833650197
+79833650271
+79833650646
+79833650794
+79833650824
+79833650058
+79833650125
+79833650137
+79833650154
+79833650196
+79833650197
+79833650271
+79833650646
+79833650794
+79833650824
+79133500254
+79133500281
+79133500341
+79133500357
+79133500379
+79133500542
+79133500609
+79133500721
+79133500873
+79133500935
+79133500254
+79133500281
+79133500341
+79133500357
+79133500379
+79133500542
+79133500609
+79133500721
+79133500873
+79133500935
+79835946035
+79835946053
+79835946056
+79835946071
+79835946093
+79835946098
+79835946108
+79835946112
+79835946113
+79835946114
+79835900515
+79835900659
+79835902498
+79835902769
+79835902918
+79835902938
+79835903194
+79835903492
+79835903834
+79835903849
+79133400091
+79133400511
+79133400548
+79133400559
+79133400573
+79133400581
+79133400650
+79133400752
+79133400753
+79133400781
+79133500254
+79133500281
+79133500341
+79133500357
+79133500379
+79133500542
+79133500609
+79133500721
+79133500873
+79133500935
+79133400091
+79133400511
+79133400548
+79133400559
+79133400573
+79133400581
+79133400650
+79133400752
+79133400753
+79133400781
+79133400091
+79133400511
+79133400548
+79133400559
+79133400573
+79133400581
+79133400650
+79133400752
+79133400753
+79133400781
+79835150785
+79835150907
+79835151163
+79835151209
+79835151292
+79835151304
+79835151306
+79835151367
+79835151464
+79835151579
+79835946035
+79835946053
+79835946056
+79835946071
+79835946093
+79835946098
+79835946108
+79835946112
+79835946113
+79835946114
+79835150785
+79835150907
+79835151163
+79835151209
+79835151292
+79835151304
+79835151306
+79835151367
+79835151464
+79835151579
+79133400091
+79133400511
+79133400548
+79133400559
+79133400573
+79133400581
+79133400650
+79133400752
+79133400753
+79133400781
+79835946035
+79835946053
+79835946056
+79835946071
+79835946093
+79835946098
+79835946108
+79835946112
+79835946113
+79835946114
+79133500254
+79133500281
+79133500341
+79133500357
+79133500379
+79133500542
+79133500609
+79133500721
+79133500873
+79133500935
+79835150785
+79835150907
+79835151163
+79835151209
+79835151292
+79835151304
+79835151306
+79835151367
+79835151464
+79835151579
+79835900515
+79835900659
+79835902498
+79835902769
+79835902918
+79835902938
+79835903194
+79835903492
+79835903834
+79835903849
+79835150785
+79835150907
+79835151163
+79835151209
+79835151292
+79835151304
+79835151306
+79835151367
+79835151464
+79835151579
+79833650058
+79833650125
+79833650137
+79833650154
+79833650196
+79833650197
+79833650271
+79833650646
+79833650794
+79833650824
+79133400091
+79133400511
+79133400548
+79133400559
+79133400573
+79133400581
+79133400650
+79133400752
+79133400753
+79133400781
+79833650058
+79833650125
+79833650137
+79833650154
+79833650196
+79833650197
+79833650271
+79833650646
+79833650794
+79833650824
+79833650058
+79833650125
+79833650137
+79833650154
+79833650196
+79833650197
+79833650271
+79833650646
+79833650794
+79833650824
+79835150785
+79835150907
+79835151163
+79835151209
+79835151292
+79835151304
+79835151306
+79835151367
+79835151464
+79835151579
+79133400091
+79133400511
+79133400548
+79133400559
+79133400573
+79133400581
+79133400650
+79133400752
+79133400753
+79133400781
+79133500254
+79133500281
+79133500341
+79133500357
+79133500379
+79133500542
+79133500609
+79133500721
+79133500873
+79133500935
+79833650058
+79833650125
+79833650137
+79833650154
+79833650196
+79833650197
+79833650271
+79833650646
+79833650794
+79833650824
+79133400091
+79133400511
+79133400548
+79133400559
+79133400573
+79133400581
+79133400650
+79133400752
+79133400753
+79133400781
+79133500254
+79133500281
+79133500341
+79133500357
+79133500379
+79133500542
+79133500609
+79133500721
+79133500873
+79133500935
+79133500254
+79133500281
+79133500341
+79133500357
+79133500379
+79133500542
+79133500609
+79133500721
+79133500873
+79133500935
+79133400091
+79133400511
+79133400548
+79133400559
+79133400573
+79133400581
+79133400650
+79133400752
+79133400753
+79133400781
+79835900515
+79835900659
+79835902498
+79835902769
+79835902918
+79835902938
+79835903194
+79835903492
+79835903834
+79835903849
+79833650058
+79833650125
+79833650137
+79833650154
+79833650196
+79833650197
+79833650271
+79833650646
+79833650794
+79833650824
+79133400091
+79133400511
+79133400548
+79133400559
+79133400573
+79133400581
+79133400650
+79133400752
+79133400753
+79133400781
+79835900515
+79835900659
+79835902498
+79835902769
+79835902918
+79835902938
+79835903194
+79835903492
+79835903834
+79835903849
+79133400091
+79133400511
+79133400548
+79133400559
+79133400573
+79133400581
+79133400650
+79133400752
+79133400753
+79133400781
+79833650058
+79833650125
+79833650137
+79833650154
+79833650196
+79833650197
+79833650271
+79833650646
+79833650794
+79833650824
+79133500254
+79133500281
+79133500341
+79133500357
+79133500379
+79133500542
+79133500609
+79133500721
+79133500873
+79133500935
+79835150785
+79835150907
+79835151163
+79835151209
+79835151292
+79835151304
+79835151306
+79835151367
+79835151464
+79835151579
+79835150785
+79835150907
+79835151163
+79835151209
+79835151292
+79835151304
+79835151306
+79835151367
+79835151464
+79835151579
+79133400091
+79133400511
+79133400548
+79133400559
+79133400573
+79133400581
+79133400650
+79133400752
+79133400753
+79133400781
+79833650058
+79833650125
+79833650137
+79833650154
+79833650196
+79833650197
+79833650271
+79833650646
+79833650794
+79833650824
+79835150785
+79835150907
+79835151163
+79835151209
+79835151292
+79835151304
+79835151306
+79835151367
+79835151464
+79835151579
+79133400091
+79133400511
+79133400548
+79133400559
+79133400573
+79133400581
+79133400650
+79133400752
+79133400753
+79133400781
+79835900515
+79835900659
+79835902498
+79835902769
+79835902918
+79835902938
+79835903194
+79835903492
+79835903834
+79835903849
+79833650058
+79833650125
+79833650137
+79833650154
+79833650196
+79833650197
+79833650271
+79833650646
+79833650794
+79833650824
+79835900515
+79835900659
+79835902498
+79835902769
+79835902918
+79835902938
+79835903194
+79835903492
+79835903834
+79835903849
+79133400091
+79133400511
+79133400548
+79133400559
+79133400573
+79133400581
+79133400650
+79133400752
+79133400753
+79133400781
+79833650058
+79833650125
+79833650137
+79833650154
+79833650196
+79833650197
+79833650271
+79833650646
+79833650794
+79833650824
+79133500254
+79133500281
+79133500341
+79133500357
+79133500379
+79133500542
+79133500609
+79133500721
+79133500873
+79133500935
+79835150785
+79835150907
+79835151163
+79835151209
+79835151292
+79835151304
+79835151306
+79835151367
+79835151464
+79835151579
+79133400091
+79133400511
+79133400548
+79133400559
+79133400573
+79133400581
+79133400650
+79133400752
+79133400753
+79133400781
+79133400091
+79133400511
+79133400548
+79133400559
+79133400573
+79133400581
+79133400650
+79133400752
+79133400753
+79133400781
+79835900515
+79835900659
+79835902498
+79835902769
+79835902918
+79835902938
+79835903194
+79835903492
+79835903834
+79835903849
+79835150785
+79835150907
+79835151163
+79835151209
+79835151292
+79835151304
+79835151306
+79835151367
+79835151464
+79835151579
+79835900515
+79835900659
+79835902498
+79835902769
+79835902918
+79835902938
+79835903194
+79835903492
+79835903834
+79835903849
+79835150785
+79835150907
+79835151163
+79835151209
+79835151292
+79835151304
+79835151306
+79835151367
+79835151464
+79835151579
+79835900515
+79835900659
+79835902498
+79835902769
+79835902918
+79835902938
+79835903194
+79835903492
+79835903834
+79835903849
+79835900515
+79835900659
+79835902498
+79835902769
+79835902918
+79835902938
+79835903194
+79835903492
+79835903834
+79835903849
+79833650058
+79833650125
+79833650137
+79833650154
+79833650196
+79833650197
+79833650271
+79833650646
+79833650794
+79833650824
+79133400091
+79133400511
+79133400548
+79133400559
+79133400573
+79133400581
+79133400650
+79133400752
+79133400753
+79133400781
+79835946035
+79835946053
+79835946056
+79835946071
+79835946093
+79835946098
+79835946108
+79835946112
+79835946113
+79835946114
+79133500254
+79133500281
+79133500341
+79133500357
+79133500379
+79133500542
+79133500609
+79133500721
+79133500873
+79133500935
+79133500254
+79133500281
+79133500341
+79133500357
+79133500379
+79133500542
+79133500609
+79133500721
+79133500873
+79133500935
+79133500254
+79133500281
+79133500341
+79133500357
+79133500379
+79133500542
+79133500609
+79133500721
+79133500873
+79133500935
+79833650058
+79833650125
+79833650137
+79833650154
+79833650196
+79833650197
+79833650271
+79833650646
+79833650794
+79833650824
+79835946035
+79835946053
+79835946056
+79835946071
+79835946093
+79835946098
+79835946108
+79835946112
+79835946113
+79835946114
+79835150785
+79835150907
+79835151163
+79835151209
+79835151292
+79835151304
+79835151306
+79835151367
+79835151464
+79835151579
+79835900515
+79835900659
+79835902498
+79835902769
+79835902918
+79835902938
+79835903194
+79835903492
+79835903834
+79835903849
+79835150785
+79835150907
+79835151163
+79835151209
+79835151292
+79835151304
+79835151306
+79835151367
+79835151464
+79835151579
+79835946035
+79835946053
+79835946056
+79835946071
+79835946093
+79835946098
+79835946108
+79835946112
+79835946113
+79835946114
+79133500254
+79133500281
+79133500341
+79133500357
+79133500379
+79133500542
+79133500609
+79133500721
+79133500873
+79133500935
+79835946035
+79835946053
+79835946056
+79835946071
+79835946093
+79835946098
+79835946108
+79835946112
+79835946113
+79835946114
+79133400091
+79133400511
+79133400548
+79133400559
+79133400573
+79133400581
+79133400650
+79133400752
+79133400753
+79133400781
+79833650058
+79833650125
+79833650137
+79833650154
+79833650196
+79833650197
+79833650271
+79833650646
+79833650794
+79833650824
+79835150785
+79835150907
+79835151163
+79835151209
+79835151292
+79835151304
+79835151306
+79835151367
+79835151464
+79835151579
+79133500254
+79133500281
+79133500341
+79133500357
+79133500379
+79133500542
+79133500609
+79133500721
+79133500873
+79133500935
+79833650058
+79833650125
+79833650137
+79833650154
+79833650196
+79833650197
+79833650271
+79833650646
+79833650794
+79833650824
+79835946035
+79835946053
+79835946056
+79835946071
+79835946093
+79835946098
+79835946108
+79835946112
+79835946113
+79835946114
+79835900515
+79835900659
+79835902498
+79835902769
+79835902918
+79835902938
+79835903194
+79835903492
+79835903834
+79835903849
+79133500254
+79133500281
+79133500341
+79133500357
+79133500379
+79133500542
+79133500609
+79133500721
+79133500873
+79133500935
+79835946035
+79835946053
+79835946056
+79835946071
+79835946093
+79835946098
+79835946108
+79835946112
+79835946113
+79835946114
+79835946035
+79835946053
+79835946056
+79835946071
+79835946093
+79835946098
+79835946108
+79835946112
+79835946113
+79835946114
+79133500254
+79133500281
+79133500341
+79133500357
+79133500379
+79133500542
+79133500609
+79133500721
+79133500873
+79133500935
+79835946035
+79835946053
+79835946056
+79835946071
+79835946093
+79835946098
+79835946108
+79835946112
+79835946113
+79835946114
+79835900515
+79835900659
+79835902498
+79835902769
+79835902918
+79835902938
+79835903194
+79835903492
+79835903834
+79835903849
+79835150785
+79835150907
+79835151163
+79835151209
+79835151292
+79835151304
+79835151306
+79835151367
+79835151464
+79835151579
+79133400091
+79133400511
+79133400548
+79133400559
+79133400573
+79133400581
+79133400650
+79133400752
+79133400753
+79133400781
+79835150785
+79835150907
+79835151163
+79835151209
+79835151292
+79835151304
+79835151306
+79835151367
+79835151464
+79835151579
+79835150785
+79835150907
+79835151163
+79835151209
+79835151292
+79835151304
+79835151306
+79835151367
+79835151464
+79835151579
+79835150785
+79835150907
+79835151163
+79835151209
+79835151292
+79835151304
+79835151306
+79835151367
+79835151464
+79835151579
+79133500254
+79133500281
+79133500341
+79133500357
+79133500379
+79133500542
+79133500609
+79133500721
+79133500873
+79133500935
+79835150785
+79835150907
+79835151163
+79835151209
+79835151292
+79835151304
+79835151306
+79835151367
+79835151464
+79835151579
+79133500254
+79133500281
+79133500341
+79133500357
+79133500379
+79133500542
+79133500609
+79133500721
+79133500873
+79133500935
+79133500254
+79133500281
+79133500341
+79133500357
+79133500379
+79133500542
+79133500609
+79133500721
+79133500873
+79133500935
+79835900515
+79835900659
+79835902498
+79835902769
+79835902918
+79835902938
+79835903194
+79835903492
+79835903834
+79835903849
+79833650058
+79833650125
+79833650137
+79833650154
+79833650196
+79833650197
+79833650271
+79833650646
+79833650794
+79833650824
+79835946035
+79835946053
+79835946056
+79835946071
+79835946093
+79835946098
+79835946108
+79835946112
+79835946113
+79835946114
