+79120103378
+79120103394
+79120103409
+79120103416
+79120103420
+79120103423
+79120103449
+79120103456
+79120103465
+79120103473
+79124510779
+79124512541
+79124513835
+79124514740
+79124514741
+79124514742
+79124514749
+79124514751
+79124514754
+79124514759
+79124602027
+79124602153
+79124602356
+79124602573
+79124603004
+79124603206
+79124605130
+79124605209
+79124605287
+79124605547
+79120103378
+79120103394
+79120103409
+79120103416
+79120103420
+79120103423
+79120103449
+79120103456
+79120103465
+79120103473
+79124602027
+79124602153
+79124602356
+79124602573
+79124603004
+79124603206
+79124605130
+79124605209
+79124605287
+79124605547
+79199102137
+79199102193
+79199102318
+79199102322
+79199102385
+79199102441
+79199102465
+79199102510
+79199102527
+79199102546
+79828301581
+79828301709
+79828301832
+79828301854
+79828301973
+79828301985
+79828302276
+79828302348
+79828302466
+79828302682
+79199102137
+79199102193
+79199102318
+79199102322
+79199102385
+79199102441
+79199102465
+79199102510
+79199102527
+79199102546
+79120072846
+79120072847
+79120072853
+79120072861
+79120072863
+79120072865
+79120072868
+79120072869
+79120072870
+79120072871
+79120072846
+79120072847
+79120072853
+79120072861
+79120072863
+79120072865
+79120072868
+79120072869
+79120072870
+79120072871
+79128700891
+79128701386
+79128701445
+79128701449
+79128701555
+79128701597
+79128701678
+79128701682
+79128701740
+79128701796
+79120534366
+79120534370
+79120534374
+79120534377
+79120534402
+79120534410
+79120534412
+79120534413
+79120534416
+79120534429
+79127607820
+79127608002
+79127609238
+79127610312
+79127611986
+79127611989
+79127612016
+79127612076
+79127612090
+79127612101
+79821201526
+79821201529
+79821201561
+79821201567
+79821201578
+79821201672
+79821201689
+79821201692
+79821201736
+79821201756
+79128509273
+79128509333
+79128509342
+79128509343
+79128509378
+79128509389
+79128509392
+79128509396
+79128509413
+79128509444
+79124602027
+79124602153
+79124602356
+79124602573
+79124603004
+79124603206
+79124605130
+79124605209
+79124605287
+79124605547
+79828208534
+79828208546
+79828208554
+79828208569
+79828208577
+79828208581
+79828208584
+79828208586
+79828208589
+79828208594
+79124510779
+79124512541
+79124513835
+79124514740
+79124514741
+79124514742
+79124514749
+79124514751
+79124514754
+79124514759
+79828150355
+79828150369
+79828150603
+79828150680
+79828150691
+79828150703
+79828150746
+79828150882
+79828150927
+79828151140
+79821201526
+79821201529
+79821201561
+79821201567
+79821201578
+79821201672
+79821201689
+79821201692
+79821201736
+79821201756
+79120103378
+79120103394
+79120103409
+79120103416
+79120103420
+79120103423
+79120103449
+79120103456
+79120103465
+79120103473
+79828301581
+79828301709
+79828301832
+79828301854
+79828301973
+79828301985
+79828302276
+79828302348
+79828302466
+79828302682
+79829910974
+79829913097
+79829913417
+79829913439
+79829913458
+79829914510
+79829914840
+79829915329
+79829916873
+79829916898
+79828208534
+79828208546
+79828208554
+79828208569
+79828208577
+79828208581
+79828208584
+79828208586
+79828208589
+79828208594
+79120072846
+79120072847
+79120072853
+79120072861
+79120072863
+79120072865
+79120072868
+79120072869
+79120072870
+79120072871
+79124401292
+79124401295
+79124401353
+79124401598
+79124401630
+79124401643
+79124401657
+79124402274
+79124402421
+79124402509
+79124401292
+79124401295
+79124401353
+79124401598
+79124401630
+79124401643
+79124401657
+79124402274
+79124402421
+79124402509
+79827907011
+79827907295
+79827907947
+79827909399
+79827909791
+79827910823
+79827910993
+79827911018
+79827911049
+79827911053
+79124602027
+79124602153
+79124602356
+79124602573
+79124603004
+79124603206
+79124605130
+79124605209
+79124605287
+79124605547
+79127607820
+79127608002
+79127609238
+79127610312
+79127611986
+79127611989
+79127612016
+79127612076
+79127612090
+79127612101
+79124510779
+79124512541
+79124513835
+79124514740
+79124514741
+79124514742
+79124514749
+79124514751
+79124514754
+79124514759
+79199102137
+79199102193
+79199102318
+79199102322
+79199102385
+79199102441
+79199102465
+79199102510
+79199102527
+79199102546
+79828150355
+79828150369
+79828150603
+79828150680
+79828150691
+79828150703
+79828150746
+79828150882
+79828150927
+79828151140
+79120072846
+79120072847
+79120072853
+79120072861
+79120072863
+79120072865
+79120072868
+79120072869
+79120072870
+79120072871
+79120103378
+79120103394
+79120103409
+79120103416
+79120103420
+79120103423
+79120103449
+79120103456
+79120103465
+79120103473
+79120534366
+79120534370
+79120534374
+79120534377
+79120534402
+79120534410
+79120534412
+79120534413
+79120534416
+79120534429
+79127502694
+79127502714
+79127502722
+79127502741
+79127502767
+79127502768
+79127502771
+79127502879
+79127503278
+79127503391
+79821201526
+79821201529
+79821201561
+79821201567
+79821201578
+79821201672
+79821201689
+79821201692
+79821201736
+79821201756
+79199000221
+79199000311
+79199000315
+79199000316
+79199000317
+79199000319
+79199000322
+79199000326
+79199000327
+79199000328
+79120072846
+79120072847
+79120072853
+79120072861
+79120072863
+79120072865
+79120072868
+79120072869
+79120072870
+79120072871
+79828301581
+79828301709
+79828301832
+79828301854
+79828301973
+79828301985
+79828302276
+79828302348
+79828302466
+79828302682
+79120072846
+79120072847
+79120072853
+79120072861
+79120072863
+79120072865
+79120072868
+79120072869
+79120072870
+79120072871
+79828208534
+79828208546
+79828208554
+79828208569
+79828208577
+79828208581
+79828208584
+79828208586
+79828208589
+79828208594
+79127401238
+79127401260
+79127401263
+79127401331
+79127401447
+79127401448
+79127401459
+79127401573
+79127401638
+79127401696
+79127502694
+79127502714
+79127502722
+79127502741
+79127502767
+79127502768
+79127502771
+79127502879
+79127503278
+79127503391
+79127502694
+79127502714
+79127502722
+79127502741
+79127502767
+79127502768
+79127502771
+79127502879
+79127503278
+79127503391
+79120072846
+79120072847
+79120072853
+79120072861
+79120072863
+79120072865
+79120072868
+79120072869
+79120072870
+79120072871
+79124401292
+79124401295
+79124401353
+79124401598
+79124401630
+79124401643
+79124401657
+79124402274
+79124402421
+79124402509
+79120534366
+79120534370
+79120534374
+79120534377
+79120534402
+79120534410
+79120534412
+79120534413
+79120534416
+79120534429
+79124510779
+79124512541
+79124513835
+79124514740
+79124514741
+79124514742
+79124514749
+79124514751
+79124514754
+79124514759
+79124510779
+79124512541
+79124513835
+79124514740
+79124514741
+79124514742
+79124514749
+79124514751
+79124514754
+79124514759
+79127502694
+79127502714
+79127502722
+79127502741
+79127502767
+79127502768
+79127502771
+79127502879
+79127503278
+79127503391
+79828150355
+79828150369
+79828150603
+79828150680
+79828150691
+79828150703
+79828150746
+79828150882
+79828150927
+79828151140
+79829910974
+79829913097
+79829913417
+79829913439
+79829913458
+79829914510
+79829914840
+79829915329
+79829916873
+79829916898
+79128700891
+79128701386
+79128701445
+79128701449
+79128701555
+79128701597
+79128701678
+79128701682
+79128701740
+79128701796
+79829910974
+79829913097
+79829913417
+79829913439
+79829913458
+79829914510
+79829914840
+79829915329
+79829916873
+79829916898
+79127401238
+79127401260
+79127401263
+79127401331
+79127401447
+79127401448
+79127401459
+79127401573
+79127401638
+79127401696
+79828301581
+79828301709
+79828301832
+79828301854
+79828301973
+79828301985
+79828302276
+79828302348
+79828302466
+79828302682
+79127502694
+79127502714
+79127502722
+79127502741
+79127502767
+79127502768
+79127502771
+79127502879
+79127503278
+79127503391
+79199102137
+79199102193
+79199102318
+79199102322
+79199102385
+79199102441
+79199102465
+79199102510
+79199102527
+79199102546
+79120209794
+79120210468
+79120210689
+79120211038
+79120211470
+79120211498
+79120211784
+79120211872
+79120211940
+79120212056
+79120072846
+79120072847
+79120072853
+79120072861
+79120072863
+79120072865
+79120072868
+79120072869
+79120072870
+79120072871
+79821201526
+79821201529
+79821201561
+79821201567
+79821201578
+79821201672
+79821201689
+79821201692
+79821201736
+79821201756
+79821153009
+79821153021
+79821153044
+79821153090
+79821153103
+79821153109
+79821153167
+79821153290
+79821153314
+79821153354
+79124510779
+79124512541
+79124513835
+79124514740
+79124514741
+79124514742
+79124514749
+79124514751
+79124514754
+79124514759
+79199000221
+79199000311
+79199000315
+79199000316
+79199000317
+79199000319
+79199000322
+79199000326
+79199000327
+79199000328
+79821201526
+79821201529
+79821201561
+79821201567
+79821201578
+79821201672
+79821201689
+79821201692
+79821201736
+79821201756
+79124510779
+79124512541
+79124513835
+79124514740
+79124514741
+79124514742
+79124514749
+79124514751
+79124514754
+79124514759
+79127607820
+79127608002
+79127609238
+79127610312
+79127611986
+79127611989
+79127612016
+79127612076
+79127612090
+79127612101
+79127607820
+79127608002
+79127609238
+79127610312
+79127611986
+79127611989
+79127612016
+79127612076
+79127612090
+79127612101
+79120209794
+79120210468
+79120210689
+79120211038
+79120211470
+79120211498
+79120211784
+79120211872
+79120211940
+79120212056
+79828150355
+79828150369
+79828150603
+79828150680
+79828150691
+79828150703
+79828150746
+79828150882
+79828150927
+79828151140
+79828301581
+79828301709
+79828301832
+79828301854
+79828301973
+79828301985
+79828302276
+79828302348
+79828302466
+79828302682
+79120103378
+79120103394
+79120103409
+79120103416
+79120103420
+79120103423
+79120103449
+79120103456
+79120103465
+79120103473
+79828150355
+79828150369
+79828150603
+79828150680
+79828150691
+79828150703
+79828150746
+79828150882
+79828150927
+79828151140
+79828150355
+79828150369
+79828150603
+79828150680
+79828150691
+79828150703
+79828150746
+79828150882
+79828150927
+79828151140
+79124401292
+79124401295
+79124401353
+79124401598
+79124401630
+79124401643
+79124401657
+79124402274
+79124402421
+79124402509
+79128700891
+79128701386
+79128701445
+79128701449
+79128701555
+79128701597
+79128701678
+79128701682
+79128701740
+79128701796
+79828301581
+79828301709
+79828301832
+79828301854
+79828301973
+79828301985
+79828302276
+79828302348
+79828302466
+79828302682
+79128509273
+79128509333
+79128509342
+79128509343
+79128509378
+79128509389
+79128509392
+79128509396
+79128509413
+79128509444
+79127401238
+79127401260
+79127401263
+79127401331
+79127401447
+79127401448
+79127401459
+79127401573
+79127401638
+79127401696
+79127607820
+79127608002
+79127609238
+79127610312
+79127611986
+79127611989
+79127612016
+79127612076
+79127612090
+79127612101
+79127401238
+79127401260
+79127401263
+79127401331
+79127401447
+79127401448
+79127401459
+79127401573
+79127401638
+79127401696
+79124602027
+79124602153
+79124602356
+79124602573
+79124603004
+79124603206
+79124605130
+79124605209
+79124605287
+79124605547
+79127607820
+79127608002
+79127609238
+79127610312
+79127611986
+79127611989
+79127612016
+79127612076
+79127612090
+79127612101
+79827907011
+79827907295
+79827907947
+79827909399
+79827909791
+79827910823
+79827910993
+79827911018
+79827911049
+79827911053
+79821153009
+79821153021
+79821153044
+79821153090
+79821153103
+79821153109
+79821153167
+79821153290
+79821153314
+79821153354
+79127502694
+79127502714
+79127502722
+79127502741
+79127502767
+79127502768
+79127502771
+79127502879
+79127503278
+79127503391
+79199000221
+79199000311
+79199000315
+79199000316
+79199000317
+79199000319
+79199000322
+79199000326
+79199000327
+79199000328
