+79876302155
+79876302754
+79876302852
+79876302853
+79876302854
+79876302872
+79876302884
+79876302913
+79876302915
+79876302921
+79876302155
+79876302754
+79876302852
+79876302853
+79876302854
+79876302872
+79876302884
+79876302913
+79876302915
+79876302921
+79876302155
+79876302754
+79876302852
+79876302853
+79876302854
+79876302872
+79876302884
+79876302913
+79876302915
+79876302921
+79876850273
+79876850311
+79876850313
+79876850316
+79876850317
+79876850320
+79876850336
+79876850339
+79876850345
+79876850347
+79170600281
+79170600581
+79170600905
+79170600951
+79170601150
+79170602734
+79170602738
+79170602744
+79170602746
+79170602747
+79876302155
+79876302754
+79876302852
+79876302853
+79876302854
+79876302872
+79876302884
+79876302913
+79876302915
+79876302921
+79170600281
+79170600581
+79170600905
+79170600951
+79170601150
+79170602734
+79170602738
+79170602744
+79170602746
+79170602747
+79170508909
+79170508910
+79170508946
+79170508950
+79170508952
+79170508960
+79170508964
+79170508973
+79170508979
+79170508980
+79176101213
+79176101271
+79176101273
+79176101293
+79176101307
+79176101316
+79176101319
+79176101323
+79176101328
+79176101363
+79176301549
+79176301581
+79176301688
+79176301752
+79176301834
+79176301878
+79176301927
+79176301951
+79176301955
+79176301968
+79170600281
+79170600581
+79170600905
+79170600951
+79170601150
+79170602734
+79170602738
+79170602744
+79170602746
+79170602747
+79876302155
+79876302754
+79876302852
+79876302853
+79876302854
+79876302872
+79876302884
+79876302913
+79876302915
+79876302921
+79176101213
+79176101271
+79176101273
+79176101293
+79176101307
+79176101316
+79176101319
+79176101323
+79176101328
+79176101363
+79176201582
+79176201606
+79176201624
+79176201691
+79176201706
+79176201729
+79176201772
+79176201867
+79176201942
+79176201944
+79170600281
+79170600581
+79170600905
+79170600951
+79170601150
+79170602734
+79170602738
+79170602744
+79170602746
+79170602747
+79876302754
+79876302852
+79876302853
+79876302854
+79876302872
+79876302884
+79876302913
+79876302915
+79876302921
+79876302932
+79176002181
+79176003684
+79176003693
+79176003701
+79176003770
+79176003782
+79176003809
+79176003831
+79176003849
+79176003876
+79176201582
+79176201606
+79176201624
+79176201691
+79176201706
+79176201729
+79176201772
+79176201867
+79176201942
+79176201944
+79876302754
+79876302852
+79876302853
+79876302854
+79876302872
+79876302884
+79876302913
+79876302915
+79876302921
+79876302932
+79176201582
+79176201606
+79176201624
+79176201691
+79176201706
+79176201729
+79176201772
+79176201867
+79176201942
+79176201944
+79176201582
+79176201606
+79176201624
+79176201691
+79176201706
+79176201729
+79176201772
+79176201867
+79176201942
+79176201944
+79876850273
+79876850311
+79876850313
+79876850316
+79876850317
+79876850320
+79876850336
+79876850339
+79876850345
+79876850347
+79170600281
+79170600581
+79170600905
+79170600951
+79170601150
+79170602734
+79170602738
+79170602744
+79170602746
+79170602747
+79176101213
+79176101271
+79176101273
+79176101293
+79176101307
+79176101316
+79176101319
+79176101323
+79176101328
+79176101363
+79176101213
+79176101271
+79176101273
+79176101293
+79176101307
+79176101316
+79176101319
+79176101323
+79176101328
+79176101363
+79176002181
+79176003684
+79176003693
+79176003701
+79176003770
+79176003782
+79176003809
+79176003831
+79176003849
+79176003876
+79176101213
+79176101271
+79176101273
+79176101293
+79176101307
+79176101316
+79176101319
+79176101323
+79176101328
+79176101363
+79176002181
+79176003684
+79176003693
+79176003701
+79176003770
+79176003782
+79176003809
+79176003831
+79176003849
+79176003876
+79867350712
+79867350970
+79867350979
+79867350980
+79867350984
+79867350985
+79867350987
+79867350988
+79867350989
+79867350991
+79176301549
+79176301581
+79176301688
+79176301752
+79176301834
+79176301878
+79176301927
+79176301951
+79176301955
+79176301968
+79170600281
+79170600581
+79170600905
+79170600951
+79170601150
+79170602734
+79170602738
+79170602744
+79170602746
+79170602747
+79170508909
+79170508910
+79170508946
+79170508950
+79170508952
+79170508960
+79170508964
+79170508973
+79170508979
+79170508980
+79876302754
+79876302852
+79876302853
+79876302854
+79876302872
+79876302884
+79876302913
+79876302915
+79876302921
+79876302932
+79176101213
+79176101271
+79176101273
+79176101293
+79176101307
+79176101316
+79176101319
+79176101323
+79176101328
+79176101363
+79176101213
+79176101271
+79176101273
+79176101293
+79176101307
+79176101316
+79176101319
+79176101323
+79176101328
+79176101363
+79176301549
+79176301581
+79176301688
+79176301752
+79176301834
+79176301878
+79176301927
+79176301951
+79176301955
+79176301968
+79176002181
+79176003684
+79176003693
+79176003701
+79176003770
+79176003782
+79176003809
+79176003831
+79176003849
+79176003876
+79876302754
+79876302852
+79876302853
+79876302854
+79876302872
+79876302884
+79876302913
+79876302915
+79876302921
+79876302932
+79176002181
+79176003684
+79176003693
+79176003701
+79176003770
+79176003782
+79176003809
+79176003831
+79176003849
+79176003876
+79176201582
+79176201606
+79176201624
+79176201691
+79176201706
+79176201729
+79176201772
+79176201867
+79176201942
+79176201944
+79170508909
+79170508910
+79170508946
+79170508950
+79170508952
+79170508960
+79170508964
+79170508973
+79170508979
+79170508980
+79170508909
+79170508910
+79170508946
+79170508950
+79170508952
+79170508960
+79170508964
+79170508973
+79170508979
+79170508980
+79170600281
+79170600581
+79170600905
+79170600951
+79170601150
+79170602734
+79170602738
+79170602744
+79170602746
+79170602747
+79170508909
+79170508910
+79170508946
+79170508950
+79170508952
+79170508960
+79170508964
+79170508973
+79170508979
+79170508980
+79170508909
+79170508910
+79170508946
+79170508950
+79170508952
+79170508960
+79170508964
+79170508973
+79170508979
+79170508980
+79876850273
+79876850311
+79876850313
+79876850316
+79876850317
+79876850320
+79876850336
+79876850339
+79876850345
+79876850347
+79176301549
+79176301581
+79176301688
+79176301752
+79176301834
+79176301878
+79176301927
+79176301951
+79176301955
+79176301968
+79176101213
+79176101271
+79176101273
+79176101293
+79176101307
+79176101316
+79176101319
+79176101323
+79176101328
+79176101363
+79867350712
+79867350970
+79867350979
+79867350980
+79867350984
+79867350985
+79867350987
+79867350988
+79867350989
+79867350991
+79176201582
+79176201606
+79176201624
+79176201691
+79176201706
+79176201729
+79176201772
+79176201867
+79176201942
+79176201944
+79170508909
+79170508910
+79170508946
+79170508950
+79170508952
+79170508960
+79170508964
+79170508973
+79170508979
+79170508980
+79170508909
+79170508910
+79170508946
+79170508950
+79170508952
+79170508960
+79170508964
+79170508973
+79170508979
+79170508980
+79170508909
+79170508910
+79170508946
+79170508950
+79170508952
+79170508960
+79170508964
+79170508973
+79170508979
+79170508980
+79176002181
+79176003684
+79176003693
+79176003701
+79176003770
+79176003782
+79176003809
+79176003831
+79176003849
+79176003876
+79876850273
+79876850311
+79876850313
+79876850316
+79876850317
+79876850320
+79876850336
+79876850339
+79876850345
+79876850347
+79876850273
+79876850311
+79876850313
+79876850316
+79876850317
+79876850320
+79876850336
+79876850339
+79876850345
+79876850347
+79867350712
+79867350970
+79867350979
+79867350980
+79867350984
+79867350985
+79867350987
+79867350988
+79867350989
+79867350991
+79170508909
+79170508910
+79170508946
+79170508950
+79170508952
+79170508960
+79170508964
+79170508973
+79170508979
+79170508980
+79176301549
+79176301581
+79176301688
+79176301752
+79176301834
+79176301878
+79176301927
+79176301951
+79176301955
+79176301968
+79170600281
+79170600581
+79170600905
+79170600951
+79170601150
+79170602734
+79170602738
+79170602744
+79170602746
+79170602747
+79867350712
+79867350970
+79867350979
+79867350980
+79867350984
+79867350985
+79867350987
+79867350988
+79867350989
+79867350991
+79876302754
+79876302852
+79876302853
+79876302854
+79876302872
+79876302884
+79876302913
+79876302915
+79876302921
+79876302932
+79876302754
+79876302852
+79876302853
+79876302854
+79876302872
+79876302884
+79876302913
+79876302915
+79876302921
+79876302932
+79876850273
+79876850311
+79876850313
+79876850316
+79876850317
+79876850320
+79876850336
+79876850339
+79876850345
+79876850347
+79176002181
+79176003684
+79176003693
+79176003701
+79176003770
+79176003782
+79176003809
+79176003831
+79176003849
+79176003876
+79176101213
+79176101271
+79176101273
+79176101293
+79176101307
+79176101316
+79176101319
+79176101323
+79176101328
+79176101363
+79876850273
+79876850311
+79876850313
+79876850316
+79876850317
+79876850320
+79876850336
+79876850339
+79876850345
+79876850347
+79176002181
+79176003684
+79176003693
+79176003701
+79176003770
+79176003782
+79176003809
+79176003831
+79176003849
+79176003876
+79867350712
+79867350970
+79867350979
+79867350980
+79867350984
+79867350985
+79867350987
+79867350988
+79867350989
+79867350991
+79176301549
+79176301581
+79176301688
+79176301752
+79176301834
+79176301878
+79176301927
+79176301951
+79176301955
+79176301968
+79170508909
+79170508910
+79170508946
+79170508950
+79170508952
+79170508960
+79170508964
+79170508973
+79170508979
+79170508980
+79170600281
+79170600581
+79170600905
+79170600951
+79170601150
+79170602734
+79170602738
+79170602744
+79170602746
+79170602747
+79876850273
+79876850311
+79876850313
+79876850316
+79876850317
+79876850320
+79876850336
+79876850339
+79876850345
+79876850347
+79176002181
+79176003684
+79176003693
+79176003701
+79176003770
+79176003782
+79176003809
+79176003831
+79176003849
+79176003876
+79867350712
+79867350970
+79867350979
+79867350980
+79867350984
+79867350985
+79867350987
+79867350988
+79867350989
+79867350991
+79176301549
+79176301581
+79176301688
+79176301752
+79176301834
+79176301878
+79176301927
+79176301951
+79176301955
+79176301968
+79176201582
+79176201606
+79176201624
+79176201691
+79176201706
+79176201729
+79176201772
+79176201867
+79176201942
+79176201944
+79176101213
+79176101271
+79176101273
+79176101293
+79176101307
+79176101316
+79176101319
+79176101323
+79176101328
+79176101363
+79176002181
+79176003684
+79176003693
+79176003701
+79176003770
+79176003782
+79176003809
+79176003831
+79176003849
+79176003876
+79176301549
+79176301581
+79176301688
+79176301752
+79176301834
+79176301878
+79176301927
+79176301951
+79176301955
+79176301968
+79176201582
+79176201606
+79176201624
+79176201691
+79176201706
+79176201729
+79176201772
+79176201867
+79176201942
+79176201944
+79176201582
+79176201606
+79176201624
+79176201691
+79176201706
+79176201729
+79176201772
+79176201867
+79176201942
+79176201944
+79176301549
+79176301581
+79176301688
+79176301752
+79176301834
+79176301878
+79176301927
+79176301951
+79176301955
+79176301968
+79876850273
+79876850311
+79876850313
+79876850316
+79876850317
+79876850320
+79876850336
+79876850339
+79876850345
+79876850347
+79876850273
+79876850311
+79876850313
+79876850316
+79876850317
+79876850320
+79876850336
+79876850339
+79876850345
+79876850347
+79176301549
+79176301581
+79176301688
+79176301752
+79176301834
+79176301878
+79176301927
+79176301951
+79176301955
+79176301968
+79867350712
+79867350970
+79867350979
+79867350980
+79867350984
+79867350985
+79867350987
+79867350988
+79867350989
+79867350991
+79170600281
+79170600581
+79170600905
+79170600951
+79170601150
+79170602734
+79170602738
+79170602744
+79170602746
+79170602747
+79176002181
+79176003684
+79176003693
+79176003701
+79176003770
+79176003782
+79176003809
+79176003831
+79176003849
+79176003876
+79176201582
+79176201606
+79176201624
+79176201691
+79176201706
+79176201729
+79176201772
+79176201867
+79176201942
+79176201944
+79176101213
+79176101271
+79176101273
+79176101293
+79176101307
+79176101316
+79176101319
+79176101323
+79176101328
+79176101363
+79170600281
+79170600581
+79170600905
+79170600951
+79170601150
+79170602734
+79170602738
+79170602744
+79170602746
+79170602747
+79867350712
+79867350970
+79867350979
+79867350980
+79867350984
+79867350985
+79867350987
+79867350988
+79867350989
+79867350991
+79170600281
+79170600581
+79170600905
+79170600951
+79170601150
+79170602734
+79170602738
+79170602744
+79170602746
+79170602747
+79876850273
+79876850311
+79876850313
+79876850316
+79876850317
+79876850320
+79876850336
+79876850339
+79876850345
+79876850347
+79176002181
+79176003684
+79176003693
+79176003701
+79176003770
+79176003782
+79176003809
+79176003831
+79176003849
+79176003876
+79176002181
+79176003684
+79176003693
+79176003701
+79176003770
+79176003782
+79176003809
+79176003831
+79176003849
+79176003876
+79176201582
+79176201606
+79176201624
+79176201691
+79176201706
+79176201729
+79176201772
+79176201867
+79176201942
+79176201944
+79876302754
+79876302852
+79876302853
+79876302854
+79876302872
+79876302884
+79876302913
+79876302915
+79876302921
+79876302932
+79176002181
+79176003684
+79176003693
+79176003701
+79176003770
+79176003782
+79176003809
+79176003831
+79176003849
+79176003876
+79176201582
+79176201606
+79176201624
+79176201691
+79176201706
+79176201729
+79176201772
+79176201867
+79176201942
+79176201944
+79170508876
+79170508909
+79170508910
+79170508946
+79170508950
+79170508952
+79170508960
+79170508964
+79170508973
+79170508979
+79170600281
+79170600581
+79170600905
+79170600951
+79170601150
+79170602734
+79170602738
+79170602744
+79170602746
+79170602747
+79176201582
+79176201606
+79176201624
+79176201691
+79176201706
+79176201729
+79176201772
+79176201867
+79176201942
+79176201944
+79176002181
+79176003684
+79176003693
+79176003701
+79176003770
+79176003782
+79176003809
+79176003831
+79176003849
+79176003876
+79876302754
+79876302852
+79876302853
+79876302854
+79876302872
+79876302884
+79876302913
+79876302915
+79876302921
+79876302932
+79170600281
+79170600581
+79170600905
+79170600951
+79170601150
+79170602734
+79170602738
+79170602744
+79170602746
+79170602747
+79176002181
+79176003684
+79176003693
+79176003701
+79176003770
+79176003782
+79176003809
+79176003831
+79176003849
+79176003876
+79176301549
+79176301581
+79176301688
+79176301752
+79176301834
+79176301878
+79176301927
+79176301951
+79176301955
+79176301968
+79176201582
+79176201606
+79176201624
+79176201691
+79176201706
+79176201729
+79176201772
+79176201867
+79176201942
+79176201944
+79176101213
+79176101271
+79176101273
+79176101293
+79176101307
+79176101316
+79176101319
+79176101323
+79176101328
+79176101363
+79170508876
+79170508909
+79170508910
+79170508946
+79170508950
+79170508952
+79170508960
+79170508964
+79170508973
+79170508979
+79176101213
+79176101271
+79176101273
+79176101293
+79176101307
+79176101316
+79176101319
+79176101323
+79176101328
+79176101363
+79876302754
+79876302852
+79876302853
+79876302854
+79876302872
+79876302884
+79876302913
+79876302915
+79876302921
+79876302932
+79176101213
+79176101271
+79176101273
+79176101293
+79176101307
+79176101316
+79176101319
+79176101323
+79176101328
+79176101363
+79170508876
+79170508909
+79170508910
+79170508946
+79170508950
+79170508952
+79170508960
+79170508964
+79170508973
+79170508979
+79170508876
+79170508909
+79170508910
+79170508946
+79170508950
+79170508952
+79170508960
+79170508964
+79170508973
+79170508979
+79176201582
+79176201606
+79176201624
+79176201691
+79176201706
+79176201729
+79176201772
+79176201867
+79176201942
+79176201944
+79170600281
+79170600581
+79170600905
+79170600951
+79170601150
+79170602734
+79170602738
+79170602744
+79170602746
+79170602747
+79170600281
+79170600581
+79170600905
+79170600951
+79170601150
+79170602734
+79170602738
+79170602744
+79170602746
+79170602747
+79176301549
+79176301581
+79176301688
+79176301752
+79176301834
+79176301878
+79176301927
+79176301951
+79176301955
+79176301968
+79176201582
+79176201606
+79176201624
+79176201691
+79176201706
+79176201729
+79176201772
+79176201867
+79176201942
+79176201944
+79867350712
+79867350970
+79867350979
+79867350980
+79867350984
+79867350985
+79867350987
+79867350988
+79867350989
+79867350991
+79876302754
+79876302852
+79876302853
+79876302854
+79876302872
+79876302884
+79876302913
+79876302915
+79876302921
+79876302932
+79176301549
+79176301581
+79176301688
+79176301752
+79176301834
+79176301878
+79176301927
+79176301951
+79176301955
+79176301968
+79176002181
+79176003684
+79176003693
+79176003701
+79176003770
+79176003782
+79176003809
+79176003831
+79176003849
+79176003876
+79176201582
+79176201606
+79176201624
+79176201691
+79176201706
+79176201729
+79176201772
+79176201867
+79176201942
+79176201944
+79170600281
+79170600581
+79170600905
+79170600951
+79170601150
+79170602734
+79170602738
+79170602744
+79170602746
+79170602747
+79170600281
+79170600581
+79170600905
+79170600951
+79170601150
+79170602734
+79170602738
+79170602744
+79170602746
+79170602747
+79176201582
+79176201606
+79176201624
+79176201691
+79176201706
+79176201729
+79176201772
+79176201867
+79176201942
+79176201944
+79176002181
+79176003684
+79176003693
+79176003701
+79176003770
+79176003782
+79176003809
+79176003831
+79176003849
+79176003876
+79876302754
+79876302852
+79876302853
+79876302854
+79876302872
+79876302884
+79876302913
+79876302915
+79876302921
+79876302932
+79176201582
+79176201606
+79176201624
+79176201691
+79176201706
+79176201729
+79176201772
+79176201867
+79176201942
+79176201944
+79176101213
+79176101271
+79176101273
+79176101293
+79176101307
+79176101316
+79176101319
+79176101323
+79176101328
+79176101363
+79176002181
+79176003684
+79176003693
+79176003701
+79176003770
+79176003782
+79176003809
+79176003831
+79176003849
+79176003876
+79176201582
+79176201606
+79176201624
+79176201691
+79176201706
+79176201729
+79176201772
+79176201867
+79176201942
+79176201944
+79876850273
+79876850311
+79876850313
+79876850316
+79876850317
+79876850320
+79876850336
+79876850339
+79876850345
+79876850347
+79867350712
+79867350970
+79867350979
+79867350980
+79867350984
+79867350985
+79867350987
+79867350988
+79867350989
+79867350991
+79176301549
+79176301581
+79176301688
+79176301752
+79176301834
+79176301878
+79176301927
+79176301951
+79176301955
+79176301968
+79867350712
+79867350970
+79867350979
+79867350980
+79867350984
+79867350985
+79867350987
+79867350988
+79867350989
+79867350991
+79176002181
+79176003684
+79176003693
+79176003701
+79176003770
+79176003782
+79176003809
+79176003831
+79176003849
+79176003876
+79176201582
+79176201606
+79176201624
+79176201691
+79176201706
+79176201729
+79176201772
+79176201867
+79176201942
+79176201944
+79867350712
+79867350970
+79867350979
+79867350980
+79867350984
+79867350985
+79867350987
+79867350988
+79867350989
+79867350991
+79176301549
+79176301581
+79176301688
+79176301752
+79176301834
+79176301878
+79176301927
+79176301951
+79176301955
+79176301968
+79176002181
+79176003684
+79176003693
+79176003701
+79176003770
+79176003782
+79176003809
+79176003831
+79176003849
+79176003876
+79176002181
+79176003684
+79176003693
+79176003701
+79176003770
+79176003782
+79176003809
+79176003831
+79176003849
+79176003876
+79876850273
+79876850311
+79876850313
+79876850316
+79876850317
+79876850320
+79876850336
+79876850339
+79876850345
+79876850347
+79170600581
+79170600905
+79170600951
+79170601150
+79170602734
+79170602738
+79170602744
+79170602746
+79170602747
+79170602748
+79876302852
+79876302853
+79876302854
+79876302872
+79876302884
+79876302913
+79876302915
+79876302921
+79876302932
+79876303127
+79867350712
+79867350970
+79867350979
+79867350980
+79867350984
+79867350985
+79867350987
+79867350988
+79867350989
+79867350991
+79176002181
+79176003684
+79176003693
+79176003701
+79176003770
+79176003782
+79176003809
+79176003831
+79176003849
+79176003876
+79176301549
+79176301581
+79176301688
+79176301752
+79176301834
+79176301878
+79176301927
+79176301951
+79176301955
+79176301968
+79867350712
+79867350970
+79867350979
+79867350980
+79867350984
+79867350985
+79867350987
+79867350988
+79867350989
+79867350991
+79176002181
+79176003684
+79176003693
+79176003701
+79176003770
+79176003782
+79176003809
+79176003831
+79176003849
+79176003876
+79876850273
+79876850311
+79876850313
+79876850316
+79876850317
+79876850320
+79876850336
+79876850339
+79876850345
+79876850347
+79170600581
+79170600905
+79170600951
+79170601150
+79170602734
+79170602738
+79170602744
+79170602746
+79170602747
+79170602748
+79867350712
+79867350970
+79867350979
+79867350980
+79867350984
+79867350985
+79867350987
+79867350988
+79867350989
+79867350991
+79876302852
+79876302853
+79876302854
+79876302872
+79876302884
+79876302913
+79876302915
+79876302921
+79876302932
+79876303127
+79176002181
+79176003684
+79176003693
+79176003701
+79176003770
+79176003782
+79176003809
+79176003831
+79176003849
+79176003876
+79867350712
+79867350970
+79867350979
+79867350980
+79867350984
+79867350985
+79867350987
+79867350988
+79867350989
+79867350991
+79176301549
+79176301581
+79176301688
+79176301752
+79176301834
+79176301878
+79176301927
+79176301951
+79176301955
+79176301968
+79867350712
+79867350970
+79867350979
+79867350980
+79867350984
+79867350985
+79867350987
+79867350988
+79867350989
+79867350991
+79176002181
+79176003684
+79176003693
+79176003701
+79176003770
+79176003782
+79176003809
+79176003831
+79176003849
+79176003876
+79176002181
+79176003684
+79176003693
+79176003701
+79176003770
+79176003782
+79176003809
+79176003831
+79176003849
+79176003876
+79176301549
+79176301581
+79176301688
+79176301752
+79176301834
+79176301878
+79176301927
+79176301951
+79176301955
+79176301968
+79176002181
+79176003684
+79176003693
+79176003701
+79176003770
+79176003782
+79176003809
+79176003831
+79176003849
+79176003876
+79170508876
+79170508909
+79170508910
+79170508946
+79170508950
+79170508952
+79170508960
+79170508964
+79170508973
+79170508979
+79867350712
+79867350970
+79867350979
+79867350980
+79867350984
+79867350985
+79867350987
+79867350988
+79867350989
+79867350991
