+79157600263
+79157600827
+79157601778
+79157601861
+79157602129
+79157602635
+79157602679
+79157603209
+79157603971
+79157605706
+79101700278
+79101700329
+79101700786
+79101700852
+79101700937
+79101701078
+79101701261
+79101701271
+79101701372
+79101701410
+79101700278
+79101700329
+79101700786
+79101700852
+79101700937
+79101701078
+79101701261
+79101701271
+79101701372
+79101701410
+79157501936
+79157501999
+79157502032
+79157502158
+79157502161
+79157502173
+79157502220
+79157502221
+79157502228
+79157502229
+79805817674
+79805819957
+79100360458
+79100360493
+79100360949
+79100361063
+79100361532
+79100362229
+79100374203
+79157501936
+79157600263
+79157600827
+79157601778
+79157601861
+79157602129
+79157602635
+79157602679
+79157603209
+79157603971
+79157605706
+79101700278
+79101700329
+79101700786
+79101700852
+79101700937
+79101701078
+79101701261
+79101701271
+79101701372
+79101701410
+79100900857
+79100915380
+79100915381
+79100915386
+79100915468
+79100915479
+79100915502
+79100915553
+79100915559
+79100915574
+79157600263
+79157600827
+79157601778
+79157601861
+79157602129
+79157602635
+79157602679
+79157603209
+79157603971
+79157605706
+79106700132
+79106708794
+79106708796
+79106708798
+79106708819
+79106708829
+79106708841
+79106708847
+79106708848
+79106708849
+79100900857
+79100915380
+79100915381
+79100915386
+79100915468
+79100915479
+79100915502
+79100915553
+79100915559
+79100915574
+79157501936
+79157501999
+79157502032
+79157502158
+79157502161
+79157502173
+79157502220
+79157502221
+79157502228
+79157502229
+79100360458
+79100360493
+79100360949
+79100361063
+79100361532
+79100362229
+79100374203
+79101800148
+79101800341
+79101800412
+79157600263
+79157600827
+79157601778
+79157601861
+79157602129
+79157602635
+79157602679
+79157603209
+79157603971
+79157605706
+79100360458
+79100360493
+79100360949
+79100361063
+79100361532
+79100362229
+79100374203
+79106700132
+79106708794
+79106708796
+79807500114
+79807500248
+79807500486
+79807500496
+79807500528
+79807500601
+79807500603
+79807500614
+79807500617
+79807500627
+79157501936
+79157501999
+79157502032
+79157502158
+79157502161
+79157502173
+79157502220
+79157502221
+79157502228
+79157502229
+79157501936
+79157501999
+79157502032
+79157502158
+79157502161
+79157502173
+79157502220
+79157502221
+79157502228
+79157502229
+79190100619
+79190100627
+79190100634
+79190100635
+79190100643
+79190100655
+79190100792
+79190100814
+79190100824
+79190100913
+79807500114
+79807500248
+79807500486
+79807500496
+79807500528
+79807500601
+79807500603
+79807500614
+79807500617
+79807500627
+79190001584
+79190001641
+79190001646
+79190001650
+79190001651
+79190001654
+79190001680
+79190001681
+79190001690
+79190001691
+79157701028
+79157701060
+79157701072
+79157701079
+79157701124
+79157701420
+79157704131
+79157704481
+79157705010
+79157707994
+79101700278
+79101700329
+79101700786
+79101700852
+79101700937
+79101701078
+79101701261
+79101701271
+79101701372
+79101701410
+79101700278
+79101700329
+79101700786
+79101700852
+79101700937
+79101701078
+79101701261
+79101701271
+79101701372
+79101701410
+79101800148
+79101800341
+79101800412
+79101800486
+79101800489
+79101800921
+79101801175
+79101801208
+79101801292
+79101801296
+79101800148
+79101800341
+79101800412
+79101800486
+79101800489
+79101800921
+79101801175
+79101801208
+79101801292
+79101801296
+79157701028
+79157701060
+79157701072
+79157701079
+79157701124
+79157701420
+79157704131
+79157704481
+79157705010
+79157707994
+79100360458
+79100360493
+79100360949
+79100361063
+79100361532
+79100362229
+79100374203
+79807500114
+79807500248
+79807500486
+79190100619
+79190100627
+79190100634
+79190100635
+79190100643
+79190100655
+79190100792
+79190100814
+79190100824
+79190100913
+79805817674
+79805819957
+79100360458
+79100360493
+79100360949
+79100361063
+79100361532
+79100362229
+79100374203
+79190200139
+79107700469
+79107700485
+79107700518
+79107700534
+79107700612
+79107700681
+79107700682
+79107700913
+79107700924
+79107700956
+79190001584
+79190001641
+79190001646
+79190001650
+79190001651
+79190001654
+79190001680
+79190001681
+79190001690
+79190001691
+79157701028
+79157701060
+79157701072
+79157701079
+79157701124
+79157701420
+79157704131
+79157704481
+79157705010
+79157707994
+79107700469
+79107700485
+79107700518
+79107700534
+79107700612
+79107700681
+79107700682
+79107700913
+79107700924
+79107700956
+79805817674
+79805819957
+79157905257
+79157909170
+79157909175
+79157909176
+79157909177
+79157909178
+79157909182
+79157909186
+79157600263
+79157600827
+79157601778
+79157601861
+79157602129
+79157602635
+79157602679
+79157603209
+79157603971
+79157605706
+79107700469
+79107700485
+79107700518
+79107700534
+79107700612
+79107700681
+79107700682
+79107700913
+79107700924
+79107700956
+79157600263
+79157600827
+79157601778
+79157601861
+79157602129
+79157602635
+79157602679
+79157603209
+79157603971
+79157605706
+79805817674
+79805819957
+79190200139
+79190200149
+79190200239
+79190200247
+79190200256
+79190200279
+79190200410
+79190200423
+79101700278
+79101700329
+79101700786
+79101700852
+79101700937
+79101701078
+79101701261
+79101701271
+79101701372
+79101701410
+79190200139
+79190200149
+79190200239
+79190200247
+79190200256
+79190200279
+79190200410
+79190200423
+79190200462
+79190200653
+79157600263
+79157600827
+79157601778
+79157601861
+79157602129
+79157602635
+79157602679
+79157603209
+79157603971
+79157605706
+79190001584
+79190001641
+79190001646
+79190001650
+79190001651
+79190001654
+79190001680
+79190001681
+79190001690
+79190001691
+79157501936
+79157501999
+79157502032
+79157502158
+79157502161
+79157502173
+79157502220
+79157502221
+79157502228
+79157502229
+79106700132
+79106708794
+79106708796
+79106708798
+79106708819
+79106708829
+79106708841
+79106708847
+79106708848
+79106708849
+79101700278
+79101700329
+79101700786
+79101700852
+79101700937
+79101701078
+79101701261
+79101701271
+79101701372
+79101701410
+79190200139
+79190200149
+79190200239
+79190200247
+79190200256
+79190200279
+79190200410
+79190200423
+79190200462
+79190200653
+79157501936
+79157501999
+79157502032
+79157502158
+79157502161
+79157502173
+79157502220
+79157502221
+79157502228
+79157502229
+79107700469
+79107700485
+79107700518
+79107700534
+79107700612
+79107700681
+79107700682
+79107700913
+79107700924
+79107700956
+79100900857
+79100915380
+79100915381
+79100915386
+79100915468
+79100915479
+79100915502
+79100915553
+79100915559
+79100915574
+79101700278
+79101700329
+79101700786
+79101700852
+79101700937
+79101701078
+79101701261
+79101701271
+79101701372
+79101701410
+79157501936
+79157501999
+79157502032
+79157502158
+79157502161
+79157502173
+79157502220
+79157502221
+79157502228
+79157502229
+79100360458
+79100360493
+79100360949
+79100361063
+79100361532
+79100362229
+79100374203
+79106700132
+79106708794
+79106708796
+79106700132
+79106708794
+79106708796
+79106708798
+79106708819
+79106708829
+79106708841
+79106708847
+79106708848
+79106708849
+79190100619
+79190100627
+79190100634
+79190100635
+79190100643
+79190100655
+79190100792
+79190100814
+79190100824
+79190100913
+79190200139
+79190200149
+79190200239
+79190200247
+79190200256
+79190200279
+79190200410
+79190200423
+79190200462
+79190200653
+79101700278
+79101700329
+79101700786
+79101700852
+79101700937
+79101701078
+79101701261
+79101701271
+79101701372
+79101701410
+79100360458
+79100360493
+79100360949
+79100361063
+79100361532
+79100362229
+79100374203
+79157501936
+79157501999
+79157502032
+79106700132
+79106708794
+79106708796
+79106708798
+79106708819
+79106708829
+79106708841
+79106708847
+79106708848
+79106708849
+79101700278
+79101700329
+79101700786
+79101700852
+79101700937
+79101701078
+79101701261
+79101701271
+79101701372
+79101701410
+79157600263
+79157600827
+79157601778
+79157601861
+79157602129
+79157602635
+79157602679
+79157603209
+79157603971
+79157605706
+79101700278
+79101700329
+79101700786
+79101700852
+79101700937
+79101701078
+79101701261
+79101701271
+79101701372
+79101701410
+79190001584
+79190001641
+79190001646
+79190001650
+79190001651
+79190001654
+79190001680
+79190001681
+79190001690
+79190001691
+79157501936
+79157501999
+79157502032
+79157502158
+79157502161
+79157502173
+79157502220
+79157502221
+79157502228
+79157502229
+79190200139
+79190200149
+79190200239
+79190200247
+79190200256
+79190200279
+79190200410
+79190200423
+79190200462
+79190200653
+79101700278
+79101700329
+79101700786
+79101700852
+79101700937
+79101701078
+79101701261
+79101701271
+79101701372
+79101701410
+79157905257
+79157909170
+79157909175
+79157909176
+79157909177
+79157909178
+79157909182
+79157909186
+79157909193
+79157909213
+79807500114
+79807500248
+79807500486
+79807500496
+79807500528
+79807500601
+79807500603
+79807500614
+79807500617
+79807500627
+79157905257
+79157909170
+79157909175
+79157909176
+79157909177
+79157909178
+79157909182
+79157909186
+79157909193
+79157909213
+79157905257
+79157909170
+79157909175
+79157909176
+79157909177
+79157909178
+79157909182
+79157909186
+79157909193
+79157909213
+79190200139
+79190200149
+79190200239
+79190200247
+79190200256
+79190200279
+79190200410
+79190200423
+79190200462
+79190200653
+79190100619
+79190100627
+79190100634
+79190100635
+79190100643
+79190100655
+79190100792
+79190100814
+79190100824
+79190100913
+79101800148
+79101800341
+79101800412
+79101800486
+79101800489
+79101800921
+79101801175
+79101801208
+79101801292
+79101801296
+79157501936
+79157501999
+79157502032
+79157502158
+79157502161
+79157502173
+79157502220
+79157502221
+79157502228
+79157502229
+79190100619
+79190100627
+79190100634
+79190100635
+79190100643
+79190100655
+79190100792
+79190100814
+79190100824
+79190100913
+79157600263
+79157600827
+79157601778
+79157601861
+79157602129
+79157602635
+79157602679
+79157603209
+79157603971
+79157605706
+79157501936
+79157501999
+79157502032
+79157502158
+79157502161
+79157502173
+79157502220
+79157502221
+79157502228
+79157502229
+79190001584
+79190001641
+79190001646
+79190001650
+79190001651
+79190001654
+79190001680
+79190001681
+79190001690
+79190001691
+79807500114
+79807500248
+79807500486
+79807500496
+79807500528
+79807500601
+79807500603
+79807500614
+79807500617
+79807500627
+79107700469
+79107700485
+79107700518
+79107700534
+79107700612
+79107700681
+79107700682
+79107700913
+79107700924
+79107700956
+79157701028
+79157701060
+79157701072
+79157701079
+79157701124
+79157701420
+79157704131
+79157704481
+79157705010
+79157707994
+79101700278
+79101700329
+79101700786
+79101700852
+79101700937
+79101701078
+79101701261
+79101701271
+79101701372
+79101701410
+79106700132
+79106708794
+79106708796
+79106708798
+79106708819
+79106708829
+79106708841
+79106708847
+79106708848
+79106708849
+79107700469
+79107700485
+79107700518
+79107700534
+79107700612
+79107700681
+79107700682
+79107700913
+79107700924
+79107700956
+79157905257
+79157909170
+79157909175
+79157909176
+79157909177
+79157909178
+79157909182
+79157909186
+79157909193
+79157909213
+79157701028
+79157701060
+79157701072
+79157701079
+79157701124
+79157701420
+79157704131
+79157704481
+79157705010
+79157707994
+79807500114
+79807500248
+79807500486
+79807500496
+79807500528
+79807500601
+79807500603
+79807500614
+79807500617
+79807500627
+79157600263
+79157600827
+79157601778
+79157601861
+79157602129
+79157602635
+79157602679
+79157603209
+79157603971
+79157605706
+79190001584
+79190001641
+79190001646
+79190001650
+79190001651
+79190001654
+79190001680
+79190001681
+79190001690
+79190001691
+79157905257
+79157909170
+79157909175
+79157909176
+79157909177
+79157909178
+79157909182
+79157909186
+79157909193
+79157909213
+79100900857
+79100915380
+79100915381
+79100915386
+79100915468
+79100915479
+79100915502
+79100915553
+79100915559
+79100915574
+79101700278
+79101700329
+79101700786
+79101700852
+79101700937
+79101701078
+79101701261
+79101701271
+79101701372
+79101701410
+79106700132
+79106708794
+79106708796
+79106708798
+79106708819
+79106708829
+79106708841
+79106708847
+79106708848
+79106708849
+79107700469
+79107700485
+79107700518
+79107700534
+79107700612
+79107700681
+79107700682
+79107700913
+79107700924
+79107700956
+79805817674
+79805819957
+79157905257
+79157909170
+79157909175
+79157909176
+79157909177
+79157909178
+79157909182
+79157909186
+79107700469
+79107700485
+79107700518
+79107700534
+79107700612
+79107700681
+79107700682
+79107700913
+79107700924
+79107700956
+79100900857
+79100915380
+79100915381
+79100915386
+79100915468
+79100915479
+79100915502
+79100915553
+79100915559
+79100915574
+79190100619
+79190100627
+79190100634
+79190100635
+79190100643
+79190100655
+79190100792
+79190100814
+79190100824
+79190100913
+79190100619
+79190100627
+79190100634
+79190100635
+79190100643
+79190100655
+79190100792
+79190100814
+79190100824
+79190100913
+79190200139
+79190200149
+79190200239
+79190200247
+79190200256
+79190200279
+79190200410
+79190200423
+79190200462
+79190200653
+79190200139
+79190200149
+79190200239
+79190200247
+79190200256
+79190200279
+79190200410
+79190200423
+79190200462
+79190200653
+79157501936
+79157501999
+79157502032
+79157502158
+79157502161
+79157502173
+79157502220
+79157502221
+79157502228
+79157502229
+79157905257
+79157909170
+79157909175
+79157909176
+79157909177
+79157909178
+79157909182
+79157909186
+79157909193
+79157909213
+79100900857
+79100915380
+79100915381
+79100915386
+79100915468
+79100915479
+79100915502
+79100915553
+79100915559
+79100915574
+79157501936
+79157501999
+79157502032
+79157502158
+79157502161
+79157502173
+79157502220
+79157502221
+79157502228
+79157502229
+79157701028
+79157701060
+79157701072
+79157701079
+79157701124
+79157701420
+79157704131
+79157704481
+79157705010
+79157707994
+79157600263
+79157600827
+79157601778
+79157601861
+79157602129
+79157602635
+79157602679
+79157603209
+79157603971
+79157605706
+79100360458
+79100360493
+79100360949
+79100361063
+79100361532
+79100362229
+79100374203
+79805817674
+79805819957
+79807500114
+79101700278
+79101700329
+79101700786
+79101700852
+79101700937
+79101701078
+79101701261
+79101701271
+79101701372
+79101701410
+79100360458
+79100360493
+79100360949
+79100361063
+79100361532
+79100362229
+79100374203
+79157701028
+79157701060
+79157701072
+79101700278
+79101700329
+79101700786
+79101700852
+79101700937
+79101701078
+79101701261
+79101701271
+79101701372
+79101701410
+79157905257
+79157909170
+79157909175
+79157909176
+79157909177
+79157909178
+79157909182
+79157909186
+79157909193
+79157909213
+79100900857
+79100915380
+79100915381
+79100915386
+79100915468
+79100915479
+79100915502
+79100915553
+79100915559
+79100915574
+79106700132
+79106708794
+79106708796
+79106708798
+79106708819
+79106708829
+79106708841
+79106708847
+79106708848
+79106708849
+79190100619
+79190100627
+79190100634
+79190100635
+79190100643
+79190100655
+79190100792
+79190100814
+79190100824
+79190100913
+79100360458
+79100360493
+79100360949
+79100361063
+79100361532
+79100362229
+79100374203
+79190200139
+79190200149
+79190200239
+79106700132
+79106708794
+79106708796
+79106708798
+79106708819
+79106708829
+79106708841
+79106708847
+79106708848
+79106708849
+79157501936
+79157501999
+79157502032
+79157502158
+79157502161
+79157502173
+79157502220
+79157502221
+79157502228
+79157502229
+79101700278
+79101700329
+79101700786
+79101700852
+79101700937
+79101701078
+79101701261
+79101701271
+79101701372
+79101701410
+79805817674
+79805819957
+79107700469
+79107700485
+79107700518
+79107700534
+79107700612
+79107700681
+79107700682
+79107700913
+79100900857
+79100915380
+79100915381
+79100915386
+79100915468
+79100915479
+79100915502
+79100915553
+79100915559
+79100915574
+79190200139
+79190200149
+79190200239
+79190200247
+79190200256
+79190200279
+79190200410
+79190200423
+79190200462
+79190200653
+79100360458
+79100360493
+79100360949
+79100361063
+79100361532
+79100362229
+79100374203
+79101700278
+79101700329
+79101700786
+79157905257
+79157909170
+79157909175
+79157909176
+79157909177
+79157909178
+79157909182
+79157909186
+79157909193
+79157909213
+79100360458
+79100360493
+79100360949
+79100361063
+79100361532
+79100362229
+79100374203
+79157600263
+79157600827
+79157601778
+79157600263
+79157600827
+79157601778
+79157601861
+79157602129
+79157602635
+79157602679
+79157603209
+79157603971
+79157605706
+79190200139
+79190200149
+79190200239
+79190200247
+79190200256
+79190200279
+79190200410
+79190200423
+79190200462
+79190200653
+79100360458
+79100360493
+79100360949
+79100361063
+79100361532
+79100362229
+79100374203
+79157905257
+79157909170
+79157909175
+79157501936
+79157501999
+79157502032
+79157502158
+79157502161
+79157502173
+79157502220
+79157502221
+79157502228
+79157502229
+79805817674
+79805819957
+79157701028
+79157701060
+79157701072
+79157701079
+79157701124
+79157701420
+79157704131
+79157704481
+79190001584
+79190001641
+79190001646
+79190001650
+79190001651
+79190001654
+79190001680
+79190001681
+79190001690
+79190001691
+79107700469
+79107700485
+79107700518
+79107700534
+79107700612
+79107700681
+79107700682
+79107700913
+79107700924
+79107700956
+79190001584
+79190001641
+79190001646
+79190001650
+79190001651
+79190001654
+79190001680
+79190001681
+79190001690
+79190001691
+79190100619
+79190100627
+79190100634
+79190100635
+79190100643
+79190100655
+79190100792
+79190100814
+79190100824
+79190100913
+79107700469
+79107700485
+79107700518
+79107700534
+79107700612
+79107700681
+79107700682
+79107700913
+79107700924
+79107700956
+79100900857
+79100915380
+79100915381
+79100915386
+79100915468
+79100915479
+79100915502
+79100915553
+79100915559
+79100915574
+79101800148
+79101800341
+79101800412
+79101800486
+79101800489
+79101800921
+79101801175
+79101801208
+79101801292
+79101801296
+79157600263
+79157600827
+79157601778
+79157601861
+79157602129
+79157602635
+79157602679
+79157603209
+79157603971
+79157605706
+79190200139
+79190200149
+79190200239
+79190200247
+79190200256
+79190200279
+79190200410
+79190200423
+79190200462
+79190200653
+79100360458
+79100360493
+79100360949
+79100361063
+79100361532
+79100362229
+79100374203
+79107700469
+79107700485
+79107700518
+79157600263
+79157600827
+79157601778
+79157601861
+79157602129
+79157602635
+79157602679
+79157603209
+79157603971
+79157605706
+79157600263
+79157600827
+79157601778
+79157601861
+79157602129
+79157602635
+79157602679
+79157603209
+79157603971
+79157605706
+79100360458
+79100360493
+79100360949
+79100361063
+79100361532
+79100362229
+79100374203
+79101700278
+79101700329
+79101700786
+79100900857
+79100915380
+79100915381
+79100915386
+79100915468
+79100915479
+79100915502
+79100915553
+79100915559
+79100915574
+79100360458
+79100360493
+79100360949
+79100361063
+79100361532
+79100362229
+79100374203
+79100900857
+79100915380
+79100915381
+79805817674
+79805819957
+79106700132
+79106708794
+79106708796
+79106708798
+79106708819
+79106708829
+79106708841
+79106708847
+79190001584
+79190001641
+79190001646
+79190001650
+79190001651
+79190001654
+79190001680
+79190001681
+79190001690
+79190001691
+79807500114
+79807500248
+79807500486
+79807500496
+79807500528
+79807500601
+79807500603
+79807500614
+79807500617
+79807500627
+79100360458
+79100360493
+79100360949
+79100361063
+79100361532
+79100362229
+79100374203
+79190001584
+79190001641
+79190001646
+79190200139
+79190200149
+79190200239
+79190200247
+79190200256
+79190200279
+79190200410
+79190200423
+79190200462
+79190200653
+79157600263
+79157600827
+79157601778
+79157601861
+79157602129
+79157602635
+79157602679
+79157603209
+79157603971
+79157605706
+79106700132
+79106708794
+79106708796
+79106708798
+79106708819
+79106708829
+79106708841
+79106708847
+79106708848
+79106708849
+79101700278
+79101700329
+79101700786
+79101700852
+79101700937
+79101701078
+79101701261
+79101701271
+79101701372
+79101701410
+79190001584
+79190001641
+79190001646
+79190001650
+79190001651
+79190001654
+79190001680
+79190001681
+79190001690
+79190001691
+79101800148
+79101800341
+79101800412
+79101800486
+79101800489
+79101800921
+79101801175
+79101801208
+79101801292
+79101801296
+79107700469
+79107700485
+79107700518
+79107700534
+79107700612
+79107700681
+79107700682
+79107700913
+79107700924
+79107700956
+79157701028
+79157701060
+79157701072
+79157701079
+79157701124
+79157701420
+79157704131
+79157704481
+79157705010
+79157707994
+79157600263
+79157600827
+79157601778
+79157601861
+79157602129
+79157602635
+79157602679
+79157603209
+79157603971
+79157605706
+79157501936
+79157501999
+79157502032
+79157502158
+79157502161
+79157502173
+79157502220
+79157502221
+79157502228
+79157502229
+79190100619
+79190100627
+79190100634
+79190100635
+79190100643
+79190100655
+79190100792
+79190100814
+79190100824
+79190100913
+79190001584
+79190001641
+79190001646
+79190001650
+79190001651
+79190001654
+79190001680
+79190001681
+79190001690
+79190001691
+79190100619
+79190100627
+79190100634
+79190100635
+79190100643
+79190100655
+79190100792
+79190100814
+79190100824
+79190100913
+79157905257
+79157909170
+79157909175
+79157909176
+79157909177
+79157909178
+79157909182
+79157909186
+79157909193
+79157909213
+79157600263
+79157600827
+79157601778
+79157601861
+79157602129
+79157602635
+79157602679
+79157603209
+79157603971
+79157605706
+79101800148
+79101800341
+79101800412
+79101800486
+79101800489
+79101800921
+79101801175
+79101801208
+79101801292
+79101801296
+79190200139
+79190200149
+79190200239
+79190200247
+79190200256
+79190200279
+79190200410
+79190200423
+79190200462
+79190200653
+79157501936
+79157501999
+79157502032
+79157502158
+79157502161
+79157502173
+79157502220
+79157502221
+79157502228
+79157502229
+79157905257
+79157909170
+79157909175
+79157909176
+79157909177
+79157909178
+79157909182
+79157909186
+79157909193
+79157909213
+79190100619
+79190100627
+79190100634
+79190100635
+79190100643
+79190100655
+79190100792
+79190100814
+79190100824
+79190100913
+79157600263
+79157600827
+79157601778
+79157601861
+79157602129
+79157602635
+79157602679
+79157603209
+79157603971
+79157605706
+79157701028
+79157701060
+79157701072
+79157701079
+79157701124
+79157701420
+79157704131
+79157704481
+79157705010
+79157707994
+79107700469
+79107700485
+79107700518
+79107700534
+79107700612
+79107700681
+79107700682
+79107700913
+79107700924
+79107700956
+79190001584
+79190001641
+79190001646
+79190001650
+79190001651
+79190001654
+79190001680
+79190001681
+79190001690
+79190001691
+79107700469
+79107700485
+79107700518
+79107700534
+79107700612
+79107700681
+79107700682
+79107700913
+79107700924
+79107700956
+79190200139
+79190200149
+79190200239
+79190200247
+79190200256
+79190200279
+79190200410
+79190200423
+79190200462
+79190200653
+79157905257
+79157909170
+79157909175
+79157909176
+79157909177
+79157909178
+79157909182
+79157909186
+79157909193
+79157909213
+79190200139
+79190200149
+79190200239
+79190200247
+79190200256
+79190200279
+79190200410
+79190200423
+79190200462
+79190200653
+79157701028
+79157701060
+79157701072
+79157701079
+79157701124
+79157701420
+79157704131
+79157704481
+79157705010
+79157707994
+79805817674
+79805819957
+79101800148
+79101800341
+79101800412
+79101800486
+79101800489
+79101800921
+79101801175
+79101801208
+79157501936
+79157501999
+79157502032
+79157502158
+79157502161
+79157502173
+79157502220
+79157502221
+79157502228
+79157502229
+79807500114
+79807500248
+79807500486
+79807500496
+79807500528
+79807500601
+79807500603
+79807500614
+79807500617
+79807500627
+79190001584
+79190001641
+79190001646
+79190001650
+79190001651
+79190001654
+79190001680
+79190001681
+79190001690
+79190001691
+79100900857
+79100915380
+79100915381
+79100915386
+79100915468
+79100915479
+79100915502
+79100915553
+79100915559
+79100915574
+79190100619
+79190100627
+79190100634
+79190100635
+79190100643
+79190100655
+79190100792
+79190100814
+79190100824
+79190100913
+79157501936
+79157501999
+79157502032
+79157502158
+79157502161
+79157502173
+79157502220
+79157502221
+79157502228
+79157502229
+79157501936
+79157501999
+79157502032
+79157502158
+79157502161
+79157502173
+79157502220
+79157502221
+79157502228
+79157502229
+79157701028
+79157701060
+79157701072
+79157701079
+79157701124
+79157701420
+79157704131
+79157704481
+79157705010
+79157707994
+79157905257
+79157909170
+79157909175
+79157909176
+79157909177
+79157909178
+79157909182
+79157909186
+79157909193
+79157909213
+79157701028
+79157701060
+79157701072
+79157701079
+79157701124
+79157701420
+79157704131
+79157704481
+79157705010
+79157707994
+79805817674
+79805819957
+79190001584
+79190001641
+79190001646
+79190001650
+79190001651
+79190001654
+79190001680
+79190001681
+79157905257
+79157909170
+79157909175
+79157909176
+79157909177
+79157909178
+79157909182
+79157909186
+79157909193
+79157909213
+79807500114
+79807500248
+79807500486
+79807500496
+79807500528
+79807500601
+79807500603
+79807500614
+79807500617
+79807500627
+79107700469
+79107700485
+79107700518
+79107700534
+79107700612
+79107700681
+79107700682
+79107700913
+79107700924
+79107700956
+79190100619
+79190100627
+79190100634
+79190100635
+79190100643
+79190100655
+79190100792
+79190100814
+79190100824
+79190100913
+79100360458
+79100360493
+79100360949
+79100361063
+79100361532
+79100362229
+79100374203
+79157701028
+79157701060
+79157701072
+79101800148
+79101800341
+79101800412
+79101800486
+79101800489
+79101800921
+79101801175
+79101801208
+79101801292
+79101801296
+79101700278
+79101700329
+79101700786
+79101700852
+79101700937
+79101701078
+79101701261
+79101701271
+79101701372
+79101701410
+79101700278
+79101700329
+79101700786
+79101700852
+79101700937
+79101701078
+79101701261
+79101701271
+79101701372
+79101701410
+79107700469
+79107700485
+79107700518
+79107700534
+79107700612
+79107700681
+79107700682
+79107700913
+79107700924
+79107700956
+79190100619
+79190100627
+79190100634
+79190100635
+79190100643
+79190100655
+79190100792
+79190100814
+79190100824
+79190100913
+79101800148
+79101800341
+79101800412
+79101800486
+79101800489
+79101800921
+79101801175
+79101801208
+79101801292
+79101801296
+79190001584
+79190001641
+79190001646
+79190001650
+79190001651
+79190001654
+79190001680
+79190001681
+79190001690
+79190001691
+79101700278
+79101700329
+79101700786
+79101700852
+79101700937
+79101701078
+79101701261
+79101701271
+79101701372
+79101701410
+79107700469
+79107700485
+79107700518
+79107700534
+79107700612
+79107700681
+79107700682
+79107700913
+79107700924
+79107700956
+79100900857
+79100915380
+79100915381
+79100915386
+79100915468
+79100915479
+79100915502
+79100915553
+79100915559
+79100915574
+79807500114
+79807500248
+79807500486
+79807500496
+79807500528
+79807500601
+79807500603
+79807500614
+79807500617
+79807500627
+79805817674
+79805819957
+79190100619
+79190100627
+79190100634
+79190100635
+79190100643
+79190100655
+79190100792
+79190100814
+79101700278
+79101700329
+79101700786
+79101700852
+79101700937
+79101701078
+79101701261
+79101701271
+79101701372
+79101701410
+79157905257
+79157909170
+79157909175
+79157909176
+79157909177
+79157909178
+79157909182
+79157909186
+79157909193
+79157909213
+79805817674
+79805819957
+79101800148
+79101800341
+79101800412
+79101800486
+79101800489
+79101800921
+79101801175
+79101801208
+79100900857
+79100915380
+79100915381
+79100915386
+79100915468
+79100915479
+79100915502
+79100915553
+79100915559
+79100915574
+79100360458
+79100360493
+79100360949
+79100361063
+79100361532
+79100362229
+79100374203
+79157701028
+79157701060
+79157701072
+79805817674
+79805819957
+79107700469
+79107700485
+79107700518
+79107700534
+79107700612
+79107700681
+79107700682
+79107700913
+79101700278
+79101700329
+79101700786
+79101700852
+79101700937
+79101701078
+79101701261
+79101701271
+79101701372
+79101701410
+79807500114
+79807500248
+79807500486
+79807500496
+79807500528
+79807500601
+79807500603
+79807500614
+79807500617
+79807500627
+79157600263
+79157600827
+79157601778
+79157601861
+79157602129
+79157602635
+79157602679
+79157603209
+79157603971
+79157605706
+79805817674
+79805819957
+79190200139
+79190200149
+79190200239
+79190200247
+79190200256
+79190200279
+79190200410
+79190200423
+79100900857
+79100915380
+79100915381
+79100915386
+79100915468
+79100915479
+79100915502
+79100915553
+79100915559
+79100915574
+79190200139
+79190200149
+79190200239
+79190200247
+79190200256
+79190200279
+79190200410
+79190200423
+79190200462
+79190200653
+79101700278
+79101700329
+79101700786
+79101700852
+79101700937
+79101701078
+79101701261
+79101701271
+79101701372
+79101701410
+79101800148
+79101800341
+79101800412
+79101800486
+79101800489
+79101800921
+79101801175
+79101801208
+79101801292
+79101801296
+79101700278
+79101700329
+79101700786
+79101700852
+79101700937
+79101701078
+79101701261
+79101701271
+79101701372
+79101701410
+79100900857
+79100915380
+79100915381
+79100915386
+79100915468
+79100915479
+79100915502
+79100915553
+79100915559
+79100915574
+79101800148
+79101800341
+79101800412
+79101800486
+79101800489
+79101800921
+79101801175
+79101801208
+79101801292
+79101801296
+79190001584
+79190001641
+79190001646
+79190001650
+79190001651
+79190001654
+79190001680
+79190001681
+79190001690
+79190001691
+79157600263
+79157600827
+79157601778
+79157601861
+79157602129
+79157602635
+79157602679
+79157603209
+79157603971
+79157605706
+79190001584
+79190001641
+79190001646
+79190001650
+79190001651
+79190001654
+79190001680
+79190001681
+79190001690
+79190001691
+79190200130
+79190200139
+79190200149
+79190200239
+79190200247
+79190200256
+79190200279
+79190200410
+79190200423
+79190200462
+79157600263
+79157600827
+79157601778
+79157601861
+79157602129
+79157602635
+79157602679
+79157603209
+79157603971
+79157605706
+79190200130
+79190200139
+79190200149
+79190200239
+79190200247
+79190200256
+79190200279
+79190200410
+79190200423
+79190200462
+79106700132
+79106708794
+79106708796
+79106708798
+79106708819
+79106708829
+79106708841
+79106708847
+79106708848
+79106708849
+79107700469
+79107700485
+79107700518
+79107700534
+79107700612
+79107700681
+79107700682
+79107700913
+79107700924
+79107700956
+79107700469
+79107700485
+79107700518
+79107700534
+79107700612
+79107700681
+79107700682
+79107700913
+79107700924
+79107700956
+79157701028
+79157701060
+79157701072
+79157701079
+79157701124
+79157701420
+79157704131
+79157704481
+79157705010
+79157707994
+79100900857
+79100915380
+79100915381
+79100915386
+79100915468
+79100915479
+79100915502
+79100915553
+79100915559
+79100915574
+79106700132
+79106708794
+79106708796
+79106708798
+79106708819
+79106708829
+79106708841
+79106708847
+79106708848
+79106708849
+79190200130
+79190200139
+79190200149
+79190200239
+79190200247
+79190200256
+79190200279
+79190200410
+79190200423
+79190200462
+79100360458
+79100360493
+79100360949
+79100361063
+79100361532
+79100362229
+79100374203
+79106700132
+79106708794
+79106708796
+79805817674
+79805819957
+79100360458
+79100360493
+79100360949
+79100361063
+79100361532
+79100362229
+79100374203
+79101800148
+79100900857
+79100915380
+79100915381
+79100915386
+79100915468
+79100915479
+79100915502
+79100915553
+79100915559
+79100915574
+79805817674
+79805819957
+79107700469
+79107700485
+79107700518
+79107700534
+79107700612
+79107700681
+79107700682
+79107700913
+79805817674
+79805819957
+79807500114
+79807500248
+79807500486
+79807500496
+79807500528
+79807500601
+79807500603
+79807500614
+79107700469
+79107700485
+79107700518
+79107700534
+79107700612
+79107700681
+79107700682
+79107700913
+79107700924
+79107700956
+79101700278
+79101700329
+79101700786
+79101700852
+79101700937
+79101701078
+79101701261
+79101701271
+79101701372
+79101701410
+79101700278
+79101700329
+79101700786
+79101700852
+79101700937
+79101701078
+79101701261
+79101701271
+79101701372
+79101701410
+79100900857
+79100915380
+79100915381
+79100915386
+79100915468
+79100915479
+79100915502
+79100915553
+79100915559
+79100915574
+79190001584
+79190001641
+79190001646
+79190001650
+79190001651
+79190001654
+79190001680
+79190001681
+79190001690
+79190001691
+79107700469
+79107700485
+79107700518
+79107700534
+79107700612
+79107700681
+79107700682
+79107700913
+79107700924
+79107700956
