+79100360949
+79157701072
+79101800489
+79101700786
+79101801292
+79807500528
+79157704481
+79107700913
+79190001690
+79101700852
+79190200130
+79100915559
+79107700518
+79157502173
+79157502158
+79101800486
+79157602129
+79100915502
+79157602635
+79100915553
+79190100643
+79106708796
+79157701060
+79190001646
+79807500486
+79100900857
+79101801208
+79106708847
+79100915381
+79190100619
+79107700956
+79157701079
+79100360493
+79101800921
+79157909213
+79190200149
+79190100913
+79107700485
+79157909178
+79106708849
+79157603209
+79190100824
+79190200423
+79157502161
+79157909193
+79100360458
+79157909177
+79157502228
+79190200139
+79157603971
+79100915574
+79807500627
+79157909170
+79157501999
+79101701372
+79157502221
+79106708819
+79190100792
+79807500248
+79190001654
+79100915479
+79190001641
+79101801296
+79190001651
+79157909186
+79101700329
+79100915386
+79157701420
+79157600827
+79190001584
+79190001650
+79100915380
+79190200256
+79190100635
+79190100634
+79100915468
+79101701271
+79190200462
+79101800148
+79805817674
+79100361532
+79106708841
+79107700534
+79107700681
+79157707994
+79101701410
+79157909182
+79190200239
+79106708794
+79190001691
+79807500496
+79157601778
+79106708848
+79157602679
+79106700132
+79190100655
+79190200247
+79101800412
+79157502032
+79100374203
+79157909176
+79190200279
+79157701028
+79101700278
+79101801175
+79106708798
+79190001680
+79100362229
+79157704131
+79101701261
+79101701078
+79807500114
+79107700682
+79157909175
+79101700937
+79157502220
+79190200410
+79805819957
+79107700924
+79807500601
+79157705010
+79157501936
+79106708829
+79807500603
+79157905257
+79190100627
+79190001681
+79157600263
+79807500617
+79190200653
+79157701124
+79100361063
+79107700469
+79190100814
+79157601861
+79157605706
+79101800341
+79807500614
+79107700612
+79157502229
