+79889673043
+79876500389
+79884902555
+79199801121
+79883907841
+79195401647
+79880504464
+79173309455
+79883907942
+79889800622
+79197902779
+79195402520
+79178310074
+79197905294
+79178301090
+79176410731
+79177203927
+79880200104
+79889593976
+79876501702
+79880001907
+79178310130
+79876400904
+79178301053
+79178401621
+79889671098
+79178409134
+79883901726
+79889593970
+79199802150
+79889601584
+79889601586
+79883901270
+79889800509
+79173309453
+79177204399
+79178409788
+79876401289
+79889800591
+79883907104
+79178409380
+79176410730
+79880101252
+79880101254
+79197903981
+79883901732
+79199801850
+79880503986
+79880302109
+79883907883
+79876401435
+79880302395
+79880101249
+79199801699
+79880302186
+79880402395
+79176402548
+79876401922
+79880001853
+79195435722
+79880402110
+79178402035
+79880101250
+79889670565
+79197905295
+79173309447
+79876401369
+79880402218
+79889700274
+79177208672
+79173309446
+79176412431
+79178310002
+79178300789
+79178409538
+79177207670
+79880001867
+79880001859
+79876401320
+79889601749
+79199800617
+79173309448
+79176412401
+79883900895
+79880501793
+79883901548
+79884902221
+79176412419
+79889800593
+79195435852
+79178310053
+79195435780
+79880302257
+79178409342
+79889671462
+79889800602
+79176402578
+79889590366
+79876500569
+79876500648
+79173309443
+79889700028
+79889673680
+79889703050
+79880001856
+79177202843
+79889703872
+79176402613
+79889701179
+79197902600
+79876400932
+79880302262
+79880200815
+79883901735
+79195402559
+79876501743
+79880200719
+79889601633
+79178401254
+79876401323
+79889800502
+79880503645
+79889700644
+79884902320
+79889602220
+79173309451
+79176411931
+79880200638
+79197904417
+79880200669
+79178300867
+79889673452
+79195402234
+79178310058
+79176401583
+79883901720
+79199802369
+79176402378
+79889701449
+79889671513
+79884901820
+79876501747
+79178401289
+79889800603
+79880302116
+79178409252
+79199800396
+79880504146
+79884902227
+79195435875
+79199800398
+79880200388
+79884902223
+79880302253
+79178300992
+79195401784
+79178300776
+79889601635
+79178310117
+79178400382
+79876500423
+79195402413
+79880503632
+79880503919
+79176412607
+79889672501
+79883907681
+79178409322
+79176409382
+79177208304
+79889602172
+79880200918
+79176402452
+79880101164
+79889800544
+79178409225
+79177208416
+79880402170
+79177208635
+79880200079
+79876401342
+79880401996
+79884902333
+79880101163
+79178401230
+79880401995
+79880302273
+79880401994
+79195435693
+79176402522
+79195435918
+79889800625
+79178309998
+79880001798
+79178309789
+79178400776
+79178409305
+79173309454
+79176401856
+79889700813
+79173308802
+79173309439
+79197905288
+79880402431
+79889601621
+79177201433
+79195435621
+79883907929
+79880001872
+79880504130
+79176402336
+79889601623
+79889593974
+79178400297
+79880101165
+79876500316
+79889700658
+79176402447
+79880001931
+79177208514
+79889593977
+79197904031
+79880101248
+79880503646
+79889601651
+79889593973
+79199800357
+79883902453
+79195402381
+79883907804
+79195402393
+79199801962
+79876401290
+79889593980
+79177208533
+79195435913
+79889671751
+79876501323
+79178300759
+79880302812
+79880200360
+79880402362
+79889800632
+79880101776
+79178400665
+79880200439
+79177208544
+79178310108
+79195435873
+79178301078
+79880101247
+79889593971
+79883907508
+79883907774
+79880402103
+79889593975
+79880001874
+79880504037
+79195435731
+79177208561
+79195406597
+79178409542
+79176410728
+79884902229
+79883901733
+79884901604
+79176410507
+79880301076
+79889593978
+79178400856
+79883907527
+79178300861
+79884902224
+79889670909
+79876501723
+79197905296
+79199800407
+79195402012
+79178310134
+79177208423
+79889702932
+79178300686
+79883901760
+79880001847
+79197905292
