+79889800502
+79889800509
+79889800544
+79889800591
+79889800593
+79889800602
+79889800603
+79889800622
+79889800625
+79889800632
+79195401647
+79195401784
+79195402012
+79195402234
+79195402381
+79195402393
+79195402413
+79195402520
+79195402559
+79195406597
+79178309789
+79178309998
+79178310002
+79178310053
+79178310058
+79178310074
+79178310108
+79178310117
+79178310130
+79178310134
+79178400297
+79178400382
+79178400665
+79178400776
+79178400856
+79178401230
+79178401254
+79178401289
+79178401621
+79178402035
+79876400904
+79876400932
+79876401289
+79876401290
+79876401320
+79876401323
+79876401342
+79876401369
+79876401435
+79876401922
+79889800502
+79889800509
+79889800544
+79889800591
+79889800593
+79889800602
+79889800603
+79889800622
+79889800625
+79889800632
+79178409134
+79178409225
+79178409252
+79178409305
+79178409322
+79178409342
+79178409380
+79178409538
+79178409542
+79178409788
+79876400904
+79876400932
+79876401289
+79876401290
+79876401320
+79876401323
+79876401342
+79876401369
+79876401435
+79876401922
+79876400904
+79876400932
+79876401289
+79876401290
+79876401320
+79876401323
+79876401342
+79876401369
+79876401435
+79876401922
+79176409382
+79176410507
+79176410728
+79176410730
+79176410731
+79176411931
+79176412401
+79176412419
+79176412431
+79176412607
+79176409382
+79176410507
+79176410728
+79176410730
+79176410731
+79176411931
+79176412401
+79176412419
+79176412431
+79176412607
+79889590366
+79889593970
+79889593971
+79889593973
+79889593974
+79889593975
+79889593976
+79889593977
+79889593978
+79889593980
+79883907104
+79883907508
+79883907527
+79883907681
+79883907774
+79883907804
+79883907841
+79883907883
+79883907929
+79883907942
+79880101163
+79880101164
+79880101165
+79880101247
+79880101248
+79880101249
+79880101250
+79880101252
+79880101254
+79880101776
+79883907104
+79883907508
+79883907527
+79883907681
+79883907774
+79883907804
+79883907841
+79883907883
+79883907929
+79883907942
+79883907104
+79883907508
+79883907527
+79883907681
+79883907774
+79883907804
+79883907841
+79883907883
+79883907929
+79883907942
+79880001798
+79880001847
+79880001853
+79880001856
+79880001859
+79880001867
+79880001872
+79880001874
+79880001907
+79880001931
+79197902600
+79197902779
+79197903981
+79197904031
+79197904417
+79197905288
+79197905292
+79197905294
+79197905295
+79197905296
+79199800357
+79199800396
+79199800398
+79199800407
+79199800617
+79199801121
+79199801699
+79199801850
+79199801962
+79199802150
+79197902600
+79197902779
+79197903981
+79197904031
+79197904417
+79197905288
+79197905292
+79197905294
+79197905295
+79197905296
+79177207670
+79177208304
+79177208416
+79177208423
+79177208514
+79177208533
+79177208544
+79177208561
+79177208635
+79177208672
+79880501793
+79880503632
+79880503645
+79880503646
+79880503919
+79880503986
+79880504037
+79880504130
+79880504146
+79880504464
+79880301076
+79880302109
+79880302116
+79880302186
+79880302253
+79880302257
+79880302262
+79880302273
+79880302395
+79880302812
+79178300686
+79178300759
+79178300776
+79178300789
+79178300861
+79178300867
+79178300992
+79178301053
+79178301078
+79178301090
+79173308802
+79173309439
+79173309443
+79173309446
+79173309447
+79173309448
+79173309451
+79173309453
+79173309454
+79173309455
+79880001798
+79880001847
+79880001853
+79880001856
+79880001859
+79880001867
+79880001872
+79880001874
+79880001907
+79880001931
+79880200079
+79880200104
+79880200360
+79880200388
+79880200439
+79880200638
+79880200669
+79880200719
+79880200815
+79880200918
+79173308802
+79173309439
+79173309443
+79173309446
+79173309447
+79173309448
+79173309451
+79173309453
+79173309454
+79173309455
+79880301076
+79880302109
+79880302116
+79880302186
+79880302253
+79880302257
+79880302262
+79880302273
+79880302395
+79880302812
+79880401994
+79880401995
+79880401996
+79880402103
+79880402110
+79880402170
+79880402218
+79880402362
+79880402395
+79880402431
+79880401994
+79880401995
+79880401996
+79880402103
+79880402110
+79880402170
+79880402218
+79880402362
+79880402395
+79880402431
+79889601584
+79889601586
+79889601621
+79889601623
+79889601633
+79889601635
+79889601651
+79889601749
+79889602172
+79889602220
+79883900895
+79883901270
+79883901548
+79883901720
+79883901726
+79883901732
+79883901733
+79883901735
+79883901760
+79883902453
+79199800357
+79199800396
+79199800398
+79199800407
+79199800617
+79199801121
+79199801699
+79199801850
+79199801962
+79199802150
+79880001798
+79880001847
+79880001853
+79880001856
+79880001859
+79880001867
+79880001872
+79880001874
+79880001907
+79880001931
+79889800502
+79889800509
+79889800544
+79889800591
+79889800593
+79889800602
+79889800603
+79889800622
+79889800625
+79889800632
+79176401583
+79176401856
+79176402336
+79176402378
+79176402447
+79176402452
+79176402522
+79176402548
+79176402578
+79176402613
+79178400297
+79178400382
+79178400665
+79178400776
+79178400856
+79178401230
+79178401254
+79178401289
+79178401621
+79178402035
+79880001798
+79880001847
+79880001853
+79880001856
+79880001859
+79880001867
+79880001872
+79880001874
+79880001907
+79880001931
+79880101163
+79880101164
+79880101165
+79880101247
+79880101248
+79880101249
+79880101250
+79880101252
+79880101254
+79880101776
+79880200079
+79880200104
+79880200360
+79880200388
+79880200439
+79880200638
+79880200669
+79880200719
+79880200815
+79880200918
+79199800357
+79199800396
+79199800398
+79199800407
+79199800617
+79199801121
+79199801699
+79199801850
+79199801962
+79199802150
+79880301076
+79880302109
+79880302116
+79880302186
+79880302253
+79880302257
+79880302262
+79880302273
+79880302395
+79880302812
+79176401583
+79176401856
+79176402336
+79176402378
+79176402447
+79176402452
+79176402522
+79176402548
+79176402578
+79176402613
+79876400904
+79876400932
+79876401289
+79876401290
+79876401320
+79876401323
+79876401342
+79876401369
+79876401435
+79876401922
+79178409134
+79178409225
+79178409252
+79178409305
+79178409322
+79178409342
+79178409380
+79178409538
+79178409542
+79178409788
+79876400904
+79876400932
+79876401289
+79876401290
+79876401320
+79876401323
+79876401342
+79876401369
+79876401435
+79876401922
+79889601584
+79889601586
+79889601621
+79889601623
+79889601633
+79889601635
+79889601651
+79889601749
+79889602172
+79889602220
+79876400904
+79876400932
+79876401289
+79876401290
+79876401320
+79876401323
+79876401342
+79876401369
+79876401435
+79876401922
+79176409382
+79176410507
+79176410728
+79176410730
+79176410731
+79176411931
+79176412401
+79176412419
+79176412431
+79176412607
+79884901604
+79884901820
+79884902221
+79884902223
+79884902224
+79884902227
+79884902229
+79884902320
+79884902333
+79884902555
+79880200079
+79880200104
+79880200360
+79880200388
+79880200439
+79880200638
+79880200669
+79880200719
+79880200815
+79880200918
+79884901604
+79884901820
+79884902221
+79884902223
+79884902224
+79884902227
+79884902229
+79884902320
+79884902333
+79884902555
+79195401647
+79195401784
+79195402012
+79195402234
+79195402381
+79195402393
+79195402413
+79195402520
+79195402559
+79195406597
+79880401994
+79880401995
+79880401996
+79880402103
+79880402110
+79880402170
+79880402218
+79880402362
+79880402395
+79880402431
+79889601584
+79889601586
+79889601621
+79889601623
+79889601633
+79889601635
+79889601651
+79889601749
+79889602172
+79889602220
+79199800357
+79199800396
+79199800398
+79199800407
+79199800617
+79199801121
+79199801699
+79199801850
+79199801962
+79199802150
+79195435621
+79195435693
+79195435722
+79195435731
+79195435780
+79195435852
+79195435873
+79195435875
+79195435913
+79195435918
+79880301076
+79880302109
+79880302116
+79880302186
+79880302253
+79880302257
+79880302262
+79880302273
+79880302395
+79880302812
+79880200079
+79880200104
+79880200360
+79880200388
+79880200439
+79880200638
+79880200669
+79880200719
+79880200815
+79880200918
+79884901604
+79884901820
+79884902221
+79884902223
+79884902224
+79884902227
+79884902229
+79884902320
+79884902333
+79884902555
+79880001798
+79880001847
+79880001853
+79880001856
+79880001859
+79880001867
+79880001872
+79880001874
+79880001907
+79880001931
+79880501793
+79880503632
+79880503645
+79880503646
+79880503919
+79880503986
+79880504037
+79880504130
+79880504146
+79880504464
+79883900895
+79883901270
+79883901548
+79883901720
+79883901726
+79883901732
+79883901733
+79883901735
+79883901760
+79883902453
+79197902600
+79197902779
+79197903981
+79197904031
+79197904417
+79197905288
+79197905292
+79197905294
+79197905295
+79197905296
+79883900895
+79883901270
+79883901548
+79883901720
+79883901726
+79883901732
+79883901733
+79883901735
+79883901760
+79883902453
+79199800357
+79199800396
+79199800398
+79199800407
+79199800617
+79199801121
+79199801699
+79199801850
+79199801962
+79199802150
+79880001798
+79880001847
+79880001853
+79880001856
+79880001859
+79880001867
+79880001872
+79880001874
+79880001907
+79880001931
+79199800357
+79199800396
+79199800398
+79199800407
+79199800617
+79199801121
+79199801699
+79199801850
+79199801962
+79199802150
+79880401994
+79880401995
+79880401996
+79880402103
+79880402110
+79880402170
+79880402218
+79880402362
+79880402395
+79880402431
+79176409382
+79176410507
+79176410728
+79176410730
+79176410731
+79176411931
+79176412401
+79176412419
+79176412431
+79176412607
+79889590366
+79889593970
+79889593971
+79889593973
+79889593974
+79889593975
+79889593976
+79889593977
+79889593978
+79889593980
+79880501793
+79880503632
+79880503645
+79880503646
+79880503919
+79880503986
+79880504037
+79880504130
+79880504146
+79880504464
+79197902600
+79197902779
+79197903981
+79197904031
+79197904417
+79197905288
+79197905292
+79197905294
+79197905295
+79197905296
+79883907104
+79883907508
+79883907527
+79883907681
+79883907774
+79883907804
+79883907841
+79883907883
+79883907929
+79883907942
+79889590366
+79889593970
+79889593971
+79889593973
+79889593974
+79889593975
+79889593976
+79889593977
+79889593978
+79889593980
+79880401994
+79880401995
+79880401996
+79880402103
+79880402110
+79880402170
+79880402218
+79880402362
+79880402395
+79880402431
+79880101163
+79880101164
+79880101165
+79880101247
+79880101248
+79880101249
+79880101250
+79880101252
+79880101254
+79880101776
+79884901604
+79884901820
+79884902221
+79884902223
+79884902224
+79884902227
+79884902229
+79884902320
+79884902333
+79884902555
+79889670565
+79889670909
+79889671098
+79889671462
+79889671513
+79889671751
+79889672501
+79889673043
+79889673452
+79889673680
+79176401583
+79176401856
+79176402336
+79176402378
+79176402447
+79176402452
+79176402522
+79176402548
+79176402578
+79176402613
+79173308802
+79173309439
+79173309443
+79173309446
+79173309447
+79173309448
+79173309451
+79173309453
+79173309454
+79173309455
+79195435621
+79195435693
+79195435722
+79195435731
+79195435780
+79195435852
+79195435873
+79195435875
+79195435913
+79195435918
+79178409134
+79178409225
+79178409252
+79178409305
+79178409322
+79178409342
+79178409380
+79178409538
+79178409542
+79178409788
+79176401583
+79176401856
+79176402336
+79176402378
+79176402447
+79176402452
+79176402522
+79176402548
+79176402578
+79176402613
+79177201433
+79177202843
+79177203927
+79177204399
+79876500316
+79876500389
+79876500423
+79876500569
+79876500648
+79876501323
+79176409382
+79176410507
+79176410728
+79176410730
+79176410731
+79176411931
+79176412401
+79176412419
+79176412431
+79176412607
+79880401994
+79880401995
+79880401996
+79880402103
+79880402110
+79880402170
+79880402218
+79880402362
+79880402395
+79880402431
+79889601584
+79889601586
+79889601621
+79889601623
+79889601633
+79889601635
+79889601651
+79889601749
+79889602172
+79889602220
+79883907104
+79883907508
+79883907527
+79883907681
+79883907774
+79883907804
+79883907841
+79883907883
+79883907929
+79883907942
+79880001798
+79880001847
+79880001853
+79880001856
+79880001859
+79880001867
+79880001872
+79880001874
+79880001907
+79880001931
+79883907104
+79883907508
+79883907527
+79883907681
+79883907774
+79883907804
+79883907841
+79883907883
+79883907929
+79883907942
+79177201433
+79177202843
+79177203927
+79177204399
+79880401994
+79880401995
+79880401996
+79880402103
+79880402110
+79880402170
+79173308802
+79173309439
+79173309443
+79173309446
+79173309447
+79173309448
+79173309451
+79173309453
+79173309454
+79173309455
+79195401647
+79195401784
+79195402012
+79195402234
+79195402381
+79195402393
+79195402413
+79195402520
+79195402559
+79195406597
+79880301076
+79880302109
+79880302116
+79880302186
+79880302253
+79880302257
+79880302262
+79880302273
+79880302395
+79880302812
+79889601584
+79889601586
+79889601621
+79889601623
+79889601633
+79889601635
+79889601651
+79889601749
+79889602172
+79889602220
+79195401647
+79195401784
+79195402012
+79195402234
+79195402381
+79195402393
+79195402413
+79195402520
+79195402559
+79195406597
+79889601584
+79889601586
+79889601621
+79889601623
+79889601633
+79889601635
+79889601651
+79889601749
+79889602172
+79889602220
+79883907104
+79883907508
+79883907527
+79883907681
+79883907774
+79883907804
+79883907841
+79883907883
+79883907929
+79883907942
+79880301076
+79880302109
+79880302116
+79880302186
+79880302253
+79880302257
+79880302262
+79880302273
+79880302395
+79880302812
+79883907104
+79883907508
+79883907527
+79883907681
+79883907774
+79883907804
+79883907841
+79883907883
+79883907929
+79883907942
+79178400297
+79178400382
+79178400665
+79178400776
+79178400856
+79178401230
+79178401254
+79178401289
+79178401621
+79178402035
+79177207670
+79177208304
+79177208416
+79177208423
+79177208514
+79177208533
+79177208544
+79177208561
+79177208635
+79177208672
+79880301076
+79880302109
+79880302116
+79880302186
+79880302253
+79880302257
+79880302262
+79880302273
+79880302395
+79880302812
+79884901604
+79884901820
+79884902221
+79884902223
+79884902224
+79884902227
+79884902229
+79884902320
+79884902333
+79884902555
+79178409134
+79178409225
+79178409252
+79178409305
+79178409322
+79178409342
+79178409380
+79178409538
+79178409542
+79178409788
+79176409382
+79176410507
+79176410728
+79176410730
+79176410731
+79176411931
+79176412401
+79176412419
+79176412431
+79176412607
+79880101163
+79880101164
+79880101165
+79880101247
+79880101248
+79880101249
+79880101250
+79880101252
+79880101254
+79880101776
+79195435621
+79195435693
+79195435722
+79195435731
+79195435780
+79195435852
+79195435873
+79195435875
+79195435913
+79195435918
+79880401994
+79880401995
+79880401996
+79880402103
+79880402110
+79880402170
+79880402218
+79880402362
+79880402395
+79880402431
+79889700028
+79889700274
+79889700644
+79889700658
+79889700813
+79889701179
+79889701449
+79889702932
+79889703050
+79889703872
+79177207670
+79177208304
+79177208416
+79177208423
+79177208514
+79177208533
+79177208544
+79177208561
+79177208635
+79177208672
+79880101163
+79880101164
+79880101165
+79880101247
+79880101248
+79880101249
+79880101250
+79880101252
+79880101254
+79880101776
+79880301076
+79880302109
+79880302116
+79880302186
+79880302253
+79880302257
+79880302262
+79880302273
+79880302395
+79880302812
+79880101163
+79880101164
+79880101165
+79880101247
+79880101248
+79880101249
+79880101250
+79880101252
+79880101254
+79880101776
+79889670565
+79889670909
+79889671098
+79889671462
+79889671513
+79889671751
+79889672501
+79889673043
+79889673452
+79889673680
+79880301076
+79880302109
+79880302116
+79880302186
+79880302253
+79880302257
+79880302262
+79880302273
+79880302395
+79880302812
+79889590366
+79889593970
+79889593971
+79889593973
+79889593974
+79889593975
+79889593976
+79889593977
+79889593978
+79889593980
+79880401994
+79880401995
+79880401996
+79880402103
+79880402110
+79880402170
+79880402218
+79880402362
+79880402395
+79880402431
+79178309789
+79178309998
+79178310002
+79178310053
+79178310058
+79178310074
+79178310108
+79178310117
+79178310130
+79178310134
+79880001798
+79880001847
+79880001853
+79880001856
+79880001859
+79880001867
+79880001872
+79880001874
+79880001907
+79880001931
+79889700028
+79889700274
+79889700644
+79889700658
+79889700813
+79889701179
+79889701449
+79889702932
+79889703050
+79889703872
+79178409134
+79178409225
+79178409252
+79178409305
+79178409322
+79178409342
+79178409380
+79178409538
+79178409542
+79178409788
+79883907104
+79883907508
+79883907527
+79883907681
+79883907774
+79883907804
+79883907841
+79883907883
+79883907929
+79883907942
+79195435621
+79195435693
+79195435722
+79195435731
+79195435780
+79195435852
+79195435873
+79195435875
+79195435913
+79195435918
+79176409382
+79176410507
+79176410728
+79176410730
+79176410731
+79176411931
+79176412401
+79176412419
+79176412431
+79176412607
+79197902600
+79197902779
+79197903981
+79197904031
+79197904417
+79197905288
+79197905292
+79197905294
+79197905295
+79197905296
+79880501793
+79880503632
+79880503645
+79880503646
+79880503919
+79880503986
+79880504037
+79880504130
+79880504146
+79880504464
+79883900895
+79883901270
+79883901548
+79883901720
+79883901726
+79883901732
+79883901733
+79883901735
+79883901760
+79883902453
+79177207670
+79177208304
+79177208416
+79177208423
+79177208514
+79177208533
+79177208544
+79177208561
+79177208635
+79177208672
+79195435621
+79195435693
+79195435722
+79195435731
+79195435780
+79195435852
+79195435873
+79195435875
+79195435913
+79195435918
+79889670565
+79889670909
+79889671098
+79889671462
+79889671513
+79889671751
+79889672501
+79889673043
+79889673452
+79889673680
+79197902600
+79197902779
+79197903981
+79197904031
+79197904417
+79197905288
+79197905292
+79197905294
+79197905295
+79197905296
+79173308802
+79173309439
+79173309443
+79173309446
+79173309447
+79173309448
+79173309451
+79173309453
+79173309454
+79173309455
+79195435621
+79195435693
+79195435722
+79195435731
+79195435780
+79195435852
+79195435873
+79195435875
+79195435913
+79195435918
+79176409382
+79176410507
+79176410728
+79176410730
+79176410731
+79176411931
+79176412401
+79176412419
+79176412431
+79176412607
+79199800396
+79199800398
+79199800407
+79199800617
+79199801121
+79199801699
+79199801850
+79199801962
+79199802150
+79199802369
+79889590366
+79889593970
+79889593971
+79889593973
+79889593974
+79889593975
+79889593976
+79889593977
+79889593978
+79889593980
+79889670565
+79889670909
+79889671098
+79889671462
+79889671513
+79889671751
+79889672501
+79889673043
+79889673452
+79889673680
+79177201433
+79177202843
+79177203927
+79177204399
+79889700028
+79889700274
+79889700644
+79889700658
+79889700813
+79889701179
+79176401583
+79176401856
+79176402336
+79176402378
+79176402447
+79176402452
+79176402522
+79176402548
+79176402578
+79176402613
+79195435621
+79195435693
+79195435722
+79195435731
+79195435780
+79195435852
+79195435873
+79195435875
+79195435913
+79195435918
+79880301076
+79880302109
+79880302116
+79880302186
+79880302253
+79880302257
+79880302262
+79880302273
+79880302395
+79880302812
+79889800502
+79889800509
+79889800544
+79889800591
+79889800593
+79889800602
+79889800603
+79889800622
+79889800625
+79889800632
+79880401994
+79880401995
+79880401996
+79880402103
+79880402110
+79880402170
+79880402218
+79880402362
+79880402395
+79880402431
+79177201433
+79177202843
+79177203927
+79177204399
+79178400297
+79178400382
+79178400665
+79178400776
+79178400856
+79178401230
+79876500316
+79876500389
+79876500423
+79876500569
+79876500648
+79876501323
+79876501702
+79876501723
+79876501743
+79876501747
+79883900895
+79883901270
+79883901548
+79883901720
+79883901726
+79883901732
+79883901733
+79883901735
+79883901760
+79883902453
+79876400904
+79876400932
+79876401289
+79876401290
+79876401320
+79876401323
+79876401342
+79876401369
+79876401435
+79876401922
+79889590366
+79889593970
+79889593971
+79889593973
+79889593974
+79889593975
+79889593976
+79889593977
+79889593978
+79889593980
+79176401583
+79176401856
+79176402336
+79176402378
+79176402447
+79176402452
+79176402522
+79176402548
+79176402578
+79176402613
+79195401647
+79195401784
+79195402012
+79195402234
+79195402381
+79195402393
+79195402413
+79195402520
+79195402559
+79195406597
+79178309789
+79178309998
+79178310002
+79178310053
+79178310058
+79178310074
+79178310108
+79178310117
+79178310130
+79178310134
+79195401647
+79195401784
+79195402012
+79195402234
+79195402381
+79195402393
+79195402413
+79195402520
+79195402559
+79195406597
+79880401994
+79880401995
+79880401996
+79880402103
+79880402110
+79880402170
+79880402218
+79880402362
+79880402395
+79880402431
+79876400904
+79876400932
+79876401289
+79876401290
+79876401320
+79876401323
+79876401342
+79876401369
+79876401435
+79876401922
+79880501793
+79880503632
+79880503645
+79880503646
+79880503919
+79880503986
+79880504037
+79880504130
+79880504146
+79880504464
+79178400297
+79178400382
+79178400665
+79178400776
+79178400856
+79178401230
+79178401254
+79178401289
+79178401621
+79178402035
+79177201433
+79177202843
+79177203927
+79177204399
+79880401994
+79880401995
+79880401996
+79880402103
+79880402110
+79880402170
+79195435621
+79195435693
+79195435722
+79195435731
+79195435780
+79195435852
+79195435873
+79195435875
+79195435913
+79195435918
+79880001798
+79880001847
+79880001853
+79880001856
+79880001859
+79880001867
+79880001872
+79880001874
+79880001907
+79880001931
+79876400904
+79876400932
+79876401289
+79876401290
+79876401320
+79876401323
+79876401342
+79876401369
+79876401435
+79876401922
