+79115205423
+79115205661
+79115205683
+79115205693
+79115205723
+79115205739
+79115205743
+79115205744
+79115205748
+79115205764
+79115302137
+79115302139
+79115302513
+79115302761
+79115302776
+79115302973
+79115303301
+79115303605
+79115303627
+79115303659
+79814400286
+79814401031
+79814401228
+79814402833
+79814403047
+79814403250
+79814403409
+79814403411
+79814403538
+79814403583
+79115027318
+79115027319
+79115027323
+79115027328
+79115027329
+79115027334
+79115027340
+79115027343
+79115027349
+79115027356
+79115101170
+79115101417
+79115101529
+79115101774
+79115102031
+79115102740
+79115102939
+79115103351
+79115104105
+79115104902
+79115400279
+79115400285
+79115400359
+79115400391
+79115400392
+79115400442
+79115400590
+79115400594
+79115400728
+79115400740
+79814301237
+79814301248
+79814301251
+79814301253
+79814301257
+79814301259
+79814301261
+79814301273
+79814301296
+79814301305
+79814270788
+79814271268
+79814271357
+79814271512
+79814271674
+79814272393
+79814273477
+79814273680
+79814274607
+79814275078
+79115400279
+79115400285
+79115400359
+79115400391
+79115400392
+79115400442
+79115400590
+79115400594
+79115400728
+79115400740
+79115101170
+79115101417
+79115101529
+79115101774
+79115102031
+79115102740
+79115102939
+79115103351
+79115104105
+79115104902
+79814200608
+79814200883
+79814200886
+79814200956
+79814201026
+79814201066
+79814201115
+79814201118
+79814201119
+79814201184
+79115400279
+79115400285
+79115400359
+79115400391
+79115400392
+79115400442
+79115400590
+79115400594
+79115400728
+79115400740
+79814270788
+79814271268
+79814271357
+79814271512
+79814271674
+79814272393
+79814273477
+79814273680
+79814274607
+79814275078
+79814200608
+79814200883
+79814200886
+79814200956
+79814201026
+79814201066
+79814201115
+79814201118
+79814201119
+79814201184
+79115027318
+79115027319
+79115027323
+79115027328
+79115027329
+79115027334
+79115027340
+79115027343
+79115027349
+79115027356
+79814301237
+79814301248
+79814301251
+79814301253
+79814301257
+79814301259
+79814301261
+79814301273
+79814301296
+79814301305
+79814270788
+79814271268
+79814271357
+79814271512
+79814271674
+79814272393
+79814273477
+79814273680
+79814274607
+79814275078
+79110465578
+79110465596
+79110465765
+79110465769
+79110465774
+79110465782
+79110465795
+79110465803
+79110465804
+79110465807
+79815002479
+79815002499
+79815002634
+79815002655
+79815003086
+79815003095
+79815003105
+79815003106
+79815003114
+79815003172
+79115302137
+79115302139
+79115302513
+79115302761
+79115302776
+79115302973
+79115303301
+79115303605
+79115303627
+79115303659
+79814200608
+79814200883
+79814200886
+79814200956
+79814201026
+79814201066
+79814201115
+79814201118
+79814201119
+79814201184
+79814400286
+79814401031
+79814401228
+79814402833
+79814403047
+79814403250
+79814403409
+79814403411
+79814403538
+79814403583
+79815002479
+79815002499
+79815002634
+79815002655
+79815003086
+79815003095
+79815003105
+79815003106
+79815003114
+79815003172
+79814400286
+79814401031
+79814401228
+79814402833
+79814403047
+79814403250
+79814403409
+79814403411
+79814403538
+79814403583
+79114401376
+79114401385
+79114401471
+79114401489
+79114401494
+79114401497
+79114401507
+79114401509
+79114401514
+79114401517
+79115205423
+79115205661
+79115205683
+79115205693
+79115205723
+79115205739
+79115205743
+79115205744
+79115205748
+79115205764
+79815002479
+79815002499
+79815002634
+79815002655
+79815003086
+79815003095
+79815003105
+79815003106
+79815003114
+79815003172
+79814301237
+79814301248
+79814301251
+79814301253
+79814301257
+79814301259
+79814301261
+79814301273
+79814301296
+79814301305
+79814400286
+79814401031
+79814401228
+79814402833
+79814403047
+79814403250
+79814403409
+79814403411
+79814403538
+79814403583
+79115205423
+79115205661
+79115205683
+79115205693
+79115205723
+79115205739
+79115205743
+79115205744
+79115205748
+79115205764
+79115205423
+79115205661
+79115205683
+79115205693
+79115205723
+79115205739
+79115205743
+79115205744
+79115205748
+79115205764
+79815002479
+79815002499
+79815002634
+79815002655
+79815003086
+79815003095
+79815003105
+79815003106
+79815003114
+79815003172
+79814270788
+79814271268
+79814271357
+79814271512
+79814271674
+79814272393
+79814273477
+79814273680
+79814274607
+79814275078
+79115101170
+79115101417
+79115101529
+79115101774
+79115102031
+79115102740
+79115102939
+79115103351
+79115104105
+79115104902
+79115400279
+79115400285
+79115400359
+79115400391
+79115400392
+79115400442
+79115400590
+79115400594
+79115400728
+79115400740
+79114401376
+79114401385
+79114401471
+79114401489
+79114401494
+79114401497
+79114401507
+79114401509
+79114401514
+79114401517
+79814200608
+79814200883
+79814200886
+79814200956
+79814201026
+79814201066
+79814201115
+79814201118
+79814201119
+79814201184
+79115027318
+79115027319
+79115027323
+79115027328
+79115027329
+79115027334
+79115027340
+79115027343
+79115027349
+79115027356
+79814200608
+79814200883
+79814200886
+79814200956
+79814201026
+79814201066
+79814201115
+79814201118
+79814201119
+79814201184
+79814400286
+79814401031
+79814401228
+79814402833
+79814403047
+79814403250
+79814403409
+79814403411
+79814403538
+79814403583
+79814200608
+79814200883
+79814200886
+79814200956
+79814201026
+79814201066
+79814201115
+79814201118
+79814201119
+79814201184
+79115400279
+79115400285
+79115400359
+79115400391
+79115400392
+79115400442
+79115400590
+79115400594
+79115400728
+79115400740
+79814270788
+79814271268
+79814271357
+79814271512
+79814271674
+79814272393
+79814273477
+79814273680
+79814274607
+79814275078
+79815002479
+79815002499
+79815002634
+79815002655
+79815003086
+79815003095
+79815003105
+79815003106
+79815003114
+79815003172
+79115400279
+79115400285
+79115400359
+79115400391
+79115400392
+79115400442
+79115400590
+79115400594
+79115400728
+79115400740
+79114401376
+79114401385
+79114401471
+79114401489
+79114401494
+79114401497
+79114401507
+79114401509
+79114401514
+79114401517
+79110465578
+79110465596
+79110465765
+79110465769
+79110465774
+79110465782
+79110465795
+79110465803
+79110465804
+79110465807
+79115101170
+79115101417
+79115101529
+79115101774
+79115102031
+79115102740
+79115102939
+79115103351
+79115104105
+79115104902
+79814270788
+79814271268
+79814271357
+79814271512
+79814271674
+79814272393
+79814273477
+79814273680
+79814274607
+79814275078
+79115400279
+79115400285
+79115400359
+79115400391
+79115400392
+79115400442
+79115400590
+79115400594
+79115400728
+79115400740
+79115302137
+79115302139
+79115302513
+79115302761
+79115302776
+79115302973
+79115303301
+79115303605
+79115303627
+79115303659
+79814270788
+79814271268
+79814271357
+79814271512
+79814271674
+79814272393
+79814273477
+79814273680
+79814274607
+79814275078
+79115205423
+79115205661
+79115205683
+79115205693
+79115205723
+79115205739
+79115205743
+79115205744
+79115205748
+79115205764
+79815002479
+79815002499
+79815002634
+79815002655
+79815003086
+79815003095
+79815003105
+79815003106
+79815003114
+79815003172
+79814270788
+79814271268
+79814271357
+79814271512
+79814271674
+79814272393
+79814273477
+79814273680
+79814274607
+79814275078
+79115400279
+79115400285
+79115400359
+79115400391
+79115400392
+79115400442
+79115400590
+79115400594
+79115400728
+79115400740
+79814400286
+79814401031
+79814401228
+79814402833
+79814403047
+79814403250
+79814403409
+79814403411
+79814403538
+79814403583
+79814200608
+79814200883
+79814200886
+79814200956
+79814201026
+79814201066
+79814201115
+79814201118
+79814201119
+79814201184
+79814270788
+79814271268
+79814271357
+79814271512
+79814271674
+79814272393
+79814273477
+79814273680
+79814274607
+79814275078
+79110465578
+79110465596
+79110465765
+79110465769
+79110465774
+79110465782
+79110465795
+79110465803
+79110465804
+79110465807
+79814400286
+79814401031
+79814401228
+79814402833
+79814403047
+79814403250
+79814403409
+79814403411
+79814403538
+79814403583
+79115205423
+79115205661
+79115205683
+79115205693
+79115205723
+79115205739
+79115205743
+79115205744
+79115205748
+79115205764
+79110465578
+79110465596
+79110465765
+79110465769
+79110465774
+79110465782
+79110465795
+79110465803
+79110465804
+79110465807
+79814400286
+79814401031
+79814401228
+79814402833
+79814403047
+79814403250
+79814403409
+79814403411
+79814403538
+79814403583
+79115101170
+79115101417
+79115101529
+79115101774
+79115102031
+79115102740
+79115102939
+79115103351
+79115104105
+79115104902
+79115027318
+79115027319
+79115027323
+79115027328
+79115027329
+79115027334
+79115027340
+79115027343
+79115027349
+79115027356
+79814400286
+79814401031
+79814401228
+79814402833
+79814403047
+79814403250
+79814403409
+79814403411
+79814403538
+79814403583
+79110465578
+79110465596
+79110465765
+79110465769
+79110465774
+79110465782
+79110465795
+79110465803
+79110465804
+79110465807
+79814400286
+79814401031
+79814401228
+79814402833
+79814403047
+79814403250
+79814403409
+79814403411
+79814403538
+79814403583
+79814200608
+79814200883
+79814200886
+79814200956
+79814201026
+79814201066
+79814201115
+79814201118
+79814201119
+79814201184
+79814400286
+79814401031
+79814401228
+79814402833
+79814403047
+79814403250
+79814403409
+79814403411
+79814403538
+79814403583
+79115027318
+79115027319
+79115027323
+79115027328
+79115027329
+79115027334
+79115027340
+79115027343
+79115027349
+79115027356
+79814200608
+79814200883
+79814200886
+79814200956
+79814201026
+79814201066
+79814201115
+79814201118
+79814201119
+79814201184
+79814200608
+79814200883
+79814200886
+79814200956
+79814201026
+79814201066
+79814201115
+79814201118
+79814201119
+79814201184
+79115400279
+79115400285
+79115400359
+79115400391
+79115400392
+79115400442
+79115400590
+79115400594
+79115400728
+79115400740
+79115101170
+79115101417
+79115101529
+79115101774
+79115102031
+79115102740
+79115102939
+79115103351
+79115104105
+79115104902
+79115400279
+79115400285
+79115400359
+79115400391
+79115400392
+79115400442
+79115400590
+79115400594
+79115400728
+79115400740
+79114401376
+79114401385
+79114401471
+79114401489
+79114401494
+79114401497
+79114401507
+79114401509
+79114401514
+79114401517
+79815002465
+79815002479
+79815002499
+79815002634
+79815002655
+79815003086
+79815003095
+79815003105
+79815003106
+79815003114
+79115101170
+79115101417
+79115101529
+79115101774
+79115102031
+79115102740
+79115102939
+79115103351
+79115104105
+79115104902
+79814301237
+79814301248
+79814301251
+79814301253
+79814301257
+79814301259
+79814301261
+79814301273
+79814301296
+79814301305
+79115027318
+79115027319
+79115027323
+79115027328
+79115027329
+79115027334
+79115027340
+79115027343
+79115027349
+79115027356
+79814400286
+79814401031
+79814401228
+79814402833
+79814403047
+79814403250
+79814403409
+79814403411
+79814403538
+79814403583
+79814270788
+79814271268
+79814271357
+79814271512
+79814271674
+79814272393
+79814273477
+79814273680
+79814274607
+79814275078
+79115027318
+79115027319
+79115027323
+79115027328
+79115027329
+79115027334
+79115027340
+79115027343
+79115027349
+79115027356
+79814400286
+79814401031
+79814401228
+79814402833
+79814403047
+79814403250
+79814403409
+79814403411
+79814403538
+79814403583
+79115302137
+79115302139
+79115302513
+79115302761
+79115302776
+79115302973
+79115303301
+79115303605
+79115303627
+79115303659
+79115302137
+79115302139
+79115302513
+79115302761
+79115302776
+79115302973
+79115303301
+79115303605
+79115303627
+79115303659
+79815002465
+79815002479
+79815002499
+79815002634
+79815002655
+79815003086
+79815003095
+79815003105
+79815003106
+79815003114
+79814200608
+79814200883
+79814200886
+79814200956
+79814201026
+79814201066
+79814201115
+79814201118
+79814201119
+79814201184
+79115302137
+79115302139
+79115302513
+79115302761
+79115302776
+79115302973
+79115303301
+79115303605
+79115303627
+79115303659
+79115205423
+79115205661
+79115205683
+79115205693
+79115205723
+79115205739
+79115205743
+79115205744
+79115205748
+79115205764
+79814200608
+79814200883
+79814200886
+79814200956
+79814201026
+79814201066
+79814201115
+79814201118
+79814201119
+79814201184
+79115101170
+79115101417
+79115101529
+79115101774
+79115102031
+79115102740
+79115102939
+79115103351
+79115104105
+79115104902
+79115101170
+79115101417
+79115101529
+79115101774
+79115102031
+79115102740
+79115102939
+79115103351
+79115104105
+79115104902
+79114401376
+79114401385
+79114401471
+79114401489
+79114401494
+79114401497
+79114401507
+79114401509
+79114401514
+79114401517
+79110465578
+79110465596
+79110465765
+79110465769
+79110465774
+79110465782
+79110465795
+79110465803
+79110465804
+79110465807
+79814270788
+79814271268
+79814271357
+79814271512
+79814271674
+79814272393
+79814273477
+79814273680
+79814274607
+79814275078
+79814200608
+79814200883
+79814200886
+79814200956
+79814201026
+79814201066
+79814201115
+79814201118
+79814201119
+79814201184
+79814400286
+79814401031
+79814401228
+79814402833
+79814403047
+79814403250
+79814403409
+79814403411
+79814403538
+79814403583
+79115400279
+79115400285
+79115400359
+79115400391
+79115400392
+79115400442
+79115400590
+79115400594
+79115400728
+79115400740
+79115027318
+79115027319
+79115027323
+79115027328
+79115027329
+79115027334
+79115027340
+79115027343
+79115027349
+79115027356
+79815002465
+79815002479
+79815002499
+79815002634
+79815002655
+79815003086
+79815003095
+79815003105
+79815003106
+79815003114
+79814200608
+79814200883
+79814200886
+79814200956
+79814201026
+79814201066
+79814201115
+79814201118
+79814201119
+79814201184
+79814400286
+79814401031
+79814401228
+79814402833
+79814403047
+79814403250
+79814403409
+79814403411
+79814403538
+79814403583
+79114401376
+79114401385
+79114401471
+79114401489
+79114401494
+79114401497
+79114401507
+79114401509
+79114401514
+79114401517
+79115101170
+79115101417
+79115101529
+79115101774
+79115102031
+79115102740
+79115102939
+79115103351
+79115104105
+79115104902
+79115205423
+79115205661
+79115205683
+79115205693
+79115205723
+79115205739
+79115205743
+79115205744
+79115205748
+79115205764
+79115400279
+79115400285
+79115400359
+79115400391
+79115400392
+79115400442
+79115400590
+79115400594
+79115400728
+79115400740
+79115027318
+79115027319
+79115027323
+79115027328
+79115027329
+79115027334
+79115027340
+79115027343
+79115027349
+79115027356
+79115205423
+79115205661
+79115205683
+79115205693
+79115205723
+79115205739
+79115205743
+79115205744
+79115205748
+79115205764
+79110465578
+79110465596
+79110465765
+79110465769
+79110465774
+79110465782
+79110465795
+79110465803
+79110465804
+79110465807
+79110465578
+79110465596
+79110465765
+79110465769
+79110465774
+79110465782
+79110465795
+79110465803
+79110465804
+79110465807
+79814301237
+79814301248
+79814301251
+79814301253
+79814301257
+79814301259
+79814301261
+79814301273
+79814301296
+79814301305
+79110465578
+79110465596
+79110465765
+79110465769
+79110465774
+79110465782
+79110465795
+79110465803
+79110465804
+79110465807
+79814301237
+79814301248
+79814301251
+79814301253
+79814301257
+79814301259
+79814301261
+79814301273
+79814301296
+79814301305
+79115302137
+79115302139
+79115302513
+79115302761
+79115302776
+79115302973
+79115303301
+79115303605
+79115303627
+79115303659
+79814200608
+79814200883
+79814200886
+79814200956
+79814201026
+79814201066
+79814201115
+79814201118
+79814201119
+79814201184
+79814301237
+79814301248
+79814301251
+79814301253
+79814301257
+79814301259
+79814301261
+79814301273
+79814301296
+79814301305
+79814301237
+79814301248
+79814301251
+79814301253
+79814301257
+79814301259
+79814301261
+79814301273
+79814301296
+79814301305
+79814270788
+79814271268
+79814271357
+79814271512
+79814271674
+79814272393
+79814273477
+79814273680
+79814274607
+79814275078
+79115302137
+79115302139
+79115302513
+79115302761
+79115302776
+79115302973
+79115303301
+79115303605
+79115303627
+79115303659
+79814200608
+79814200883
+79814200886
+79814200956
+79814201026
+79814201066
+79814201115
+79814201118
+79814201119
+79814201184
+79115400279
+79115400285
+79115400359
+79115400391
+79115400392
+79115400442
+79115400590
+79115400594
+79115400728
+79115400740
+79814301237
+79814301248
+79814301251
+79814301253
+79814301257
+79814301259
+79814301261
+79814301273
+79814301296
+79814301305
+79814400286
+79814401031
+79814401228
+79814402833
+79814403047
+79814403250
+79814403409
+79814403411
+79814403538
+79814403583
+79115101170
+79115101417
+79115101529
+79115101774
+79115102031
+79115102740
+79115102939
+79115103351
+79115104105
+79115104902
+79115400279
+79115400285
+79115400359
+79115400391
+79115400392
+79115400442
+79115400590
+79115400594
+79115400728
+79115400740
+79814301237
+79814301248
+79814301251
+79814301253
+79814301257
+79814301259
+79814301261
+79814301273
+79814301296
+79814301305
+79114401376
+79114401385
+79114401471
+79114401489
+79114401494
+79114401497
+79114401507
+79114401509
+79114401514
+79114401517
+79115027318
+79115027319
+79115027323
+79115027328
+79115027329
+79115027334
+79115027340
+79115027343
+79115027349
+79115027356
+79115101170
+79115101417
+79115101529
+79115101774
+79115102031
+79115102740
+79115102939
+79115103351
+79115104105
+79115104902
+79815002465
+79815002479
+79815002499
+79815002634
+79815002655
+79815003086
+79815003095
+79815003105
+79815003106
+79815003114
+79114401376
+79114401385
+79114401471
+79114401489
+79114401494
+79114401497
+79114401507
+79114401509
+79114401514
+79114401517
+79814270788
+79814271268
+79814271357
+79814271512
+79814271674
+79814272393
+79814273477
+79814273680
+79814274607
+79814275078
+79115027318
+79115027319
+79115027323
+79115027328
+79115027329
+79115027334
+79115027340
+79115027343
+79115027349
+79115027356
+79815002465
+79815002479
+79815002499
+79815002634
+79815002655
+79815003086
+79815003095
+79815003105
+79815003106
+79815003114
+79115205423
+79115205661
+79115205683
+79115205693
+79115205723
+79115205739
+79115205743
+79115205744
+79115205748
+79115205764
+79115400279
+79115400285
+79115400359
+79115400391
+79115400392
+79115400442
+79115400590
+79115400594
+79115400728
+79115400740
+79814200608
+79814200883
+79814200886
+79814200956
+79814201026
+79814201066
+79814201115
+79814201118
+79814201119
+79814201184
+79115027318
+79115027319
+79115027323
+79115027328
+79115027329
+79115027334
+79115027340
+79115027343
+79115027349
+79115027356
+79814200608
+79814200883
+79814200886
+79814200956
+79814201026
+79814201066
+79814201115
+79814201118
+79814201119
+79814201184
+79110465578
+79110465596
+79110465765
+79110465769
+79110465774
+79110465782
+79110465795
+79110465803
+79110465804
+79110465807
+79814400286
+79814401031
+79814401228
+79814402833
+79814403047
+79814403250
+79814403409
+79814403411
+79814403538
+79814403583
+79815002465
+79815002479
+79815002499
+79815002634
+79815002655
+79815003086
+79815003095
+79815003105
+79815003106
+79815003114
+79115101170
+79115101417
+79115101529
+79115101774
+79115102031
+79115102740
+79115102939
+79115103351
+79115104105
+79115104902
+79115302137
+79115302139
+79115302513
+79115302761
+79115302776
+79115302973
+79115303301
+79115303605
+79115303627
+79115303659
+79814200608
+79814200883
+79814200886
+79814200956
+79814201026
+79814201066
+79814201115
+79814201118
+79814201119
+79814201184
+79815002465
+79815002479
+79815002499
+79815002634
+79815002655
+79815003086
+79815003095
+79815003105
+79815003106
+79815003114
+79115400279
+79115400285
+79115400359
+79115400391
+79115400392
+79115400442
+79115400590
+79115400594
+79115400728
+79115400740
+79110465578
+79110465596
+79110465765
+79110465769
+79110465774
+79110465782
+79110465795
+79110465803
+79110465804
+79110465807
+79114401376
+79114401385
+79114401471
+79114401489
+79114401494
+79114401497
+79114401507
+79114401509
+79114401514
+79114401517
+79115302137
+79115302139
+79115302513
+79115302761
+79115302776
+79115302973
+79115303301
+79115303605
+79115303627
+79115303659
+79114401376
+79114401385
+79114401471
+79114401489
+79114401494
+79114401497
+79114401507
+79114401509
+79114401514
+79114401517
+79814270788
+79814271268
+79814271357
+79814271512
+79814271674
+79814272393
+79814273477
+79814273680
+79814274607
+79814275078
+79115101170
+79115101417
+79115101529
+79115101774
+79115102031
+79115102740
+79115102939
+79115103351
+79115104105
+79115104902
+79814200608
+79814200883
+79814200886
+79814200956
+79814201026
+79814201066
+79814201115
+79814201118
+79814201119
+79814201184
+79115205423
+79115205661
+79115205683
+79115205693
+79115205723
+79115205739
+79115205743
+79115205744
+79115205748
+79115205764
+79115101170
+79115101417
+79115101529
+79115101774
+79115102031
+79115102740
+79115102939
+79115103351
+79115104105
+79115104902
+79815002465
+79815002479
+79815002499
+79815002634
+79815002655
+79815003086
+79815003095
+79815003105
+79815003106
+79815003114
+79115027318
+79115027319
+79115027323
+79115027328
+79115027329
+79115027334
+79115027340
+79115027343
+79115027349
+79115027356
+79115205423
+79115205661
+79115205683
+79115205693
+79115205723
+79115205739
+79115205743
+79115205744
+79115205748
+79115205764
+79814270788
+79814271268
+79814271357
+79814271512
+79814271674
+79814272393
+79814273477
+79814273680
+79814274607
+79814275078
+79114401376
+79114401385
+79114401471
+79114401489
+79114401494
+79114401497
+79114401507
+79114401509
+79114401514
+79114401517
+79815002465
+79815002479
+79815002499
+79815002634
+79815002655
+79815003086
+79815003095
+79815003105
+79815003106
+79815003114
+79814301237
+79814301248
+79814301251
+79814301253
+79814301257
+79814301259
+79814301261
+79814301273
+79814301296
+79814301305
+79115101170
+79115101417
+79115101529
+79115101774
+79115102031
+79115102740
+79115102939
+79115103351
+79115104105
+79115104902
+79114401376
+79114401385
+79114401471
+79114401489
+79114401494
+79114401497
+79114401507
+79114401509
+79114401514
+79114401517
+79115302137
+79115302139
+79115302513
+79115302761
+79115302776
+79115302973
+79115303301
+79115303605
+79115303627
+79115303659
+79815002465
+79815002479
+79815002499
+79815002634
+79815002655
+79815003086
+79815003095
+79815003105
+79815003106
+79815003114
+79815002465
+79815002479
+79815002499
+79815002634
+79815002655
+79815003086
+79815003095
+79815003105
+79815003106
+79815003114
+79814301237
+79814301248
+79814301251
+79814301253
+79814301257
+79814301259
+79814301261
+79814301273
+79814301296
+79814301305
+79115205423
+79115205661
+79115205683
+79115205693
+79115205723
+79115205739
+79115205743
+79115205744
+79115205748
+79115205764
+79110465578
+79110465596
+79110465765
+79110465769
+79110465774
+79110465782
+79110465795
+79110465803
+79110465804
+79110465807
+79814301237
+79814301248
+79814301251
+79814301253
+79814301257
+79814301259
+79814301261
+79814301273
+79814301296
+79814301305
+79115400279
+79115400285
+79115400359
+79115400391
+79115400392
+79115400442
+79115400590
+79115400594
+79115400728
+79115400740
+79814301237
+79814301248
+79814301251
+79814301253
+79814301257
+79814301259
+79814301261
+79814301273
+79814301296
+79814301305
+79115027318
+79115027319
+79115027323
+79115027328
+79115027329
+79115027334
+79115027340
+79115027343
+79115027349
+79115027356
+79115101170
+79115101417
+79115101529
+79115101774
+79115102031
+79115102740
+79115102939
+79115103351
+79115104105
+79115104902
+79814400286
+79814401031
+79814401228
+79814402833
+79814403047
+79814403250
+79814403409
+79814403411
+79814403538
+79814403583
+79110465578
+79110465596
+79110465765
+79110465769
+79110465774
+79110465782
+79110465795
+79110465803
+79110465804
+79110465807
+79814270788
+79814271268
+79814271357
+79814271512
+79814271674
+79814272393
+79814273477
+79814273680
+79814274607
+79814275078
+79814301237
+79814301248
+79814301251
+79814301253
+79814301257
+79814301259
+79814301261
+79814301273
+79814301296
+79814301305
+79114401376
+79114401385
+79114401471
+79114401489
+79114401494
+79114401497
+79114401507
+79114401509
+79114401514
+79114401517
+79814200608
+79814200883
+79814200886
+79814200956
+79814201026
+79814201066
+79814201115
+79814201118
+79814201119
+79814201184
+79110465578
+79110465596
+79110465765
+79110465769
+79110465774
+79110465782
+79110465795
+79110465803
+79110465804
+79110465807
+79114401376
+79114401385
+79114401471
+79114401489
+79114401494
+79114401497
+79114401507
+79114401509
+79114401514
+79114401517
+79114401376
+79114401385
+79114401471
+79114401489
+79114401494
+79114401497
+79114401507
+79114401509
+79114401514
+79114401517
+79115400279
+79115400285
+79115400359
+79115400391
+79115400392
+79115400442
+79115400590
+79115400594
+79115400728
+79115400740
+79115101170
+79115101417
+79115101529
+79115101774
+79115102031
+79115102740
+79115102939
+79115103351
+79115104105
+79115104902
+79115205423
+79115205661
+79115205683
+79115205693
+79115205723
+79115205739
+79115205743
+79115205744
+79115205748
+79115205764
+79110465578
+79110465596
+79110465765
+79110465769
+79110465774
+79110465782
+79110465795
+79110465803
+79110465804
+79110465807
+79115101170
+79115101417
+79115101529
+79115101774
+79115102031
+79115102740
+79115102939
+79115103351
+79115104105
+79115104902
+79115400279
+79115400285
+79115400359
+79115400391
+79115400392
+79115400442
+79115400590
+79115400594
+79115400728
+79115400740
+79814400286
+79814401031
+79814401228
+79814402833
+79814403047
+79814403250
+79814403409
+79814403411
+79814403538
+79814403583
+79115101170
+79115101417
+79115101529
+79115101774
+79115102031
+79115102740
+79115102939
+79115103351
+79115104105
+79115104902
+79815002465
+79815002479
+79815002499
+79815002634
+79815002655
+79815003086
+79815003095
+79815003105
+79815003106
+79815003114
+79110465578
+79110465596
+79110465765
+79110465769
+79110465774
+79110465782
+79110465795
+79110465803
+79110465804
+79110465807
+79115027318
+79115027319
+79115027323
+79115027328
+79115027329
+79115027334
+79115027340
+79115027343
+79115027349
+79115027356
+79115302137
+79115302139
+79115302513
+79115302761
+79115302776
+79115302973
+79115303301
+79115303605
+79115303627
+79115303659
+79115400279
+79115400285
+79115400359
+79115400391
+79115400392
+79115400442
+79115400590
+79115400594
+79115400728
+79115400740
+79115302137
+79115302139
+79115302513
+79115302761
+79115302776
+79115302973
+79115303301
+79115303605
+79115303627
+79115303659
+79114401376
+79114401385
+79114401471
+79114401489
+79114401494
+79114401497
+79114401507
+79114401509
+79114401514
+79114401517
+79115101170
+79115101417
+79115101529
+79115101774
+79115102031
+79115102740
+79115102939
+79115103351
+79115104105
+79115104902
+79814301237
+79814301240
+79814301248
+79814301251
+79814301253
+79814301257
+79814301259
+79814301261
+79814301273
+79814301296
+79814270788
+79814271268
+79814271357
+79814271512
+79814271674
+79814272393
+79814273477
+79814273680
+79814274607
+79814275078
+79814301237
+79814301240
+79814301248
+79814301251
+79814301253
+79814301257
+79814301259
+79814301261
+79814301273
+79814301296
+79814270788
+79814271268
+79814271357
+79814271512
+79814271674
+79814272393
+79814273477
+79814273680
+79814274607
+79814275078
+79814200608
+79814200883
+79814200886
+79814200956
+79814201026
+79814201066
+79814201115
+79814201118
+79814201119
+79814201184
+79115027318
+79115027319
+79115027323
+79115027328
+79115027329
+79115027334
+79115027340
+79115027343
+79115027349
+79115027356
+79814301237
+79814301240
+79814301248
+79814301251
+79814301253
+79814301257
+79814301259
+79814301261
+79814301273
+79814301296
+79814301237
+79814301240
+79814301248
+79814301251
+79814301253
+79814301257
+79814301259
+79814301261
+79814301273
+79814301296
+79115400279
+79115400285
+79115400359
+79115400391
+79115400392
+79115400442
+79115400590
+79115400594
+79115400728
+79115400740
+79110465578
+79110465596
+79110465765
+79110465769
+79110465774
+79110465782
+79110465795
+79110465803
+79110465804
+79110465807
+79814400286
+79814401031
+79814401228
+79814402833
+79814403047
+79814403250
+79814403409
+79814403411
+79814403538
+79814403583
+79115302137
+79115302139
+79115302513
+79115302761
+79115302776
+79115302973
+79115303301
+79115303605
+79115303627
+79115303659
+79115101170
+79115101417
+79115101529
+79115101774
+79115102031
+79115102740
+79115102939
+79115103351
+79115104105
+79115104902
+79110465578
+79110465596
+79110465765
+79110465769
+79110465774
+79110465782
+79110465795
+79110465803
+79110465804
+79110465807
+79110465578
+79110465596
+79110465765
+79110465769
+79110465774
+79110465782
+79110465795
+79110465803
+79110465804
+79110465807
+79814301237
+79814301240
+79814301248
+79814301251
+79814301253
+79814301257
+79814301259
+79814301261
+79814301273
+79814301296
+79115101170
+79115101417
+79115101529
+79115101774
+79115102031
+79115102740
+79115102939
+79115103351
+79115104105
+79115104902
+79115027318
+79115027319
+79115027323
+79115027328
+79115027329
+79115027334
+79115027340
+79115027343
+79115027349
+79115027356
+79115302137
+79115302139
+79115302513
+79115302761
+79115302776
+79115302973
+79115303301
+79115303605
+79115303627
+79115303659
+79115027318
+79115027319
+79115027323
+79115027328
+79115027329
+79115027334
+79115027340
+79115027343
+79115027349
+79115027356
+79814400286
+79814401031
+79814401228
+79814402833
+79814403047
+79814403250
+79814403409
+79814403411
+79814403538
+79814403583
+79815002465
+79815002479
+79815002499
+79815002634
+79815002655
+79815003086
+79815003095
+79815003105
+79815003106
+79815003114
+79814200608
+79814200883
+79814200886
+79814200956
+79814201026
+79814201066
+79814201115
+79814201118
+79814201119
+79814201184
+79115027318
+79115027319
+79115027323
+79115027328
+79115027329
+79115027334
+79115027340
+79115027343
+79115027349
+79115027356
+79814301237
+79814301240
+79814301248
+79814301251
+79814301253
+79814301257
+79814301259
+79814301261
+79814301273
+79814301296
+79815002465
+79815002479
+79815002499
+79815002634
+79815002655
+79815003086
+79815003095
+79815003105
+79815003106
+79815003114
+79114401376
+79114401385
+79114401471
+79114401489
+79114401494
+79114401497
+79114401507
+79114401509
+79114401514
+79114401517
+79115302137
+79115302139
+79115302513
+79115302761
+79115302776
+79115302973
+79115303301
+79115303605
+79115303627
+79115303659
+79814270788
+79814271268
+79814271357
+79814271512
+79814271674
+79814272393
+79814273477
+79814273680
+79814274607
+79814275078
+79814400286
+79814401031
+79814401228
+79814402833
+79814403047
+79814403250
+79814403409
+79814403411
+79814403538
+79814403583
+79814270788
+79814271268
+79814271357
+79814271512
+79814271674
+79814272393
+79814273477
+79814273680
+79814274607
+79814275078
+79110463469
+79110463741
+79110463854
+79110464514
+79110464579
+79110464803
+79110465203
+79110465310
+79110465318
+79110465342
+79110463469
+79110463741
+79110463854
+79110464514
+79110464579
+79110464803
+79110465203
+79110465310
+79110465318
+79110465342
+79115205423
+79115205661
+79115205683
+79115205693
+79115205723
+79115205739
+79115205743
+79115205744
+79115205748
+79115205764
+79110463469
+79110463741
+79110463854
+79110464514
+79110464579
+79110464803
+79110465203
+79110465310
+79110465318
+79110465342
+79815002465
+79815002479
+79815002499
+79815002634
+79815002655
+79815003086
+79815003095
+79815003105
+79815003106
+79815003114
+79115101170
+79115101417
+79115101529
+79115101774
+79115102031
+79115102740
+79115102939
+79115103351
+79115104105
+79115104902
+79814400286
+79814401031
+79814401228
+79814402833
+79814403047
+79814403250
+79814403409
+79814403411
+79814403538
+79814403583
+79115205423
+79115205661
+79115205683
+79115205693
+79115205723
+79115205739
+79115205743
+79115205744
+79115205748
+79115205764
+79814200608
+79814200883
+79814200886
+79814200956
+79814201026
+79814201066
+79814201115
+79814201118
+79814201119
+79814201184
+79115205423
+79115205661
+79115205683
+79115205693
+79115205723
+79115205739
+79115205743
+79115205744
+79115205748
+79115205764
+79814270788
+79814271268
+79814271357
+79814271512
+79814271674
+79814272393
+79814273477
+79814273680
+79814274607
+79814275078
+79115302137
+79115302139
+79115302513
+79115302761
+79115302776
+79115302973
+79115303301
+79115303605
+79115303627
+79115303659
+79114401376
+79114401385
+79114401471
+79114401489
+79114401494
+79114401497
+79114401507
+79114401509
+79114401514
+79114401517
+79814400286
+79814401031
+79814401228
+79814402833
+79814403047
+79814403250
+79814403409
+79814403411
+79814403538
+79814403583
+79110463469
+79110463741
+79110463854
+79110464514
+79110464579
+79110464803
+79110465203
+79110465310
+79110465318
+79110465342
+79115302137
+79115302139
+79115302513
+79115302761
+79115302776
+79115302973
+79115303301
+79115303605
+79115303627
+79115303659
+79115027318
+79115027319
+79115027323
+79115027328
+79115027329
+79115027334
+79115027340
+79115027343
+79115027349
+79115027356
+79115101170
+79115101417
+79115101529
+79115101774
+79115102031
+79115102740
+79115102939
+79115103351
+79115104105
+79115104902
+79115400279
+79115400285
+79115400359
+79115400391
+79115400392
+79115400442
+79115400590
+79115400594
+79115400728
+79115400740
+79115302137
+79115302139
+79115302513
+79115302761
+79115302776
+79115302973
+79115303301
+79115303605
+79115303627
+79115303659
+79815002465
+79815002479
+79815002499
+79815002634
+79815002655
+79815003086
+79815003095
+79815003105
+79815003106
+79815003114
+79115027318
+79115027319
+79115027323
+79115027328
+79115027329
+79115027334
+79115027340
+79115027343
+79115027349
+79115027356
+79814301237
+79814301240
+79814301248
+79814301251
+79814301253
+79814301257
+79814301259
+79814301261
+79814301273
+79814301296
+79814200608
+79814200883
+79814200886
+79814200956
+79814201026
+79814201066
+79814201115
+79814201118
+79814201119
+79814201184
+79115101170
+79115101417
+79115101529
+79115101774
+79115102031
+79115102740
+79115102939
+79115103351
+79115104105
+79115104902
+79115027318
+79115027319
+79115027323
+79115027328
+79115027329
+79115027334
+79115027340
+79115027343
+79115027349
+79115027356
+79115400279
+79115400285
+79115400359
+79115400391
+79115400392
+79115400442
+79115400590
+79115400594
+79115400728
+79115400740
+79815002465
+79815002479
+79815002499
+79815002634
+79815002655
+79815003086
+79815003095
+79815003105
+79815003106
+79815003114
+79115302137
+79115302139
+79115302513
+79115302761
+79115302776
+79115302973
+79115303301
+79115303605
+79115303627
+79115303659
+79815002465
+79815002479
+79815002499
+79815002634
+79815002655
+79815003086
+79815003095
+79815003105
+79815003106
+79815003114
+79815002465
+79815002479
+79815002499
+79815002634
+79815002655
+79815003086
+79815003095
+79815003105
+79815003106
+79815003114
+79115027318
+79115027319
+79115027323
+79115027328
+79115027329
+79115027334
+79115027340
+79115027343
+79115027349
+79115027356
+79814301237
+79814301240
+79814301248
+79814301251
+79814301253
+79814301257
+79814301259
+79814301261
+79814301273
+79814301296
+79115205423
+79115205661
+79115205683
+79115205693
+79115205723
+79115205739
+79115205743
+79115205744
+79115205748
+79115205764
+79114401376
+79114401385
+79114401471
+79114401489
+79114401494
+79114401497
+79114401507
+79114401509
+79114401514
+79114401517
+79115302137
+79115302139
+79115302513
+79115302761
+79115302776
+79115302973
+79115303301
+79115303605
+79115303627
+79115303659
+79815002465
+79815002479
+79815002499
+79815002634
+79815002655
+79815003086
+79815003095
+79815003105
+79815003106
+79815003114
+79115400279
+79115400285
+79115400359
+79115400391
+79115400392
+79115400442
+79115400590
+79115400594
+79115400728
+79115400740
+79115101170
+79115101417
+79115101529
+79115101774
+79115102031
+79115102740
+79115102939
+79115103351
+79115104105
+79115104902
+79814301237
+79814301240
+79814301248
+79814301251
+79814301253
+79814301257
+79814301259
+79814301261
+79814301273
+79814301296
+79814200608
+79814200883
+79814200886
+79814200956
+79814201026
+79814201066
+79814201115
+79814201118
+79814201119
+79814201184
+79115027318
+79115027319
+79115027323
+79115027328
+79115027329
+79115027334
+79115027340
+79115027343
+79115027349
+79115027356
+79115302137
+79115302139
+79115302513
+79115302761
+79115302776
+79115302973
+79115303301
+79115303605
+79115303627
+79115303659
+79110463469
+79110463741
+79110463854
+79110464514
+79110464579
+79110464803
+79110465203
+79110465310
+79110465318
+79110465342
+79814400286
+79814401031
+79814401228
+79814402833
+79814403047
+79814403250
+79814403409
+79814403411
+79814403538
+79814403583
+79814270788
+79814271268
+79814271357
+79814271512
+79814271674
+79814272393
+79814273477
+79814273680
+79814274607
+79814275078
+79115205423
+79115205661
+79115205683
+79115205693
+79115205723
+79115205739
+79115205743
+79115205744
+79115205748
+79115205764
+79110463469
+79110463741
+79110463854
+79110464514
+79110464579
+79110464803
+79110465203
+79110465310
+79110465318
+79110465342
+79115027318
+79115027319
+79115027323
+79115027328
+79115027329
+79115027334
+79115027340
+79115027343
+79115027349
+79115027356
+79115027318
+79115027319
+79115027323
+79115027328
+79115027329
+79115027334
+79115027340
+79115027343
+79115027349
+79115027356
+79115027318
+79115027319
+79115027323
+79115027328
+79115027329
+79115027334
+79115027340
+79115027343
+79115027349
+79115027356
+79114401376
+79114401385
+79114401471
+79114401489
+79114401494
+79114401497
+79114401507
+79114401509
+79114401514
+79114401517
+79110463469
+79110463741
+79110463854
+79110464514
+79110464579
+79110464803
+79110465203
+79110465310
+79110465318
+79110465342
+79115302137
+79115302139
+79115302513
+79115302761
+79115302776
+79115302973
+79115303301
+79115303605
+79115303627
+79115303659
+79115302137
+79115302139
+79115302513
+79115302761
+79115302776
+79115302973
+79115303301
+79115303605
+79115303627
+79115303659
+79115205423
+79115205661
+79115205683
+79115205693
+79115205723
+79115205739
+79115205743
+79115205744
+79115205748
+79115205764
+79115400279
+79115400285
+79115400359
+79115400391
+79115400392
+79115400442
+79115400590
+79115400594
+79115400728
+79115400740
+79814270788
+79814271268
+79814271357
+79814271512
+79814271674
+79814272393
+79814273477
+79814273680
+79814274607
+79814275078
+79115400279
+79115400285
+79115400359
+79115400391
+79115400392
+79115400442
+79115400590
+79115400594
+79115400728
+79115400740
+79115101170
+79115101417
+79115101529
+79115101774
+79115102031
+79115102740
+79115102939
+79115103351
+79115104105
+79115104902
+79815002465
+79815002479
+79815002499
+79815002634
+79815002655
+79815003086
+79815003095
+79815003105
+79815003106
+79815003114
+79115101170
+79115101417
+79115101529
+79115101774
+79115102031
+79115102740
+79115102939
+79115103351
+79115104105
+79115104902
+79115027318
+79115027319
+79115027323
+79115027328
+79115027329
+79115027334
+79115027340
+79115027343
+79115027349
+79115027356
+79114401376
+79114401385
+79114401471
+79114401489
+79114401494
+79114401497
+79114401507
+79114401509
+79114401514
+79114401517
+79115027318
+79115027319
+79115027323
+79115027328
+79115027329
+79115027334
+79115027340
+79115027343
+79115027349
+79115027356
+79814301237
+79814301240
+79814301248
+79814301251
+79814301253
+79814301257
+79814301259
+79814301261
+79814301273
+79814301296
+79814200608
+79814200883
+79814200886
+79814200956
+79814201026
+79814201066
+79814201115
+79814201118
+79814201119
+79814201184
+79814301237
+79814301240
+79814301248
+79814301251
+79814301253
+79814301257
+79814301259
+79814301261
+79814301273
+79814301296
+79814200608
+79814200883
+79814200886
+79814200956
+79814201026
+79814201066
+79814201115
+79814201118
+79814201119
+79814201184
+79115400279
+79115400285
+79115400359
+79115400391
+79115400392
+79115400442
+79115400590
+79115400594
+79115400728
+79115400740
+79814400286
+79814401031
+79814401228
+79814402833
+79814403047
+79814403250
+79814403409
+79814403411
+79814403538
+79814403583
+79814200608
+79814200883
+79814200886
+79814200956
+79814201026
+79814201066
+79814201115
+79814201118
+79814201119
+79814201184
+79815002465
+79815002479
+79815002499
+79815002634
+79815002655
+79815003086
+79815003095
+79815003105
+79815003106
+79815003114
+79115205423
+79115205661
+79115205683
+79115205693
+79115205723
+79115205739
+79115205743
+79115205744
+79115205748
+79115205764
+79814400286
+79814401031
+79814401228
+79814402833
+79814403047
+79814403250
+79814403409
+79814403411
+79814403538
+79814403583
+79814270788
+79814271268
+79814271357
+79814271512
+79814271674
+79814272393
+79814273477
+79814273680
+79814274607
+79814275078
+79115302137
+79115302139
+79115302513
+79115302761
+79115302776
+79115302973
+79115303301
+79115303605
+79115303627
+79115303659
+79115027318
+79115027319
+79115027323
+79115027328
+79115027329
+79115027334
+79115027340
+79115027343
+79115027349
+79115027356
+79814200608
+79814200883
+79814200886
+79814200956
+79814201026
+79814201066
+79814201115
+79814201118
+79814201119
+79814201184
+79114401376
+79114401385
+79114401471
+79114401489
+79114401494
+79114401497
+79114401507
+79114401509
+79114401514
+79114401517
+79115027318
+79115027319
+79115027323
+79115027328
+79115027329
+79115027334
+79115027340
+79115027343
+79115027349
+79115027356
+79115205423
+79115205661
+79115205683
+79115205693
+79115205723
+79115205739
+79115205743
+79115205744
+79115205748
+79115205764
+79814200608
+79814200883
+79814200886
+79814200956
+79814201026
+79814201066
+79814201115
+79814201118
+79814201119
+79814201184
+79110463469
+79110463741
+79110463854
+79110464514
+79110464579
+79110464803
+79110465203
+79110465310
+79110465318
+79110465342
+79115101170
+79115101417
+79115101529
+79115101774
+79115102031
+79115102740
+79115102939
+79115103351
+79115104105
+79115104902
+79114401376
+79114401385
+79114401471
+79114401489
+79114401494
+79114401497
+79114401507
+79114401509
+79114401514
+79114401517
+79115205423
+79115205661
+79115205683
+79115205693
+79115205723
+79115205739
+79115205743
+79115205744
+79115205748
+79115205764
+79114401376
+79114401385
+79114401471
+79114401489
+79114401494
+79114401497
+79114401507
+79114401509
+79114401514
+79114401517
+79115101170
+79115101417
+79115101529
+79115101774
+79115102031
+79115102740
+79115102939
+79115103351
+79115104105
+79115104902
+79110463469
+79110463741
+79110463854
+79110464514
+79110464579
+79110464803
+79110465203
+79110465310
+79110465318
+79110465342
+79814270788
+79814271268
+79814271357
+79814271512
+79814271674
+79814272393
+79814273477
+79814273680
+79814274607
+79814275078
+79115101170
+79115101417
+79115101529
+79115101774
+79115102031
+79115102740
+79115102939
+79115103351
+79115104105
+79115104902
+79115400279
+79115400285
+79115400359
+79115400391
+79115400392
+79115400442
+79115400590
+79115400594
+79115400728
+79115400740
+79814270788
+79814271268
+79814271357
+79814271512
+79814271674
+79814272393
+79814273477
+79814273680
+79814274607
+79814275078
+79115205423
+79115205661
+79115205683
+79115205693
+79115205723
+79115205739
+79115205743
+79115205744
+79115205748
+79115205764
+79814200608
+79814200883
+79814200886
+79814200956
+79814201026
+79814201066
+79814201115
+79814201118
+79814201119
+79814201184
+79815002465
+79815002479
+79815002499
+79815002634
+79815002655
+79815003086
+79815003095
+79815003105
+79815003106
+79815003114
+79815002465
+79815002479
+79815002499
+79815002634
+79815002655
+79815003086
+79815003095
+79815003105
+79815003106
+79815003114
+79115400279
+79115400285
+79115400359
+79115400391
+79115400392
+79115400442
+79115400590
+79115400594
+79115400728
+79115400740
+79814270788
+79814271268
+79814271357
+79814271512
+79814271674
+79814272393
+79814273477
+79814273680
+79814274607
+79814275078
+79115302137
+79115302139
+79115302513
+79115302761
+79115302776
+79115302973
+79115303301
+79115303605
+79115303627
+79115303659
+79814200608
+79814200883
+79814200886
+79814200956
+79814201026
+79814201066
+79814201115
+79814201118
+79814201119
+79814201184
+79115027318
+79115027319
+79115027323
+79115027328
+79115027329
+79115027334
+79115027340
+79115027343
+79115027349
+79115027356
+79115101170
+79115101417
+79115101529
+79115101774
+79115102031
+79115102740
+79115102939
+79115103351
+79115104105
+79115104902
+79814270788
+79814271268
+79814271357
+79814271512
+79814271674
+79814272393
+79814273477
+79814273680
+79814274607
+79814275078
+79115027318
+79115027319
+79115027323
+79115027328
+79115027329
+79115027334
+79115027340
+79115027343
+79115027349
+79115027356
+79814301237
+79814301240
+79814301248
+79814301251
+79814301253
+79814301257
+79814301259
+79814301261
+79814301273
+79814301296
+79110463469
+79110463741
+79110463854
+79110464514
+79110464579
+79110464803
+79110465203
+79110465310
+79110465318
+79110465342
+79115101170
+79115101417
+79115101529
+79115101774
+79115102031
+79115102740
+79115102939
+79115103351
+79115104105
+79115104902
+79115205423
+79115205661
+79115205683
+79115205693
+79115205723
+79115205739
+79115205743
+79115205744
+79115205748
+79115205764
+79814400286
+79814401031
+79814401228
+79814402833
+79814403047
+79814403250
+79814403409
+79814403411
+79814403538
+79814403583
+79110463469
+79110463741
+79110463854
+79110464514
+79110464579
+79110464803
+79110465203
+79110465310
+79110465318
+79110465342
+79115400279
+79115400285
+79115400359
+79115400391
+79115400392
+79115400442
+79115400590
+79115400594
+79115400728
+79115400740
+79115101170
+79115101417
+79115101529
+79115101774
+79115102031
+79115102740
+79115102939
+79115103351
+79115104105
+79115104902
+79115400279
+79115400285
+79115400359
+79115400391
+79115400392
+79115400442
+79115400590
+79115400594
+79115400728
+79115400740
+79814270788
+79814271268
+79814271357
+79814271512
+79814271674
+79814272393
+79814273477
+79814273680
+79814274607
+79814275078
+79115027318
+79115027319
+79115027323
+79115027328
+79115027329
+79115027334
+79115027340
+79115027343
+79115027349
+79115027356
+79115101170
+79115101417
+79115101529
+79115101774
+79115102031
+79115102740
+79115102939
+79115103351
+79115104105
+79115104902
+79814200608
+79814200883
+79814200886
+79814200956
+79814201026
+79814201066
+79814201115
+79814201118
+79814201119
+79814201184
+79110463469
+79110463741
+79110463854
+79110464514
+79110464579
+79110464803
+79110465203
+79110465310
+79110465318
+79110465342
+79814301237
+79814301240
+79814301248
+79814301251
+79814301253
+79814301257
+79814301259
+79814301261
+79814301273
+79814301296
+79115400279
+79115400285
+79115400359
+79115400391
+79115400392
+79115400442
+79115400590
+79115400594
+79115400728
+79115400740
+79114401376
+79114401385
+79114401471
+79114401489
+79114401494
+79114401497
+79114401507
+79114401509
+79114401514
+79114401517
+79114401376
+79114401385
+79114401471
+79114401489
+79114401494
+79114401497
+79114401507
+79114401509
+79114401514
+79114401517
+79814200608
+79814200883
+79814200886
+79814200956
+79814201026
+79814201066
+79814201115
+79814201118
+79814201119
+79814201184
+79814270788
+79814271268
+79814271357
+79814271512
+79814271674
+79814272393
+79814273477
+79814273680
+79814274607
+79814275078
+79815002465
+79815002479
+79815002499
+79815002634
+79815002655
+79815003086
+79815003095
+79815003105
+79815003106
+79815003114
+79115101170
+79115101417
+79115101529
+79115101774
+79115102031
+79115102740
+79115102939
+79115103351
+79115104105
+79115104902
+79814270788
+79814271268
+79814271357
+79814271512
+79814271674
+79814272393
+79814273477
+79814273680
+79814274607
+79814275078
+79114401376
+79114401385
+79114401471
+79114401489
+79114401494
+79114401497
+79114401507
+79114401509
+79114401514
+79114401517
+79814400286
+79814401031
+79814401228
+79814402833
+79814403047
+79814403250
+79814403409
+79814403411
+79814403538
+79814403583
+79114401376
+79114401385
+79114401471
+79114401489
+79114401494
+79114401497
+79114401507
+79114401509
+79114401514
+79114401517
+79115400279
+79115400285
+79115400359
+79115400391
+79115400392
+79115400442
+79115400590
+79115400594
+79115400728
+79115400740
+79814200608
+79814200883
+79814200886
+79814200956
+79814201026
+79814201066
+79814201115
+79814201118
+79814201119
+79814201184
+79814200608
+79814200883
+79814200886
+79814200956
+79814201026
+79814201066
+79814201115
+79814201118
+79814201119
+79814201184
+79115101170
+79115101417
+79115101529
+79115101774
+79115102031
+79115102740
+79115102939
+79115103351
+79115104105
+79115104902
+79115027318
+79115027319
+79115027323
+79115027328
+79115027329
+79115027334
+79115027340
+79115027343
+79115027349
+79115027356
+79115205423
+79115205661
+79115205683
+79115205693
+79115205723
+79115205739
+79115205743
+79115205744
+79115205748
+79115205764
+79814400286
+79814401031
+79814401228
+79814402833
+79814403047
+79814403250
+79814403409
+79814403411
+79814403538
+79814403583
+79115101170
+79115101417
+79115101529
+79115101774
+79115102031
+79115102740
+79115102939
+79115103351
+79115104105
+79115104902
+79815002465
+79815002479
+79815002499
+79815002634
+79815002655
+79815003086
+79815003095
+79815003105
+79815003106
+79815003114
+79115205423
+79115205661
+79115205683
+79115205693
+79115205723
+79115205739
+79115205743
+79115205744
+79115205748
+79115205764
+79814301237
+79814301240
+79814301248
+79814301251
+79814301253
+79814301257
+79814301259
+79814301261
+79814301273
+79814301296
+79114401376
+79114401385
+79114401471
+79114401489
+79114401494
+79114401497
+79114401507
+79114401509
+79114401514
+79114401517
+79115205423
+79115205661
+79115205683
+79115205693
+79115205723
+79115205739
+79115205743
+79115205744
+79115205748
+79115205764
+79814270788
+79814271268
+79814271357
+79814271512
+79814271674
+79814272393
+79814273477
+79814273680
+79814274607
+79814275078
+79115101170
+79115101417
+79115101529
+79115101774
+79115102031
+79115102740
+79115102939
+79115103351
+79115104105
+79115104902
+79115302137
+79115302139
+79115302513
+79115302761
+79115302776
+79115302973
+79115303301
+79115303605
+79115303627
+79115303659
+79115400279
+79115400285
+79115400359
+79115400391
+79115400392
+79115400442
+79115400590
+79115400594
+79115400728
+79115400740
+79115027318
+79115027319
+79115027323
+79115027328
+79115027329
+79115027334
+79115027340
+79115027343
+79115027349
+79115027356
+79814200608
+79814200883
+79814200886
+79814200956
+79814201026
+79814201066
+79814201115
+79814201118
+79814201119
+79814201184
+79814200608
+79814200883
+79814200886
+79814200956
+79814201026
+79814201066
+79814201115
+79814201118
+79814201119
+79814201184
+79115400279
+79115400285
+79115400359
+79115400391
+79115400392
+79115400442
+79115400590
+79115400594
+79115400728
+79115400740
+79110463469
+79110463741
+79110463854
+79110464514
+79110464579
+79110464803
+79110465203
+79110465310
+79110465318
+79110465342
+79115302137
+79115302139
+79115302513
+79115302761
+79115302776
+79115302973
+79115303301
+79115303605
+79115303627
+79115303659
+79115205423
+79115205661
+79115205683
+79115205693
+79115205723
+79115205739
+79115205743
+79115205744
+79115205748
+79115205764
+79115205423
+79115205661
+79115205683
+79115205693
+79115205723
+79115205739
+79115205743
+79115205744
+79115205748
+79115205764
+79110463469
+79110463741
+79110463854
+79110464514
+79110464579
+79110464803
+79110465203
+79110465310
+79110465318
+79110465342
+79114401376
+79114401385
+79114401471
+79114401489
+79114401494
+79114401497
+79114401507
+79114401509
+79114401514
+79114401517
+79814400286
+79814401031
+79814401228
+79814402833
+79814403047
+79814403250
+79814403409
+79814403411
+79814403538
+79814403583
+79115302137
+79115302139
+79115302513
+79115302761
+79115302776
+79115302973
+79115303301
+79115303605
+79115303627
+79115303659
+79115101170
+79115101417
+79115101529
+79115101774
+79115102031
+79115102740
+79115102939
+79115103351
+79115104105
+79115104902
+79815002465
+79815002479
+79815002499
+79815002634
+79815002655
+79815003086
+79815003095
+79815003105
+79815003106
+79815003114
+79814270788
+79814271268
+79814271357
+79814271512
+79814271674
+79814272393
+79814273477
+79814273680
+79814274607
+79814275078
+79814301237
+79814301240
+79814301248
+79814301251
+79814301253
+79814301257
+79814301259
+79814301261
+79814301273
+79814301296
+79814301237
+79814301240
+79814301248
+79814301251
+79814301253
+79814301257
+79814301259
+79814301261
+79814301273
+79814301296
+79115027318
+79115027319
+79115027323
+79115027328
+79115027329
+79115027334
+79115027340
+79115027343
+79115027349
+79115027356
+79814400286
+79814401031
+79814401228
+79814402833
+79814403047
+79814403250
+79814403409
+79814403411
+79814403538
+79814403583
+79115302137
+79115302139
+79115302513
+79115302761
+79115302776
+79115302973
+79115303301
+79115303605
+79115303627
+79115303659
+79114401376
+79114401385
+79114401471
+79114401489
+79114401494
+79114401497
+79114401507
+79114401509
+79114401514
+79114401517
+79115027318
+79115027319
+79115027323
+79115027328
+79115027329
+79115027334
+79115027340
+79115027343
+79115027349
+79115027356
+79814200608
+79814200883
+79814200886
+79814200956
+79814201026
+79814201066
+79814201115
+79814201118
+79814201119
+79814201184
+79115205423
+79115205661
+79115205683
+79115205693
+79115205723
+79115205739
+79115205743
+79115205744
+79115205748
+79115205764
+79115101170
+79115101417
+79115101529
+79115101774
+79115102031
+79115102740
+79115102939
+79115103351
+79115104105
+79115104902
+79814270788
+79814271268
+79814271357
+79814271512
+79814271674
+79814272393
+79814273477
+79814273680
+79814274607
+79814275078
+79115205423
+79115205661
+79115205683
+79115205693
+79115205723
+79115205739
+79115205743
+79115205744
+79115205748
+79115205764
+79110463469
+79110463741
+79110463854
+79110464514
+79110464579
+79110464803
+79110465203
+79110465310
+79110465318
+79110465342
+79814200608
+79814200883
+79814200886
+79814200956
+79814201026
+79814201066
+79814201115
+79814201118
+79814201119
+79814201184
+79814301237
+79814301240
+79814301248
+79814301251
+79814301253
+79814301257
+79814301259
+79814301261
+79814301273
+79814301296
+79110463469
+79110463741
+79110463854
+79110464514
+79110464579
+79110464803
+79110465203
+79110465310
+79110465318
+79110465342
+79814200608
+79814200883
+79814200886
+79814200956
+79814201026
+79814201066
+79814201115
+79814201118
+79814201119
+79814201184
+79115400279
+79115400285
+79115400359
+79115400391
+79115400392
+79115400442
+79115400590
+79115400594
+79115400728
+79115400740
+79115027318
+79115027319
+79115027323
+79115027328
+79115027329
+79115027334
+79115027340
+79115027343
+79115027349
+79115027356
+79115302137
+79115302139
+79115302513
+79115302761
+79115302776
+79115302973
+79115303301
+79115303605
+79115303627
+79115303659
+79115400279
+79115400285
+79115400359
+79115400391
+79115400392
+79115400442
+79115400590
+79115400594
+79115400728
+79115400740
+79115027318
+79115027319
+79115027323
+79115027328
+79115027329
+79115027334
+79115027340
+79115027343
+79115027349
+79115027356
+79115205423
+79115205661
+79115205683
+79115205693
+79115205723
+79115205739
+79115205743
+79115205744
+79115205748
+79115205764
+79814270788
+79814271268
+79814271357
+79814271512
+79814271674
+79814272393
+79814273477
+79814273680
+79814274607
+79814275078
+79814400286
+79814401031
+79814401228
+79814402833
+79814403047
+79814403250
+79814403409
+79814403411
+79814403538
+79814403583
+79814200608
+79814200883
+79814200886
+79814200956
+79814201026
+79814201066
+79814201115
+79814201118
+79814201119
+79814201184
+79814200608
+79814200883
+79814200886
+79814200956
+79814201026
+79814201066
+79814201115
+79814201118
+79814201119
+79814201184
+79115302137
+79115302139
+79115302513
+79115302761
+79115302776
+79115302973
+79115303301
+79115303605
+79115303627
+79115303659
+79115027318
+79115027319
+79115027323
+79115027328
+79115027329
+79115027334
+79115027340
+79115027343
+79115027349
+79115027356
+79115027318
+79115027319
+79115027323
+79115027328
+79115027329
+79115027334
+79115027340
+79115027343
+79115027349
+79115027356
+79114401376
+79114401385
+79114401471
+79114401489
+79114401494
+79114401497
+79114401507
+79114401509
+79114401514
+79114401517
+79814270788
+79814271268
+79814271357
+79814271512
+79814271674
+79814272393
+79814273477
+79814273680
+79814274607
+79814275078
+79115027318
+79115027319
+79115027323
+79115027328
+79115027329
+79115027334
+79115027340
+79115027343
+79115027349
+79115027356
+79115302137
+79115302139
+79115302513
+79115302761
+79115302776
+79115302973
+79115303301
+79115303605
+79115303627
+79115303659
+79115400279
+79115400285
+79115400359
+79115400391
+79115400392
+79115400442
+79115400590
+79115400594
+79115400728
+79115400740
+79110463469
+79110463741
+79110463854
+79110464514
+79110464579
+79110464803
+79110465203
+79110465310
+79110465318
+79110465342
+79114401376
+79114401385
+79114401471
+79114401489
+79114401494
+79114401497
+79114401507
+79114401509
+79114401514
+79114401517
+79115302137
+79115302139
+79115302513
+79115302761
+79115302776
+79115302973
+79115303301
+79115303605
+79115303627
+79115303659
+79814400286
+79814401031
+79814401228
+79814402833
+79814403047
+79814403250
+79814403409
+79814403411
+79814403538
+79814403583
+79114401376
+79114401385
+79114401471
+79114401489
+79114401494
+79114401497
+79114401507
+79114401509
+79114401514
+79114401517
+79814270788
+79814271268
+79814271357
+79814271512
+79814271674
+79814272393
+79814273477
+79814273680
+79814274607
+79814275078
+79110463469
+79110463741
+79110463854
+79110464514
+79110464579
+79110464803
+79110465203
+79110465310
+79110465318
+79110465342
+79814301237
+79814301240
+79814301248
+79814301251
+79814301253
+79814301257
+79814301259
+79814301261
+79814301273
+79814301296
+79814400286
+79814401031
+79814401228
+79814402833
+79814403047
+79814403250
+79814403409
+79814403411
+79814403538
+79814403583
+79814400286
+79814401031
+79814401228
+79814402833
+79814403047
+79814403250
+79814403409
+79814403411
+79814403538
+79814403583
+79115205423
+79115205661
+79115205683
+79115205693
+79115205723
+79115205739
+79115205743
+79115205744
+79115205748
+79115205764
+79814200608
+79814200883
+79814200886
+79814200956
+79814201026
+79814201066
+79814201115
+79814201118
+79814201119
+79814201184
+79114401376
+79114401385
+79114401471
+79114401489
+79114401494
+79114401497
+79114401507
+79114401509
+79114401514
+79114401517
+79815002465
+79815002479
+79815002499
+79815002634
+79815002655
+79815003086
+79815003095
+79815003105
+79815003106
+79815003114
+79115302137
+79115302139
+79115302513
+79115302761
+79115302776
+79115302973
+79115303301
+79115303605
+79115303627
+79115303659
+79814400286
+79814401031
+79814401228
+79814402833
+79814403047
+79814403250
+79814403409
+79814403411
+79814403538
+79814403583
+79814270788
+79814271268
+79814271357
+79814271512
+79814271674
+79814272393
+79814273477
+79814273680
+79814274607
+79814275078
+79110463469
+79110463741
+79110463854
+79110464514
+79110464579
+79110464803
+79110465203
+79110465310
+79110465318
+79110465342
+79115400279
+79115400285
+79115400359
+79115400391
+79115400392
+79115400442
+79115400590
+79115400594
+79115400728
+79115400740
+79814400286
+79814401031
+79814401228
+79814402833
+79814403047
+79814403250
+79814403409
+79814403411
+79814403538
+79814403583
+79115101170
+79115101417
+79115101529
+79115101774
+79115102031
+79115102740
+79115102939
+79115103351
+79115104105
+79115104902
+79110463469
+79110463741
+79110463854
+79110464514
+79110464579
+79110464803
+79110465203
+79110465310
+79110465318
+79110465342
+79814270788
+79814271268
+79814271357
+79814271512
+79814271674
+79814272393
+79814273477
+79814273680
+79814274607
+79814275078
+79115302137
+79115302139
+79115302513
+79115302761
+79115302776
+79115302973
+79115303301
+79115303605
+79115303627
+79115303659
+79115027318
+79115027319
+79115027323
+79115027328
+79115027329
+79115027334
+79115027340
+79115027343
+79115027349
+79115027356
+79110463469
+79110463741
+79110463854
+79110464514
+79110464579
+79110464803
+79110465203
+79110465310
+79110465318
+79110465342
+79814400286
+79814401031
+79814401228
+79814402833
+79814403047
+79814403250
+79814403409
+79814403411
+79814403538
+79814403583
+79814400286
+79814401031
+79814401228
+79814402833
+79814403047
+79814403250
+79814403409
+79814403411
+79814403538
+79814403583
+79814270788
+79814271268
+79814271357
+79814271512
+79814271674
+79814272393
+79814273477
+79814273680
+79814274607
+79814275078
+79814200608
+79814200883
+79814200886
+79814200956
+79814201026
+79814201066
+79814201115
+79814201118
+79814201119
+79814201184
+79814400286
+79814401031
+79814401228
+79814402833
+79814403047
+79814403250
+79814403409
+79814403411
+79814403538
+79814403583
+79110463469
+79110463741
+79110463854
+79110464514
+79110464579
+79110464803
+79110465203
+79110465310
+79110465318
+79110465342
+79814400286
+79814401031
+79814401228
+79814402833
+79814403047
+79814403250
+79814403409
+79814403411
+79814403538
+79814403583
+79115400279
+79115400285
+79115400359
+79115400391
+79115400392
+79115400442
+79115400590
+79115400594
+79115400728
+79115400740
+79115101170
+79115101417
+79115101529
+79115101774
+79115102031
+79115102740
+79115102939
+79115103351
+79115104105
+79115104902
+79115101170
+79115101417
+79115101529
+79115101774
+79115102031
+79115102740
+79115102939
+79115103351
+79115104105
+79115104902
+79814270788
+79814271268
+79814271357
+79814271512
+79814271674
+79814272393
+79814273477
+79814273680
+79814274607
+79814275078
+79115027318
+79115027319
+79115027323
+79115027328
+79115027329
+79115027334
+79115027340
+79115027343
+79115027349
+79115027356
+79115302137
+79115302139
+79115302513
+79115302761
+79115302776
+79115302973
+79115303301
+79115303605
+79115303627
+79115303659
+79814200608
+79814200883
+79814200886
+79814200956
+79814201026
+79814201066
+79814201115
+79814201118
+79814201119
+79814201184
+79115205423
+79115205661
+79115205683
+79115205693
+79115205723
+79115205739
+79115205743
+79115205744
+79115205748
+79115205764
+79115302137
+79115302139
+79115302513
+79115302761
+79115302776
+79115302973
+79115303301
+79115303605
+79115303627
+79115303659
+79814301237
+79814301240
+79814301248
+79814301251
+79814301253
+79814301257
+79814301259
+79814301261
+79814301273
+79814301296
+79115400285
+79115400359
+79115400391
+79115400392
+79115400442
+79115400590
+79115400594
+79115400728
+79115400740
+79115400744
+79115205423
+79115205661
+79115205683
+79115205693
+79115205723
+79115205739
+79115205743
+79115205744
+79115205748
+79115205764
+79115205423
+79115205661
+79115205683
+79115205693
+79115205723
+79115205739
+79115205743
+79115205744
+79115205748
+79115205764
+79815002465
+79815002479
+79815002499
+79815002634
+79815002655
+79815003086
+79815003095
+79815003105
+79815003106
+79815003114
+79114401376
+79114401385
+79114401471
+79114401489
+79114401494
+79114401497
+79114401507
+79114401509
+79114401514
+79114401517
+79814301237
+79814301240
+79814301248
+79814301251
+79814301253
+79814301257
+79814301259
+79814301261
+79814301273
+79814301296
+79115302137
+79115302139
+79115302513
+79115302761
+79115302776
+79115302973
+79115303301
+79115303605
+79115303627
+79115303659
+79115027318
+79115027319
+79115027323
+79115027328
+79115027329
+79115027334
+79115027340
+79115027343
+79115027349
+79115027356
+79114401376
+79114401385
+79114401471
+79114401489
+79114401494
+79114401497
+79114401507
+79114401509
+79114401514
+79114401517
+79114401376
+79114401385
+79114401471
+79114401489
+79114401494
+79114401497
+79114401507
+79114401509
+79114401514
+79114401517
+79115101170
+79115101417
+79115101529
+79115101774
+79115102031
+79115102740
+79115102939
+79115103351
+79115104105
+79115104902
+79814400286
+79814401031
+79814401228
+79814402833
+79814403047
+79814403250
+79814403409
+79814403411
+79814403538
+79814403583
+79115205423
+79115205661
+79115205683
+79115205693
+79115205723
+79115205739
+79115205743
+79115205744
+79115205748
+79115205764
+79115302137
+79115302139
+79115302513
+79115302761
+79115302776
+79115302973
+79115303301
+79115303605
+79115303627
+79115303659
+79115400285
+79115400359
+79115400391
+79115400392
+79115400442
+79115400590
+79115400594
+79115400728
+79115400740
+79115400744
+79814400286
+79814401031
+79814401228
+79814402833
+79814403047
+79814403250
+79814403409
+79814403411
+79814403538
+79814403583
+79114401376
+79114401385
+79114401471
+79114401489
+79114401494
+79114401497
+79114401507
+79114401509
+79114401514
+79114401517
+79115101170
+79115101417
+79115101529
+79115101774
+79115102031
+79115102740
+79115102939
+79115103351
+79115104105
+79115104902
+79814270788
+79814271268
+79814271357
+79814271512
+79814271674
+79814272393
+79814273477
+79814273680
+79814274607
+79814275078
+79115205423
+79115205661
+79115205683
+79115205693
+79115205723
+79115205739
+79115205743
+79115205744
+79115205748
+79115205764
