79115205748
79814201026
79115205764
79110465578
79110465769
79814403538
79115027318
79110465807
79114401494
79110464579
79115302761
79814200608
79115101529
79115400442
79814301237
79110464514
79815003086
79110463854
79115205744
79115400279
79114401507
79115303659
79814401031
79814403411
79110465803
79814301251
79110465804
79115400392
79115104105
79115205723
79814270788
79110465318
79815003114
79115400590
79115027340
79115400391
79114401517
79115302776
79115102939
79115103351
79115400728
79815003106
79814201118
79114401471
79815003095
79115303605
79115102031
79110465342
79814200883
79115400740
79115027323
79115205661
79115027343
79110465774
79114401509
79814301248
79814301261
79115205423
79814400286
79814271268
79115303301
79814271512
79814301259
79814403250
79115027328
79814301240
79814200886
79110465203
79814301296
79110465596
79115101417
79115027356
79814401228
79115205739
79815002499
79110464803
79114401385
79115303627
79115302973
79115027319
79115101774
79814403047
79115302137
79110465782
79110463741
79814402833
79814274607
79814271674
79814271357
79114401489
79814272393
79115205683
79814201119
79815002634
79815002479
79115205743
79115302139
79115102740
79115400359
79814301257
79814273477
79115400744
79114401514
79115205693
79814403409
79114401376
79814201115
79115104902
79814301273
79814200956
79110463469
79815002465
79115302513
79110465795
79110465310
79115027349
79814201184
79115027329
79115400285
79115400594
79114401497
79814403583
79814273680
79815003172
79110465765
79814275078
79815002655
79814301253
79815003105
79115101170
79115027334
79814301305
79814201066
