+79802300647
+79802300656
+79802300857
+79802301131
+79802301134
+79802301183
+79802301294
+79802301344
+79802301347
+79802301401
+79100400674
+79100403069
+79100403926
+79100404025
+79100404419
+79100404793
+79100404820
+79100407049
+79100407967
+79100409581
+79805400910
+79805401385
+79805401399
+79805401495
+79805402512
+79805403585
+79805403665
+79805404151
+79805404297
+79805405390
+79802300647
+79802300656
+79802300857
+79802301131
+79802301134
+79802301183
+79802301294
+79802301344
+79802301347
+79802301401
+79102800035
+79102801562
+79102801594
+79102801595
+79102801627
+79102801632
+79102801685
+79102801826
+79102801832
+79102801847
+79802701773
+79802701857
+79802701867
+79802701884
+79802701896
+79802701898
+79802701902
+79802701904
+79802701905
+79802701906
+79100397720
+79100397741
+79100397742
+79100397749
+79100397756
+79100397758
+79100397761
+79100397762
+79100397769
+79100397782
+79107381826
+79107381921
+79107382083
+79107382402
+79107382476
+79107382532
+79107382539
+79107382605
+79107382622
+79107382625
+79192301071
+79192304274
+79192309533
+79192309536
+79192309538
+79192309546
+79192309549
+79192309556
+79192309560
+79192309564
+79107460699
+79107461724
+79107461840
+79107461843
+79107461848
+79107461856
+79107461858
+79107461863
+79107461891
+79107461895
+79192301071
+79192304274
+79192309533
+79192309536
+79192309538
+79192309546
+79192309549
+79192309556
+79192309560
+79192309564
+79102401368
+79102401596
+79102401639
+79102402516
+79102402534
+79102402625
+79102402994
+79102403605
+79102404285
+79102404696
+79802701773
+79802701857
+79802701867
+79802701884
+79802701896
+79802701898
+79802701902
+79802701904
+79802701905
+79802701906
+79805400910
+79805401385
+79805401399
+79805401495
+79805402512
+79805403585
+79805403665
+79805404151
+79805404297
+79805405390
+79803401110
+79803401116
+79803401119
+79803401197
+79803401370
+79803401371
+79803401390
+79803401393
+79803401472
+79803401758
+79155800168
+79155800831
+79155801503
+79155801622
+79155802630
+79155802733
+79155803309
+79155803316
+79155803342
+79155804055
+79805515849
+79805516308
+79805516405
+79805518612
+79805518715
+79805519476
+79805519640
+79805520416
+79805520547
+79805520928
+79107460699
+79107461724
+79107461840
+79107461843
+79107461848
+79107461856
+79107461858
+79107461863
+79107461891
+79107461895
+79107442139
+79107442158
+79107442160
+79107442164
+79107442167
+79107442169
+79107442173
+79107442175
+79107442179
+79107442180
+79805400910
+79805401385
+79805401399
+79805401495
+79805402512
+79805403585
+79805403665
+79805404151
+79805404297
+79805405390
+79155400641
+79155401364
+79155401791
+79155402193
+79155402296
+79155403284
+79155403731
+79155403741
+79155403746
+79155403750
+79155800168
+79155800831
+79155801503
+79155801622
+79155802630
+79155802733
+79155803309
+79155803316
+79155803342
+79155804055
+79155400641
+79155401364
+79155401791
+79155402193
+79155402296
+79155403284
+79155403731
+79155403741
+79155403746
+79155403750
+79802401875
+79802401917
+79802401949
+79802401955
+79802401969
+79802401981
+79802401988
+79802402077
+79802402078
+79802402079
+79107491058
+79107491259
+79107491284
+79107491402
+79107491406
+79107491426
+79107491449
+79107491549
+79107491627
+79107491659
+79107442139
+79107442158
+79107442160
+79107442164
+79107442167
+79107442169
+79107442173
+79107442175
+79107442179
+79107442180
+79107442139
+79107442158
+79107442160
+79107442164
+79107442167
+79107442169
+79107442173
+79107442175
+79107442179
+79107442180
+79803401110
+79803401116
+79803401119
+79803401197
+79803401370
+79803401371
+79803401390
+79803401393
+79803401472
+79803401758
+79103401404
+79103402764
+79103403820
+79103406486
+79103406489
+79103406491
+79103406504
+79103406510
+79103406512
+79103406518
+79107325660
+79107326089
+79107326360
+79107326367
+79107327348
+79107327392
+79107327503
+79107327620
+79107327627
+79107327654
+79191805103
+79191805108
+79191805118
+79191805135
+79191805147
+79191805159
+79191805160
+79191805163
+79191805176
+79191805177
+79192301071
+79192304274
+79192309533
+79192309536
+79192309538
+79192309546
+79192309549
+79192309556
+79192309560
+79192309564
+79107442139
+79107442158
+79107442160
+79107442164
+79107442167
+79107442169
+79107442173
+79107442175
+79107442179
+79107442180
+79102800035
+79102801562
+79102801594
+79102801595
+79102801627
+79102801632
+79102801685
+79102801826
+79102801832
+79102801847
+79803401110
+79803401116
+79803401119
+79803401197
+79803401370
+79803401371
+79803401390
+79803401393
+79803401472
+79803401758
+79102800035
+79102801562
+79102801594
+79102801595
+79102801627
+79102801632
+79102801685
+79102801826
+79102801832
+79102801847
+79191805103
+79191805108
+79191805118
+79191805135
+79191805147
+79191805159
+79191805160
+79191805163
+79191805176
+79191805177
+79100397720
+79100397741
+79100397742
+79100397749
+79100397756
+79100397758
+79100397761
+79100397762
+79100397769
+79100397782
+79155400641
+79155401364
+79155401791
+79155402193
+79155402296
+79155403284
+79155403731
+79155403741
+79155403746
+79155403750
+79802701773
+79802701857
+79802701867
+79802701884
+79802701896
+79802701898
+79802701902
+79802701904
+79802701905
+79802701906
+79192301071
+79192304274
+79192309533
+79192309536
+79192309538
+79192309546
+79192309549
+79192309556
+79192309560
+79192309564
+79100397720
+79100397741
+79100397742
+79100397749
+79100397756
+79100397758
+79100397761
+79100397762
+79100397769
+79100397782
+79155800168
+79155800831
+79155801503
+79155801622
+79155802630
+79155802733
+79155803309
+79155803316
+79155803342
+79155804055
+79802300647
+79802300656
+79802300857
+79802301131
+79802301134
+79802301183
+79802301294
+79802301344
+79802301347
+79802301401
+79107442139
+79107442158
+79107442160
+79107442164
+79107442167
+79107442169
+79107442173
+79107442175
+79107442179
+79107442180
+79107491058
+79107491259
+79107491284
+79107491402
+79107491406
+79107491426
+79107491449
+79107491549
+79107491627
+79107491659
+79100397720
+79100397741
+79100397742
+79100397749
+79100397756
+79100397758
+79100397761
+79100397762
+79100397769
+79100397782
+79802300647
+79802300656
+79802300857
+79802301131
+79802301134
+79802301183
+79802301294
+79802301344
+79802301347
+79802301401
+79155400641
+79155401364
+79155401791
+79155402193
+79155402296
+79155403284
+79155403731
+79155403741
+79155403746
+79155403750
+79191805103
+79191805108
+79191805118
+79191805135
+79191805147
+79191805159
+79191805160
+79191805163
+79191805176
+79191805177
+79803401110
+79803401116
+79803401119
+79803401197
+79803401370
+79803401371
+79803401390
+79803401393
+79803401472
+79803401758
+79155400641
+79155401364
+79155401791
+79155402193
+79155402296
+79155403284
+79155403731
+79155403741
+79155403746
+79155403750
+79805400910
+79805401385
+79805401399
+79805401495
+79805402512
+79805403585
+79805403665
+79805404151
+79805404297
+79805405390
+79103401404
+79103402764
+79103403820
+79103406486
+79103406489
+79103406491
+79103406504
+79103406510
+79103406512
+79103406518
+79805400910
+79805401385
+79805401399
+79805401495
+79805402512
+79805403585
+79805403665
+79805404151
+79805404297
+79805405390
+79107442139
+79107442158
+79107442160
+79107442164
+79107442167
+79107442169
+79107442173
+79107442175
+79107442179
+79107442180
+79107460699
+79107461724
+79107461840
+79107461843
+79107461848
+79107461856
+79107461858
+79107461863
+79107461891
+79107461895
+79155400641
+79155401364
+79155401791
+79155402193
+79155402296
+79155403284
+79155403731
+79155403741
+79155403746
+79155403750
+79805515849
+79805516308
+79805516405
+79805518612
+79805518715
+79805519476
+79805519640
+79805520416
+79805520547
+79805520928
+79100400674
+79100403069
+79100403926
+79100404025
+79100404419
+79100404793
+79100404820
+79100407049
+79100407967
+79100409581
+79107325660
+79107326089
+79107326360
+79107326367
+79107327348
+79107327392
+79107327503
+79107327620
+79107327627
+79107327654
+79802401875
+79802401917
+79802401949
+79802401955
+79802401969
+79802401981
+79802401988
+79802402077
+79802402078
+79802402079
+79100400674
+79100403069
+79100403926
+79100404025
+79100404419
+79100404793
+79100404820
+79100407049
+79100407967
+79100409581
+79107325660
+79107326089
+79107326360
+79107326367
+79107327348
+79107327392
+79107327503
+79107327620
+79107327627
+79107327654
+79805300274
+79805303176
+79805304351
+79805305198
+79805305732
+79805305978
+79805306821
+79805307126
+79805307138
+79805307162
+79805400910
+79805401385
+79805401399
+79805401495
+79805402512
+79805403585
+79805403665
+79805404151
+79805404297
+79805405390
+79103401404
+79103402764
+79103403820
+79103406486
+79103406489
+79103406491
+79103406504
+79103406510
+79103406512
+79103406518
+79107460642
+79107460699
+79107461724
+79107461840
+79107461843
+79107461848
+79107461856
+79107461858
+79107461863
+79107461891
+79102800035
+79102801562
+79102801594
+79102801595
+79102801627
+79102801632
+79102801685
+79102801826
+79102801832
+79102801847
+79805400910
+79805401385
+79805401399
+79805401495
+79805402512
+79805403585
+79805403665
+79805404151
+79805404297
+79805405390
+79107460642
+79107460699
+79107461724
+79107461840
+79107461843
+79107461848
+79107461856
+79107461858
+79107461863
+79107461891
+79803401110
+79803401116
+79803401119
+79803401197
+79803401370
+79803401371
+79803401390
+79803401393
+79803401472
+79803401758
+79102800035
+79102801562
+79102801594
+79102801595
+79102801627
+79102801632
+79102801685
+79102801826
+79102801832
+79102801847
+79107442139
+79107442158
+79107442160
+79107442164
+79107442167
+79107442169
+79107442173
+79107442175
+79107442179
+79107442180
+79803401110
+79803401116
+79803401119
+79803401197
+79803401370
+79803401371
+79803401390
+79803401393
+79803401472
+79803401758
+79192400232
+79192404095
+79192404102
+79192404123
+79192404125
+79192404126
+79192404138
+79192404145
+79192404207
+79192404396
+79192301071
+79192304274
+79192309533
+79192309536
+79192309538
+79192309546
+79192309549
+79192309556
+79192309560
+79192309564
+79802401875
+79802401917
+79802401949
+79802401955
+79802401969
+79802401981
+79802401988
+79802402077
+79802402078
+79802402079
+79191805103
+79191805108
+79191805118
+79191805135
+79191805147
+79191805159
+79191805160
+79191805163
+79191805176
+79191805177
+79107442139
+79107442158
+79107442160
+79107442164
+79107442167
+79107442169
+79107442173
+79107442175
+79107442179
+79107442180
+79102401368
+79102401596
+79102401639
+79102402516
+79102402534
+79102402625
+79102402994
+79102403605
+79102404285
+79102404696
+79103401404
+79103402764
+79103403820
+79103406486
+79103406489
+79103406491
+79103406504
+79103406510
+79103406512
+79103406518
+79802300647
+79802300656
+79802300857
+79802301131
+79802301134
+79802301183
+79802301294
+79802301344
+79802301347
+79802301401
+79100400674
+79100403069
+79100403926
+79100404025
+79100404419
+79100404793
+79100404820
+79100407049
+79100407967
+79100409581
+79191805103
+79191805108
+79191805118
+79191805135
+79191805147
+79191805159
+79191805160
+79191805163
+79191805176
+79191805177
+79802701773
+79802701857
+79802701867
+79802701884
+79802701896
+79802701898
+79802701902
+79802701904
+79802701905
+79802701906
+79805515849
+79805516308
+79805516405
+79805518612
+79805518715
+79805519476
+79805519640
+79805520416
+79805520547
+79805520928
+79192404095
+79192404102
+79192404123
+79192404125
+79192404126
+79192404138
+79192404145
+79192404207
+79192404396
+79192404414
+79102800035
+79102801562
+79102801594
+79102801595
+79102801627
+79102801632
+79102801685
+79102801826
+79102801832
+79102801847
+79103401404
+79103402764
+79103403820
+79103406486
+79103406489
+79103406491
+79103406504
+79103406510
+79103406512
+79103406518
+79191805103
+79191805108
+79191805118
+79191805135
+79191805147
+79191805159
+79191805160
+79191805163
+79191805176
+79191805177
+79802300647
+79802300656
+79802300857
+79802301131
+79802301134
+79802301183
+79802301294
+79802301344
+79802301347
+79802301401
+79192404095
+79192404102
+79192404123
+79192404125
+79192404126
+79192404138
+79192404145
+79192404207
+79192404396
+79192404414
+79805515849
+79805516308
+79805516405
+79805518612
+79805518715
+79805519476
+79805519640
+79805520416
+79805520547
+79805520928
+79802401875
+79802401917
+79802401949
+79802401955
+79802401969
+79802401981
+79802401988
+79802402077
+79802402078
+79802402079
+79102800035
+79102801562
+79102801594
+79102801595
+79102801627
+79102801632
+79102801685
+79102801826
+79102801832
+79102801847
+79107325660
+79107326089
+79107326360
+79107326367
+79107327348
+79107327392
+79107327503
+79107327620
+79107327627
+79107327654
+79100400674
+79100403069
+79100403926
+79100404025
+79100404419
+79100404793
+79100404820
+79100407049
+79100407967
+79100409581
+79102800035
+79102801562
+79102801594
+79102801595
+79102801627
+79102801632
+79102801685
+79102801826
+79102801832
+79102801847
+79155800168
+79155800831
+79155801503
+79155801622
+79155802630
+79155802733
+79155803309
+79155803316
+79155803342
+79155804055
+79107325660
+79107326089
+79107326360
+79107326367
+79107327348
+79107327392
+79107327503
+79107327620
+79107327627
+79107327654
+79100397720
+79100397741
+79100397742
+79100397749
+79100397756
+79100397758
+79100397761
+79100397762
+79100397769
+79100397782
+79805515849
+79805516308
+79805516405
+79805518612
+79805518715
+79805519476
+79805519640
+79805520416
+79805520547
+79805520928
+79100397720
+79100397741
+79100397742
+79100397749
+79100397756
+79100397758
+79100397761
+79100397762
+79100397769
+79100397782
+79802701773
+79802701857
+79802701867
+79802701884
+79802701896
+79802701898
+79802701902
+79802701904
+79802701905
+79802701906
+79107381826
+79107381921
+79107382083
+79107382402
+79107382476
+79107382532
+79107382539
+79107382584
+79107382605
+79107382622
+79155800168
+79155800831
+79155801503
+79155801622
+79155802630
+79155802733
+79155803309
+79155803316
+79155803342
+79155804055
+79102401368
+79102401596
+79102401639
+79102402516
+79102402534
+79102402625
+79102402994
+79102403605
+79102404285
+79102404696
+79803401110
+79803401116
+79803401119
+79803401197
+79803401370
+79803401371
+79803401390
+79803401393
+79803401472
+79803401758
+79107442139
+79107442158
+79107442160
+79107442164
+79107442167
+79107442169
+79107442173
+79107442175
+79107442179
+79107442180
+79107442139
+79107442158
+79107442160
+79107442164
+79107442167
+79107442169
+79107442173
+79107442175
+79107442179
+79107442180
+79192404095
+79192404102
+79192404123
+79192404125
+79192404126
+79192404138
+79192404145
+79192404207
+79192404396
+79192404414
+79103401404
+79103402764
+79103403820
+79103406486
+79103406489
+79103406491
+79103406504
+79103406510
+79103406512
+79103406518
+79102401368
+79102401596
+79102401639
+79102402516
+79102402534
+79102402625
+79102402994
+79102403605
+79102404285
+79102404696
+79100400674
+79100403069
+79100403926
+79100404025
+79100404419
+79100404793
+79100404820
+79100407049
+79100407967
+79100409581
+79102800035
+79102801562
+79102801594
+79102801595
+79102801627
+79102801632
+79102801685
+79102801826
+79102801832
+79102801847
+79805400910
+79805401385
+79805401399
+79805401495
+79805402512
+79805403585
+79805403665
+79805404151
+79805404297
+79805405390
+79102401368
+79102401596
+79102401639
+79102402516
+79102402534
+79102402625
+79102402994
+79102403605
+79102404285
+79102404696
+79102800035
+79102801562
+79102801594
+79102801595
+79102801627
+79102801632
+79102801685
+79102801826
+79102801832
+79102801847
+79802300647
+79802300656
+79802300857
+79802301131
+79802301134
+79802301183
+79802301294
+79802301344
+79802301347
+79802301401
