+79129102304
+79129102348
+79129102448
+79129102544
+79129102890
+79129102952
+79129102967
+79129102976
+79129102978
+79129102986
+79120722476
+79120722479
+79120722480
+79120722483
+79120722485
+79120722486
+79120722487
+79120722489
+79120722491
+79120722492
+79129102304
+79129102348
+79129102448
+79129102544
+79129102890
+79129102952
+79129102967
+79129102976
+79129102978
+79129102986
+79120722476
+79120722479
+79120722480
+79120722483
+79120722485
+79120722486
+79120722487
+79120722489
+79120722491
+79120722492
+79120722476
+79120722479
+79120722480
+79120722483
+79120722485
+79120722486
+79120722487
+79120722489
+79120722491
+79120722492
+79124301566
+79124301808
+79124303310
+79124303516
+79124303554
+79124304435
+79124304508
+79124304543
+79124304711
+79124304775
+79129102304
+79129102348
+79129102448
+79129102544
+79129102890
+79129102952
+79129102967
+79129102976
+79129102978
+79129102986
+79195502845
+79195502846
+79195502856
+79195502862
+79195502864
+79195502867
+79195502869
+79195502871
+79195502874
+79195502875
+79129102304
+79129102348
+79129102448
+79129102544
+79129102890
+79129102952
+79129102967
+79129102976
+79129102978
+79129102986
+79824004250
+79824004260
+79824004264
+79824004327
+79824004346
+79824004356
+79824004361
+79824004392
+79824004395
+79824004415
+79822600411
+79822600424
+79822600757
+79822600802
+79822601031
+79822601039
+79822601043
+79822601695
+79822601706
+79822601871
+79822600411
+79822600424
+79822600757
+79822600802
+79822601031
+79822601039
+79822601043
+79822601695
+79822601706
+79822601871
+79195502845
+79195502846
+79195502856
+79195502862
+79195502864
+79195502867
+79195502869
+79195502871
+79195502874
+79195502875
+79124202146
+79124203436
+79124205496
+79124205632
+79124205706
+79124206057
+79124206098
+79124206348
+79124206478
+79124206752
+79821600534
+79821600564
+79821600571
+79821600655
+79821600708
+79821600710
+79821600728
+79821600736
+79821600812
+79821600832
+79195502845
+79195502846
+79195502856
+79195502862
+79195502864
+79195502867
+79195502869
+79195502871
+79195502874
+79195502875
+79129102304
+79129102348
+79129102448
+79129102544
+79129102890
+79129102952
+79129102967
+79129102968
+79129102976
+79129102978
+79821600534
+79821600564
+79821600571
+79821600655
+79821600708
+79821600710
+79821600728
+79821600736
+79821600812
+79821600832
+79129102304
+79129102348
+79129102448
+79129102544
+79129102890
+79129102952
+79129102967
+79129102968
+79129102976
+79129102978
+79821704523
+79821706271
+79821706560
+79821706598
+79821706623
+79821706638
+79821706662
+79821706663
+79821706664
+79821706667
+79824004250
+79824004260
+79824004264
+79824004327
+79824004346
+79824004356
+79824004361
+79824004392
+79824004395
+79824004415
+79821704523
+79821706271
+79821706560
+79821706598
+79821706623
+79821706638
+79821706662
+79821706663
+79821706664
+79821706667
+79821704523
+79821706271
+79821706560
+79821706598
+79821706623
+79821706638
+79821706662
+79821706663
+79821706664
+79821706667
+79120722476
+79120722479
+79120722480
+79120722483
+79120722485
+79120722486
+79120722487
+79120722489
+79120722491
+79120722492
+79195502845
+79195502846
+79195502856
+79195502862
+79195502864
+79195502867
+79195502869
+79195502871
+79195502874
+79195502875
+79120722476
+79120722479
+79120722480
+79120722483
+79120722485
+79120722486
+79120722487
+79120722489
+79120722491
+79120722492
+79824004250
+79824004260
+79824004264
+79824004327
+79824004346
+79824004356
+79824004361
+79824004392
+79824004395
+79824004415
+79124301566
+79124301808
+79124303310
+79124303516
+79124303554
+79124304435
+79124304508
+79124304543
+79124304711
+79124304775
+79821600534
+79821600564
+79821600571
+79821600655
+79821600708
+79821600710
+79821600728
+79821600736
+79821600812
+79821600832
+79120722476
+79120722479
+79120722480
+79120722483
+79120722485
+79120722486
+79120722487
+79120722489
+79120722491
+79120722492
+79821600534
+79821600564
+79821600571
+79821600655
+79821600708
+79821600710
+79821600728
+79821600736
+79821600812
+79821600832
+79120722476
+79120722479
+79120722480
+79120722483
+79120722485
+79120722486
+79120722487
+79120722489
+79120722491
+79120722492
+79120722476
+79120722479
+79120722480
+79120722483
+79120722485
+79120722486
+79120722487
+79120722489
+79120722491
+79120722492
+79129102304
+79129102348
+79129102448
+79129102544
+79129102890
+79129102952
+79129102967
+79129102968
+79129102976
+79129102978
+79120722476
+79120722479
+79120722480
+79120722483
+79120722485
+79120722486
+79120722487
+79120722489
+79120722491
+79120722492
+79821704523
+79821706271
+79821706560
+79821706598
+79821706623
+79821706638
+79821706662
+79821706663
+79821706664
+79821706667
+79824004250
+79824004260
+79824004264
+79824004327
+79824004346
+79824004356
+79824004361
+79824004392
+79824004395
+79824004415
+79124202146
+79124203436
+79124205496
+79124205632
+79124205706
+79124206057
+79124206098
+79124206348
+79124206478
+79124206752
+79129102304
+79129102348
+79129102448
+79129102544
+79129102890
+79129102952
+79129102967
+79129102968
+79129102976
+79129102978
+79822600411
+79822600424
+79822600757
+79822600802
+79822601031
+79822601039
+79822601043
+79822601695
+79822601706
+79822601871
+79195502845
+79195502846
+79195502856
+79195502862
+79195502864
+79195502867
+79195502869
+79195502871
+79195502874
+79195502875
+79120722476
+79120722479
+79120722480
+79120722483
+79120722485
+79120722486
+79120722487
+79120722489
+79120722491
+79120722492
+79195502845
+79195502846
+79195502856
+79195502862
+79195502864
+79195502867
+79195502869
+79195502871
+79195502874
+79195502875
+79822600411
+79822600424
+79822600757
+79822600802
+79822601031
+79822601039
+79822601043
+79822601695
+79822601706
+79822601871
+79821704523
+79821706271
+79821706560
+79821706598
+79821706623
+79821706638
+79821706662
+79821706663
+79821706664
+79821706667
+79124202146
+79124203436
+79124205496
+79124205632
+79124205706
+79124206057
+79124206098
+79124206348
+79124206478
+79124206752
+79124301566
+79124301808
+79124303310
+79124303516
+79124303554
+79124304435
+79124304508
+79124304543
+79124304711
+79124304775
+79129102304
+79129102348
+79129102448
+79129102544
+79129102890
+79129102952
+79129102967
+79129102968
+79129102976
+79129102978
+79129102304
+79129102348
+79129102448
+79129102544
+79129102890
+79129102952
+79129102967
+79129102968
+79129102976
+79129102978
+79821704523
+79821706271
+79821706560
+79821706598
+79821706623
+79821706638
+79821706662
+79821706663
+79821706664
+79821706667
+79822600411
+79822600424
+79822600757
+79822600802
+79822601031
+79822601039
+79822601043
+79822601695
+79822601706
+79822601871
+79129102304
+79129102348
+79129102448
+79129102544
+79129102890
+79129102952
+79129102967
+79129102968
+79129102976
+79129102978
+79129102304
+79129102348
+79129102448
+79129102544
+79129102890
+79129102952
+79129102967
+79129102968
+79129102976
+79129102978
+79821600534
+79821600564
+79821600571
+79821600655
+79821600708
+79821600710
+79821600728
+79821600736
+79821600812
+79821600832
+79120722476
+79120722479
+79120722480
+79120722483
+79120722485
+79120722486
+79120722487
+79120722489
+79120722491
+79120722492
+79124202146
+79124203436
+79124205496
+79124205632
+79124205706
+79124206057
+79124206098
+79124206348
+79124206478
+79124206752
+79124202146
+79124203436
+79124205496
+79124205632
+79124205706
+79124206057
+79124206098
+79124206348
+79124206478
+79124206752
+79195502845
+79195502846
+79195502856
+79195502862
+79195502864
+79195502867
+79195502869
+79195502871
+79195502874
+79195502875
+79822600411
+79822600424
+79822600757
+79822600802
+79822601031
+79822601039
+79822601043
+79822601695
+79822601706
+79822601871
+79822600411
+79822600424
+79822600757
+79822600802
+79822601031
+79822601039
+79822601043
+79822601695
+79822601706
+79822601871
+79824004250
+79824004260
+79824004264
+79824004327
+79824004346
+79824004356
+79824004361
+79824004392
+79824004395
+79824004415
+79124301566
+79124301808
+79124303310
+79124303516
+79124303554
+79124304435
+79124304508
+79124304543
+79124304711
+79124304775
+79821600534
+79821600564
+79821600571
+79821600655
+79821600708
+79821600710
+79821600728
+79821600736
+79821600812
+79821600832
+79822600411
+79822600424
+79822600757
+79822600802
+79822601031
+79822601039
+79822601043
+79822601695
+79822601706
+79822601871
+79822600411
+79822600424
+79822600757
+79822600802
+79822601031
+79822601039
+79822601043
+79822601695
+79822601706
+79822601871
+79124301566
+79124301808
+79124303310
+79124303516
+79124303554
+79124304435
+79124304508
+79124304543
+79124304711
+79124304775
+79821704523
+79821706271
+79821706560
+79821706598
+79821706623
+79821706638
+79821706662
+79821706663
+79821706664
+79821706667
+79120722476
+79120722479
+79120722480
+79120722483
+79120722485
+79120722486
+79120722487
+79120722489
+79120722491
+79120722492
+79124202146
+79124203436
+79124205496
+79124205632
+79124205706
+79124206057
+79124206098
+79124206348
+79124206478
+79124206752
+79822600411
+79822600424
+79822600757
+79822600802
+79822601031
+79822601039
+79822601043
+79822601695
+79822601706
+79822601871
+79822600411
+79822600424
+79822600757
+79822600802
+79822601031
+79822601039
+79822601043
+79822601695
+79822601706
+79822601871
+79821704523
+79821706271
+79821706560
+79821706598
+79821706623
+79821706638
+79821706662
+79821706663
+79821706664
+79821706667
+79822600411
+79822600424
+79822600757
+79822600802
+79822601031
+79822601039
+79822601043
+79822601695
+79822601706
+79822601871
+79822600411
+79822600424
+79822600757
+79822600802
+79822601031
+79822601039
+79822601043
+79822601695
+79822601706
+79822601871
+79120722476
+79120722479
+79120722480
+79120722483
+79120722485
+79120722486
+79120722487
+79120722489
+79120722491
+79120722492
+79821704523
+79821706271
+79821706560
+79821706598
+79821706623
+79821706638
+79821706662
+79821706663
+79821706664
+79821706667
+79822600411
+79822600424
+79822600757
+79822600802
+79822601031
+79822601039
+79822601043
+79822601695
+79822601706
+79822601871
+79124202146
+79124203436
+79124205496
+79124205632
+79124205706
+79124206057
+79124206098
+79124206348
+79124206478
+79124206752
+79821600534
+79821600564
+79821600571
+79821600655
+79821600708
+79821600710
+79821600728
+79821600736
+79821600812
+79821600832
+79124301566
+79124301808
+79124303310
+79124303516
+79124303554
+79124304435
+79124304508
+79124304543
+79124304711
+79124304775
+79824004250
+79824004260
+79824004264
+79824004327
+79824004346
+79824004356
+79824004361
+79824004392
+79824004395
+79824004415
+79124202146
+79124203436
+79124205496
+79124205632
+79124205706
+79124206057
+79124206098
+79124206348
+79124206478
+79124206752
+79822600411
+79822600424
+79822600757
+79822600802
+79822601031
+79822601039
+79822601043
+79822601695
+79822601706
+79822601871
+79124301566
+79124301808
+79124303310
+79124303516
+79124303554
+79124304435
+79124304508
+79124304543
+79124304711
+79124304775
+79824004250
+79824004260
+79824004264
+79824004327
+79824004346
+79824004356
+79824004361
+79824004392
+79824004395
+79824004415
+79821704523
+79821706271
+79821706560
+79821706598
+79821706623
+79821706638
+79821706662
+79821706663
+79821706664
+79821706667
+79821600534
+79821600564
+79821600571
+79821600655
+79821600708
+79821600710
+79821600728
+79821600736
+79821600812
+79821600832
+79195502845
+79195502846
+79195502856
+79195502862
+79195502864
+79195502867
+79195502869
+79195502871
+79195502874
+79195502875
+79124301566
+79124301808
+79124303310
+79124303516
+79124303554
+79124304435
+79124304508
+79124304543
+79124304711
+79124304775
+79824004250
+79824004260
+79824004264
+79824004327
+79824004346
+79824004356
+79824004361
+79824004392
+79824004395
+79824004415
+79195502845
+79195502846
+79195502856
+79195502862
+79195502864
+79195502867
+79195502869
+79195502871
+79195502874
+79195502875
+79821704523
+79821706271
+79821706560
+79821706598
+79821706623
+79821706638
+79821706662
+79821706663
+79821706664
+79821706667
+79124301566
+79124301808
+79124303310
+79124303516
+79124303554
+79124304435
+79124304508
+79124304543
+79124304711
+79124304775
+79124301566
+79124301808
+79124303310
+79124303516
+79124303554
+79124304435
+79124304508
+79124304543
+79124304711
+79124304775
+79821704523
+79821706271
+79821706560
+79821706598
+79821706623
+79821706638
+79821706662
+79821706663
+79821706664
+79821706667
+79129102304
+79129102348
+79129102448
+79129102544
+79129102890
+79129102952
+79129102967
+79129102968
+79129102976
+79129102978
+79821704523
+79821706271
+79821706560
+79821706598
+79821706623
+79821706638
+79821706662
+79821706663
+79821706664
+79821706667
+79822600411
+79822600424
+79822600757
+79822600802
+79822601031
+79822601039
+79822601043
+79822601695
+79822601706
+79822601871
+79129102304
+79129102348
+79129102448
+79129102544
+79129102890
+79129102952
+79129102967
+79129102968
+79129102976
+79129102978
+79120722476
+79120722479
+79120722480
+79120722483
+79120722485
+79120722486
+79120722487
+79120722489
+79120722491
+79120722492
+79195502845
+79195502846
+79195502856
+79195502862
+79195502864
+79195502867
+79195502869
+79195502871
+79195502874
+79195502875
+79124202146
+79124203436
+79124205496
+79124205632
+79124205706
+79124206057
+79124206098
+79124206348
+79124206478
+79124206752
+79120722476
+79120722479
+79120722480
+79120722483
+79120722485
+79120722486
+79120722487
+79120722489
+79120722491
+79120722492
+79129102304
+79129102348
+79129102448
+79129102544
+79129102890
+79129102952
+79129102967
+79129102968
+79129102976
+79129102978
+79195502845
+79195502846
+79195502856
+79195502862
+79195502864
+79195502867
+79195502869
+79195502871
+79195502874
+79195502875
+79821704523
+79821706271
+79821706560
+79821706598
+79821706623
+79821706638
+79821706662
+79821706663
+79821706664
+79821706667
+79822600411
+79822600424
+79822600757
+79822600802
+79822601031
+79822601039
+79822601043
+79822601695
+79822601706
+79822601871
+79824004250
+79824004260
+79824004264
+79824004327
+79824004346
+79824004356
+79824004361
+79824004392
+79824004395
+79824004415
+79195502845
+79195502846
+79195502856
+79195502862
+79195502864
+79195502867
+79195502869
+79195502871
+79195502874
+79195502875
+79124202146
+79124203436
+79124205496
+79124205632
+79124205706
+79124206057
+79124206098
+79124206348
+79124206478
+79124206752
+79129102304
+79129102348
+79129102448
+79129102544
+79129102890
+79129102952
+79129102967
+79129102968
+79129102976
+79129102978
+79821600534
+79821600564
+79821600571
+79821600655
+79821600708
+79821600710
+79821600728
+79821600736
+79821600812
+79821600832
+79124301566
+79124301808
+79124303310
+79124303516
+79124303554
+79124304435
+79124304508
+79124304543
+79124304711
+79124304775
+79824004250
+79824004260
+79824004264
+79824004327
+79824004346
+79824004356
+79824004361
+79824004392
+79824004395
+79824004415
+79124301566
+79124301808
+79124303310
+79124303516
+79124303554
+79124304435
+79124304508
+79124304543
+79124304711
+79124304775
+79822600411
+79822600424
+79822600757
+79822600802
+79822601031
+79822601039
+79822601043
+79822601695
+79822601706
+79822601871
+79821600534
+79821600564
+79821600571
+79821600655
+79821600708
+79821600710
+79821600728
+79821600736
+79821600812
+79821600832
+79124301566
+79124301808
+79124303310
+79124303516
+79124303554
+79124304435
+79124304508
+79124304543
+79124304711
+79124304775
+79822600411
+79822600424
+79822600757
+79822600802
+79822601031
+79822601039
+79822601043
+79822601695
+79822601706
+79822601871
+79120722476
+79120722479
+79120722480
+79120722483
+79120722485
+79120722486
+79120722487
+79120722489
+79120722491
+79120722492
+79120722476
+79120722479
+79120722480
+79120722483
+79120722485
+79120722486
+79120722487
+79120722489
+79120722491
+79120722492
+79821704523
+79821706271
+79821706560
+79821706598
+79821706623
+79821706638
+79821706662
+79821706663
+79821706664
+79821706667
+79821704523
+79821706271
+79821706560
+79821706598
+79821706623
+79821706638
+79821706662
+79821706663
+79821706664
+79821706667
+79129102304
+79129102348
+79129102448
+79129102544
+79129102890
+79129102952
+79129102967
+79129102968
+79129102976
+79129102978
+79824004250
+79824004260
+79824004264
+79824004327
+79824004346
+79824004356
+79824004361
+79824004392
+79824004395
+79824004415
+79120722476
+79120722479
+79120722480
+79120722483
+79120722485
+79120722486
+79120722487
+79120722489
+79120722491
+79120722492
+79821704523
+79821706271
+79821706560
+79821706598
+79821706623
+79821706638
+79821706662
+79821706663
+79821706664
+79821706667
+79124202146
+79124203436
+79124205496
+79124205632
+79124205706
+79124206057
+79124206098
+79124206348
+79124206478
+79124206752
+79124202146
+79124203436
+79124205496
+79124205632
+79124205706
+79124206057
+79124206098
+79124206348
+79124206478
+79124206752
+79824004250
+79824004260
+79824004264
+79824004327
+79824004346
+79824004356
+79824004361
+79824004392
+79824004395
+79824004415
+79822600411
+79822600424
+79822600757
+79822600802
+79822601031
+79822601039
+79822601043
+79822601695
+79822601706
+79822601871
+79129102304
+79129102348
+79129102448
+79129102544
+79129102890
+79129102952
+79129102967
+79129102968
+79129102976
+79129102978
+79821600534
+79821600564
+79821600571
+79821600655
+79821600708
+79821600710
+79821600728
+79821600736
+79821600812
+79821600832
+79124301566
+79124301808
+79124303310
+79124303516
+79124303554
+79124304435
+79124304508
+79124304543
+79124304711
+79124304775
+79129102304
+79129102348
+79129102448
+79129102544
+79129102890
+79129102952
+79129102967
+79129102968
+79129102976
+79129102978
+79195502845
+79195502846
+79195502856
+79195502862
+79195502864
+79195502867
+79195502869
+79195502871
+79195502874
+79195502875
+79822600411
+79822600424
+79822600757
+79822600802
+79822601031
+79822601039
+79822601043
+79822601695
+79822601706
+79822601871
+79821600534
+79821600564
+79821600571
+79821600655
+79821600708
+79821600710
+79821600728
+79821600736
+79821600812
+79821600832
+79129102304
+79129102348
+79129102448
+79129102544
+79129102890
+79129102952
+79129102967
+79129102968
+79129102976
+79129102978
+79129102304
+79129102348
+79129102448
+79129102544
+79129102890
+79129102952
+79129102967
+79129102968
+79129102976
+79129102978
+79821704523
+79821706271
+79821706560
+79821706598
+79821706623
+79821706638
+79821706662
+79821706663
+79821706664
+79821706667
+79822600411
+79822600424
+79822600757
+79822600802
+79822601031
+79822601039
+79822601043
+79822601695
+79822601706
+79822601871
+79822600411
+79822600424
+79822600757
+79822600802
+79822601031
+79822601039
+79822601043
+79822601695
+79822601706
+79822601871
+79120722476
+79120722479
+79120722480
+79120722483
+79120722485
+79120722486
+79120722487
+79120722489
+79120722491
+79120722492
+79821600534
+79821600564
+79821600571
+79821600655
+79821600708
+79821600710
+79821600728
+79821600736
+79821600812
+79821600832
+79120722476
+79120722479
+79120722480
+79120722483
+79120722485
+79120722486
+79120722487
+79120722489
+79120722491
+79120722492
+79129102304
+79129102348
+79129102448
+79129102544
+79129102890
+79129102952
+79129102967
+79129102968
+79129102976
+79129102978
+79822600411
+79822600424
+79822600757
+79822600802
+79822601031
+79822601039
+79822601043
+79822601695
+79822601706
+79822601871
+79821600534
+79821600564
+79821600571
+79821600655
+79821600708
+79821600710
+79821600728
+79821600736
+79821600812
+79821600832
+79824004250
+79824004260
+79824004264
+79824004327
+79824004346
+79824004356
+79824004361
+79824004392
+79824004395
+79824004415
+79195502845
+79195502846
+79195502856
+79195502862
+79195502864
+79195502867
+79195502869
+79195502871
+79195502874
+79195502875
+79120722476
+79120722479
+79120722480
+79120722483
+79120722485
+79120722486
+79120722487
+79120722489
+79120722491
+79120722492
+79124301566
+79124301808
+79124303310
+79124303516
+79124303554
+79124304435
+79124304508
+79124304543
+79124304711
+79124304775
+79821704523
+79821706271
+79821706560
+79821706598
+79821706623
+79821706638
+79821706662
+79821706663
+79821706664
+79821706667
+79195502845
+79195502846
+79195502856
+79195502862
+79195502864
+79195502867
+79195502869
+79195502871
+79195502874
+79195502875
+79129102304
+79129102348
+79129102448
+79129102544
+79129102890
+79129102952
+79129102967
+79129102968
+79129102976
+79129102978
+79195502845
+79195502846
+79195502856
+79195502862
+79195502864
+79195502867
+79195502869
+79195502871
+79195502874
+79195502875
+79129102304
+79129102348
+79129102448
+79129102544
+79129102890
+79129102952
+79129102967
+79129102968
+79129102976
+79129102978
+79824004250
+79824004260
+79824004264
+79824004327
+79824004346
+79824004356
+79824004361
+79824004392
+79824004395
+79824004415
+79124301566
+79124301808
+79124303310
+79124303516
+79124303554
+79124304435
+79124304508
+79124304543
+79124304711
+79124304775
