+79807010684
+79159708460
+79108104382
+79806605113
+79108204409
+79159808533
+79159605611
+79807410310
+79807723430
+79807401085
+79159910023
+79108204306
+79108204766
+79806602866
+79159709200
+79807719485
+79806510239
+79106625749
+79106632688
+79108269267
+79807410346
+79106631295
+79106629581
+79159801973
+79108268976
+79108204791
+79159708881
+79159605348
+79807409681
+79159811783
+79159605506
+79108268849
+79807727110
+79106625818
+79807405113
+79159910667
+79806602290
+79159908200
+79108260381
+79159812187
+79807410739
+79807720733
+79807726869
+79109707109
+79109608358
+79108267296
+79807010732
+79109707342
+79159909552
+79109608322
+79109707197
+79806510379
+79807401787
+79108265079
+79807405375
+79807009808
+79806605361
+79159605284
+79109608201
+79807408639
+79109608248
+79159909533
+79108104578
+79108100985
+79159706045
+79807403464
+79108204150
+79106622395
+79159810857
+79807010492
+79109608301
+79807010843
+79108204558
+79109608292
+79159605659
+79806602966
+79159812504
+79108104673
+79806605571
+79159708782
+79806510875
+79159906432
+79109707223
+79159708886
+79109608284
+79109707328
+79109707318
+79806507238
+79106632085
+79806605235
+79109608206
+79807406946
+79159605618
+79108268701
+79806508934
+79806510148
+79807727115
+79159909057
+79159709224
+79108268520
+79159709044
+79159709231
+79109707147
+79108104617
+79807405477
+79109608199
+79108104613
+79806511448
+79109707432
+79806509740
+79806510259
+79807720783
+79109707173
+79159812237
+79108204449
+79106629242
+79108104553
+79108104605
+79806605395
+79108265174
+79159812239
+79159605607
+79807009786
+79106631589
+79807009485
+79108204597
+79106630617
+79159909778
+79807727174
+79109707255
+79159909664
+79159806083
+79109608374
+79106625844
+79159801067
+79806509951
+79807726872
+79159605442
+79159708666
+79807006771
+79807715688
+79108200989
+79108103687
+79108204447
+79806605112
+79159605295
+79807719465
+79108104641
+79108104654
+79806511663
+79807009732
+79108269317
+79159906973
+79106630686
+79807010518
+79159708884
+79108104658
+79806605705
+79807720734
+79806605446
+79108201051
+79159910521
+79159605592
+79108204448
