+79120931562
+79120931574
+79120931578
+79120931579
+79120931580
+79120931581
+79120931584
+79120931586
+79120934631
+79120934633
+79825700130
+79825700215
+79825701458
+79825702833
+79825704137
+79825704149
+79825704152
+79825704155
+79825704156
+79825704158
+79825401147
+79825401672
+79825401804
+79825402493
+79825402562
+79825402630
+79825402644
+79825402715
+79825402743
+79825402746
+79821351856
+79821351859
+79821351871
+79821351878
+79821351894
+79821352041
+79821352089
+79821352161
+79821352225
+79821352351
+79825811570
+79825811589
+79825811591
+79825811602
+79825811612
+79825811633
+79825811672
+79825811684
+79825811731
+79825811763
+79195300359
+79195300681
+79195300735
+79195301950
+79195302061
+79195302069
+79195302074
+79195302081
+79195302087
+79195302088
+79129001723
+79129001831
+79129001971
+79129002417
+79129002735
+79129002876
+79129003228
+79129003693
+79129003728
+79129004233
+79821504308
+79821504325
+79821504327
+79821504331
+79821504336
+79821504337
+79821504338
+79821504339
+79821504342
+79821504344
+79822101341
+79822102187
+79822102232
+79822102241
+79822102254
+79822102270
+79822102272
+79822102297
+79822102344
+79822102352
+79828803136
+79828803160
+79828803164
+79828803165
+79828803169
+79828803170
+79828803172
+79828803192
+79828803194
+79828803265
+79825101657
+79825102049
+79825102050
+79825102069
+79825102413
+79825102530
+79825102551
+79825102673
+79825102741
+79825102765
+79120892261
+79120892265
+79120892268
+79120892286
+79120892301
+79120892312
+79120892316
+79120892347
+79120892664
+79120892689
+79120892261
+79120892265
+79120892268
+79120892286
+79120892301
+79120892312
+79120892316
+79120892347
+79120892664
+79120892689
+79825101657
+79825102049
+79825102050
+79825102069
+79825102413
+79825102530
+79825102551
+79825102673
+79825102741
+79825102765
+79822001358
+79822001362
+79822001363
+79822001364
+79822001371
+79822001374
+79822001375
+79822001376
+79822001379
+79822001381
+79129306864
+79129306865
+79129306873
+79129306874
+79129306878
+79129306879
+79129306881
+79129306882
+79129306884
+79129306886
+79120865107
+79120869045
+79120869052
+79120869053
+79120869055
+79120869106
+79120869107
+79120869108
+79120869109
+79120869110
+79129306864
+79129306865
+79129306873
+79129306874
+79129306878
+79129306879
+79129306881
+79129306882
+79129306884
+79129306886
+79825772963
+79825773499
+79825773523
+79825773528
+79825773529
+79825773539
+79825773559
+79825773578
+79825773593
+79825774105
+79822201518
+79822201622
+79822201977
+79822201991
+79822201993
+79822202405
+79822202703
+79822202835
+79822203863
+79822203910
+79825700130
+79825700215
+79825701458
+79825702833
+79825704137
+79825704149
+79825704152
+79825704155
+79825704156
+79825704158
+79828701022
+79828701025
+79828701182
+79828701290
+79828701417
+79828701500
+79828701560
+79828701568
+79828701571
+79828701572
+79825601872
+79825602003
+79825602403
+79825602409
+79825602527
+79825602996
+79825603670
+79825603709
+79825603743
+79825603801
+79821803478
+79821803490
+79821803548
+79821803559
+79821803571
+79821803572
+79821803594
+79821803610
+79821803627
+79821803634
+79120931562
+79120931574
+79120931578
+79120931579
+79120931580
+79120931581
+79120931584
+79120931586
+79120934631
+79120934633
+79821803478
+79821803490
+79821803548
+79821803559
+79821803571
+79821803572
+79821803594
+79821803610
+79821803627
+79821803634
+79825911608
+79825911781
+79825912542
+79825912569
+79825912616
+79825912666
+79825912669
+79825912679
+79825912702
+79825912771
+79821504308
+79821504325
+79821504327
+79821504331
+79821504336
+79821504337
+79821504338
+79821504339
+79821504342
+79821504344
+79120931562
+79120931574
+79120931578
+79120931579
+79120931580
+79120931581
+79120931584
+79120931586
+79120934631
+79120934633
+79825101657
+79825102049
+79825102050
+79825102069
+79825102413
+79825102530
+79825102551
+79825102673
+79825102741
+79825102765
+79825301129
+79825303011
+79825303084
+79825303122
+79825303139
+79825303187
+79825303239
+79825303257
+79825303351
+79825303379
+79828701022
+79828701025
+79828701182
+79828701290
+79828701417
+79828701500
+79828701560
+79828701568
+79828701571
+79828701572
+79825301129
+79825303011
+79825303084
+79825303122
+79825303139
+79825303187
+79825303239
+79825303257
+79825303351
+79825303379
+79120931562
+79120931574
+79120931578
+79120931579
+79120931580
+79120931581
+79120931584
+79120931586
+79120934631
+79120934633
+79822101341
+79822102187
+79822102232
+79822102241
+79822102254
+79822102270
+79822102272
+79822102297
+79822102344
+79822102352
+79125302903
+79125302960
+79125302968
+79125302970
+79125302979
+79125302991
+79125303184
+79125303190
+79125303292
+79125303918
+79825204194
+79825204309
+79825204456
+79825205114
+79825205276
+79825205631
+79825205698
+79825205742
+79825206184
+79825206224
+79825000257
+79825000258
+79825000388
+79825000538
+79825000561
+79825000689
+79825000716
+79825000736
+79825001018
+79825001295
+79822001358
+79822001362
+79822001363
+79822001364
+79822001371
+79822001374
+79822001375
+79822001376
+79822001379
+79822001381
+79822101341
+79822102187
+79822102232
+79822102241
+79822102254
+79822102270
+79822102272
+79822102297
+79822102344
+79822102352
+79825811570
+79825811589
+79825811591
+79825811602
+79825811612
+79825811633
+79825811672
+79825811684
+79825811731
+79825811763
+79128110709
+79128110713
+79128110714
+79128110715
+79128110718
+79128110722
+79128110723
+79128110724
+79128110726
+79128110727
+79129306864
+79129306865
+79129306873
+79129306874
+79129306878
+79129306879
+79129306881
+79129306882
+79129306884
+79129306886
+79821803478
+79821803490
+79821803548
+79821803559
+79821803571
+79821803572
+79821803594
+79821803610
+79821803627
+79821803634
+79825301129
+79825303011
+79825303084
+79825303122
+79825303139
+79825303187
+79825303239
+79825303257
+79825303351
+79825303379
+79125302903
+79125302960
+79125302968
+79125302970
+79125302979
+79125302991
+79125303184
+79125303190
+79125303292
+79125303918
+79825401147
+79825401672
+79825401804
+79825402493
+79825402562
+79825402630
+79825402644
+79825402715
+79825402743
+79825402746
+79825301129
+79825303011
+79825303084
+79825303122
+79825303139
+79825303187
+79825303239
+79825303257
+79825303351
+79825303379
+79825000257
+79825000258
+79825000388
+79825000538
+79825000561
+79825000689
+79825000716
+79825000736
+79825001018
+79825001295
+79821803478
+79821803490
+79821803548
+79821803559
+79821803571
+79821803572
+79821803594
+79821803610
+79821803627
+79821803634
+79125302903
+79125302960
+79125302968
+79125302970
+79125302979
+79125302991
+79125303184
+79125303190
+79125303292
+79125303918
+79821803478
+79821803490
+79821803548
+79821803559
+79821803571
+79821803572
+79821803594
+79821803610
+79821803627
+79821803634
+79825601872
+79825602003
+79825602403
+79825602409
+79825602527
+79825602996
+79825603670
+79825603709
+79825603743
+79825603801
+79124103161
+79124103275
+79124103496
+79124103534
+79124103568
+79124103667
+79124103720
+79124103731
+79124103745
+79124103756
+79824101201
+79824101359
+79824101372
+79824101762
+79824102008
+79824102068
+79824102096
+79824102369
+79824102543
+79824102586
+79120865107
+79120869045
+79120869052
+79120869053
+79120869055
+79120869106
+79120869107
+79120869108
+79120869109
+79120869110
+79822101341
+79822102187
+79822102232
+79822102241
+79822102254
+79822102270
+79822102272
+79822102297
+79822102344
+79822102352
+79825811570
+79825811589
+79825811591
+79825811602
+79825811612
+79825811633
+79825811672
+79825811684
+79825811731
+79825811763
+79828803136
+79828803160
+79828803164
+79828803165
+79828803169
+79828803170
+79828803172
+79828803192
+79828803194
+79828803265
+79120931562
+79120931574
+79120931578
+79120931579
+79120931580
+79120931581
+79120931584
+79120931586
+79120934631
+79120934633
+79825506310
+79825506313
+79825506314
+79825506320
+79825506321
+79825506322
+79825506324
+79825506332
+79825506334
+79825506338
+79120865107
+79120869045
+79120869052
+79120869053
+79120869055
+79120869106
+79120869107
+79120869108
+79120869109
+79120869110
+79825000257
+79825000258
+79825000388
+79825000538
+79825000561
+79825000689
+79825000716
+79825000736
+79825001018
+79825001295
+79128110709
+79128110713
+79128110714
+79128110715
+79128110718
+79128110722
+79128110723
+79128110724
+79128110726
+79128110727
+79120931562
+79120931574
+79120931578
+79120931579
+79120931580
+79120931581
+79120931584
+79120931586
+79120934631
+79120934633
+79125100473
+79125101043
+79125102484
+79125102617
+79125102706
+79125102995
+79125103045
+79125103127
+79125103185
+79125103206
+79824101201
+79824101359
+79824101372
+79824101762
+79824102008
+79824102068
+79824102096
+79824102369
+79824102543
+79824102586
+79825204194
+79825204309
+79825204456
+79825205114
+79825205276
+79825205631
+79825205698
+79825205742
+79825206184
+79825206224
+79129001723
+79129001831
+79129001971
+79129002417
+79129002735
+79129002876
+79129003228
+79129003693
+79129003728
+79129004233
+79821504308
+79821504325
+79821504327
+79821504331
+79821504336
+79821504337
+79821504338
+79821504339
+79821504342
+79821504344
+79125100473
+79125101043
+79125102484
+79125102617
+79125102706
+79125102995
+79125103045
+79125103127
+79125103185
+79125103206
+79825911608
+79825911781
+79825912542
+79825912569
+79825912616
+79825912666
+79825912669
+79825912679
+79825912702
+79825912771
+79821351856
+79821351859
+79821351871
+79821351878
+79821351894
+79821352041
+79821352089
+79821352161
+79821352225
+79821352351
+79125302903
+79125302960
+79125302968
+79125302970
+79125302979
+79125302991
+79125303184
+79125303190
+79125303292
+79125303918
+79822001358
+79822001362
+79822001363
+79822001364
+79822001371
+79822001374
+79822001375
+79822001376
+79822001379
+79822001381
+79825401147
+79825401672
+79825401804
+79825402493
+79825402562
+79825402630
+79825402644
+79825402715
+79825402743
+79825402746
+79825301129
+79825303011
+79825303084
+79825303122
+79825303139
+79825303187
+79825303239
+79825303257
+79825303351
+79825303379
+79821902110
+79821902499
+79821902568
+79821902644
+79821902790
+79821902795
+79821902813
+79821902897
+79821902982
+79821902986
+79821400025
+79821403927
+79821403934
+79821403944
+79821403946
+79821404165
+79821404195
+79821404208
+79821404253
+79821404549
+79825301129
+79825303011
+79825303084
+79825303122
+79825303139
+79825303187
+79825303239
+79825303257
+79825303351
+79825303379
+79129001723
+79129001831
+79129001971
+79129002417
+79129002735
+79129002876
+79129003228
+79129003693
+79129003728
+79129004233
+79825000257
+79825000258
+79825000388
+79825000538
+79825000561
+79825000689
+79825000716
+79825000736
+79825001018
+79825001295
+79120892261
+79120892265
+79120892268
+79120892286
+79120892301
+79120892312
+79120892316
+79120892347
+79120892664
+79120892689
+79828803136
+79828803160
+79828803164
+79828803165
+79828803169
+79828803170
+79828803172
+79828803192
+79828803194
+79828803265
+79821504308
+79821504325
+79821504327
+79821504331
+79821504336
+79821504337
+79821504338
+79821504339
+79821504342
+79821504344
+79129306864
+79129306865
+79129306873
+79129306874
+79129306878
+79129306879
+79129306881
+79129306882
+79129306884
+79129306886
+79124103161
+79124103275
+79124103496
+79124103534
+79124103568
+79124103667
+79124103720
+79124103731
+79124103745
+79124103756
+79825204194
+79825204309
+79825204456
+79825205114
+79825205276
+79825205631
+79825205698
+79825205742
+79825206184
+79825206224
+79821351856
+79821351859
+79821351871
+79821351878
+79821351894
+79821352041
+79821352089
+79821352161
+79821352225
+79821352351
+79120865107
+79120869045
+79120869052
+79120869053
+79120869055
+79120869106
+79120869107
+79120869108
+79120869109
+79120869110
+79825911608
+79825911781
+79825912542
+79825912569
+79825912616
+79825912666
+79825912669
+79825912679
+79825912702
+79825912771
+79825700130
+79825700215
+79825701458
+79825702833
+79825704137
+79825704149
+79825704152
+79825704155
+79825704156
+79825704158
+79822101341
+79822102187
+79822102232
+79822102241
+79822102254
+79822102270
+79822102272
+79822102297
+79822102344
+79822102352
+79825401147
+79825401672
+79825401804
+79825402493
+79825402562
+79825402630
+79825402644
+79825402715
+79825402743
+79825402746
+79120865107
+79120869045
+79120869052
+79120869053
+79120869055
+79120869106
+79120869107
+79120869108
+79120869109
+79120869110
+79828701022
+79828701025
+79828701182
+79828701290
+79828701417
+79828701500
+79828701560
+79828701568
+79828701571
+79828701572
+79120892261
+79120892265
+79120892268
+79120892286
+79120892301
+79120892312
+79120892316
+79120892347
+79120892664
+79120892689
+79120865107
+79120869045
+79120869052
+79120869053
+79120869055
+79120869106
+79120869107
+79120869108
+79120869109
+79120869110
+79825000257
+79825000258
+79825000388
+79825000538
+79825000561
+79825000689
+79825000716
+79825000736
+79825001018
+79825001295
+79821400025
+79821403927
+79821403934
+79821403944
+79821403946
+79821404165
+79821404195
+79821404208
+79821404253
+79821404549
+79825700130
+79825700215
+79825701458
+79825702833
+79825704137
+79825704149
+79825704152
+79825704155
+79825704156
+79825704158
+79822201518
+79822201622
+79822201977
+79822201991
+79822201993
+79822202405
+79822202703
+79822202835
+79822203863
+79822203910
+79120865107
+79120869045
+79120869052
+79120869053
+79120869055
+79120869106
+79120869107
+79120869108
+79120869109
+79120869110
+79195300359
+79195300681
+79195300735
+79195301950
+79195302061
+79195302069
+79195302074
+79195302081
+79195302087
+79195302088
+79825301129
+79825303011
+79825303084
+79825303122
+79825303139
+79825303187
+79825303239
+79825303257
+79825303351
+79825303379
+79195300359
+79195300681
+79195300735
+79195301950
+79195302061
+79195302069
+79195302074
+79195302081
+79195302087
+79195302088
+79822001358
+79822001362
+79822001363
+79822001364
+79822001371
+79822001374
+79822001375
+79822001376
+79822001379
+79822001381
+79825506310
+79825506313
+79825506314
+79825506320
+79825506321
+79825506322
+79825506324
+79825506332
+79825506334
+79825506338
+79825506310
+79825506313
+79825506314
+79825506320
+79825506321
+79825506322
+79825506324
+79825506332
+79825506334
+79825506338
+79124103161
+79124103275
+79124103496
+79124103534
+79124103568
+79124103667
+79124103720
+79124103731
+79124103745
+79124103756
+79120892261
+79120892265
+79120892268
+79120892286
+79120892301
+79120892312
+79120892316
+79120892347
+79120892664
+79120892689
+79821803478
+79821803490
+79821803548
+79821803559
+79821803571
+79821803572
+79821803594
+79821803610
+79821803627
+79821803634
+79822001358
+79822001362
+79822001363
+79822001364
+79822001371
+79822001374
+79822001375
+79822001376
+79822001379
+79822001381
+79825911608
+79825911781
+79825912542
+79825912569
+79825912616
+79825912666
+79825912669
+79825912679
+79825912702
+79825912771
+79825301129
+79825303011
+79825303084
+79825303122
+79825303139
+79825303187
+79825303239
+79825303257
+79825303351
+79825303379
+79821902110
+79821902499
+79821902568
+79821902644
+79821902790
+79821902795
+79821902813
+79821902897
+79821902982
+79821902986
+79825700130
+79825700215
+79825701458
+79825702833
+79825704137
+79825704149
+79825704152
+79825704155
+79825704156
+79825704158
+79129001723
+79129001831
+79129001971
+79129002417
+79129002735
+79129002876
+79129003228
+79129003693
+79129003728
+79129004233
+79128110709
+79128110713
+79128110714
+79128110715
+79128110718
+79128110722
+79128110723
+79128110724
+79128110726
+79128110727
+79128110709
+79128110713
+79128110714
+79128110715
+79128110718
+79128110722
+79128110723
+79128110724
+79128110726
+79128110727
+79821504308
+79821504325
+79821504327
+79821504331
+79821504336
+79821504337
+79821504338
+79821504339
+79821504342
+79821504344
+79825811570
+79825811589
+79825811591
+79825811602
+79825811612
+79825811633
+79825811672
+79825811684
+79825811731
+79825811763
+79821504308
+79821504325
+79821504327
+79821504331
+79821504336
+79821504337
+79821504338
+79821504339
+79821504342
+79821504344
+79825601872
+79825602003
+79825602403
+79825602409
+79825602527
+79825602996
+79825603670
+79825603709
+79825603743
+79825603801
+79125100473
+79125101043
+79125102484
+79125102617
+79125102706
+79125102995
+79125103045
+79125103127
+79125103185
+79125103206
+79128110709
+79128110713
+79128110714
+79128110715
+79128110718
+79128110722
+79128110723
+79128110724
+79128110726
+79128110727
+79128110709
+79128110713
+79128110714
+79128110715
+79128110718
+79128110722
+79128110723
+79128110724
+79128110726
+79128110727
+79120931562
+79120931574
+79120931578
+79120931579
+79120931580
+79120931581
+79120931584
+79120931586
+79120934631
+79120934633
+79120892261
+79120892265
+79120892268
+79120892286
+79120892301
+79120892312
+79120892316
+79120892347
+79120892664
+79120892689
+79821351856
+79821351859
+79821351871
+79821351878
+79821351894
+79821352041
+79821352089
+79821352161
+79821352225
+79821352351
+79124103161
+79124103275
+79124103496
+79124103534
+79124103568
+79124103667
+79124103720
+79124103731
+79124103745
+79124103756
+79120931562
+79120931574
+79120931578
+79120931579
+79120931580
+79120931581
+79120931584
+79120931586
+79120934631
+79120934633
+79824101201
+79824101359
+79824101372
+79824101762
+79824102008
+79824102068
+79824102096
+79824102369
+79824102543
+79824102586
+79824101201
+79824101359
+79824101372
+79824101762
+79824102008
+79824102068
+79824102096
+79824102369
+79824102543
+79824102586
+79821902110
+79821902499
+79821902568
+79821902644
+79821902790
+79821902795
+79821902813
+79821902897
+79821902982
+79821902986
+79822001358
+79822001362
+79822001363
+79822001364
+79822001371
+79822001374
+79822001375
+79822001376
+79822001379
+79822001381
+79822201518
+79822201622
+79822201977
+79822201991
+79822201993
+79822202405
+79822202703
+79822202835
+79822203863
+79822203910
+79825506310
+79825506313
+79825506314
+79825506320
+79825506321
+79825506322
+79825506324
+79825506332
+79825506334
+79825506338
+79825911608
+79825911781
+79825912542
+79825912569
+79825912616
+79825912666
+79825912669
+79825912679
+79825912702
+79825912771
+79821351856
+79821351859
+79821351871
+79821351878
+79821351894
+79821352041
+79821352089
+79821352161
+79821352225
+79821352351
+79129306864
+79129306865
+79129306873
+79129306874
+79129306878
+79129306879
+79129306881
+79129306882
+79129306884
+79129306886
+79825700130
+79825700215
+79825701458
+79825702833
+79825704137
+79825704149
+79825704152
+79825704155
+79825704156
+79825704158
+79195300359
+79195300681
+79195300735
+79195301950
+79195302061
+79195302069
+79195302074
+79195302081
+79195302087
+79195302088
+79129001723
+79129001831
+79129001971
+79129002417
+79129002735
+79129002876
+79129003228
+79129003693
+79129003728
+79129004233
+79821351856
+79821351859
+79821351871
+79821351878
+79821351894
+79821352041
+79821352089
+79821352161
+79821352225
+79821352351
+79825700130
+79825700215
+79825701458
+79825702833
+79825704137
+79825704149
+79825704152
+79825704155
+79825704156
+79825704158
+79120892261
+79120892265
+79120892268
+79120892286
+79120892301
+79120892312
+79120892316
+79120892347
+79120892664
+79120892689
+79125100473
+79125101043
+79125102484
+79125102617
+79125102706
+79125102995
+79125103045
+79125103127
+79125103185
+79125103206
+79821803490
+79821803548
+79821803559
+79821803571
+79821803572
+79821803594
+79821803610
+79821803627
+79821803634
+79821803642
+79828803136
+79828803160
+79828803164
+79828803165
+79828803169
+79828803170
+79828803172
+79828803192
+79828803194
+79828803265
+79825911608
+79825911781
+79825912542
+79825912569
+79825912616
+79825912666
+79825912669
+79825912679
+79825912702
+79825912771
+79822201518
+79822201622
+79822201977
+79822201991
+79822201993
+79822202405
+79822202703
+79822202835
+79822203863
+79822203910
+79821803490
+79821803548
+79821803559
+79821803571
+79821803572
+79821803594
+79821803610
+79821803627
+79821803634
+79821803642
+79821504308
+79821504325
+79821504327
+79821504331
+79821504336
+79821504337
+79821504338
+79821504339
+79821504342
+79821504344
+79125100473
+79125101043
+79125102484
+79125102617
+79125102706
+79125102995
+79125103045
+79125103127
+79125103185
+79125103206
+79825506310
+79825506313
+79825506314
+79825506320
+79825506321
+79825506322
+79825506324
+79825506332
+79825506334
+79825506338
+79128110709
+79128110713
+79128110714
+79128110715
+79128110718
+79128110722
+79128110723
+79128110724
+79128110726
+79128110727
+79129001723
+79129001831
+79129001971
+79129002417
+79129002735
+79129002876
+79129003228
+79129003693
+79129003728
+79129004233
+79124103161
+79124103275
+79124103496
+79124103534
+79124103568
+79124103667
+79124103720
+79124103731
+79124103745
+79124103756
+79825506310
+79825506313
+79825506314
+79825506320
+79825506321
+79825506322
+79825506324
+79825506332
+79825506334
+79825506338
+79129306864
+79129306865
+79129306873
+79129306874
+79129306878
+79129306879
+79129306881
+79129306882
+79129306884
+79129306886
+79195300359
+79195300681
+79195300735
+79195301950
+79195302061
+79195302069
+79195302074
+79195302081
+79195302087
+79195302088
+79825700130
+79825700215
+79825701458
+79825702833
+79825704137
+79825704149
+79825704152
+79825704155
+79825704156
+79825704158
+79821803490
+79821803548
+79821803559
+79821803571
+79821803572
+79821803594
+79821803610
+79821803627
+79821803634
+79821803642
+79824101201
+79824101359
+79824101372
+79824101762
+79824102008
+79824102068
+79824102096
+79824102369
+79824102543
+79824102586
+79124103161
+79124103275
+79124103496
+79124103534
+79124103568
+79124103667
+79124103720
+79124103731
+79124103745
+79124103756
+79825811570
+79825811589
+79825811591
+79825811602
+79825811612
+79825811633
+79825811672
+79825811684
+79825811731
+79825811763
+79822201518
+79822201622
+79822201977
+79822201991
+79822201993
+79822202405
+79822202703
+79822202835
+79822203863
+79822203910
+79129001723
+79129001831
+79129001971
+79129002417
+79129002735
+79129002876
+79129003228
+79129003693
+79129003728
+79129004233
+79129001723
+79129001831
+79129001971
+79129002417
+79129002735
+79129002876
+79129003228
+79129003693
+79129003728
+79129004233
+79821351856
+79821351859
+79821351871
+79821351878
+79821351894
+79821352041
+79821352089
+79821352161
+79821352225
+79821352351
+79825506310
+79825506313
+79825506314
+79825506320
+79825506321
+79825506322
+79825506324
+79825506332
+79825506334
+79825506338
+79825204194
+79825204309
+79825204456
+79825205114
+79825205276
+79825205631
+79825205698
+79825205742
+79825206184
+79825206224
+79120931562
+79120931574
+79120931578
+79120931579
+79120931580
+79120931581
+79120931584
+79120931586
+79120934631
+79120934633
+79120869045
+79120869052
+79120869053
+79120869055
+79120869106
+79120869107
+79120869108
+79120869109
+79120869110
+79120869113
+79824101201
+79824101359
+79824101372
+79824101762
+79824102008
+79824102068
+79824102096
+79824102369
+79824102543
+79824102586
+79821400025
+79821403927
+79821403934
+79821403944
+79821403946
+79821404165
+79821404195
+79821404208
+79821404253
+79821404549
+79129001723
+79129001831
+79129001971
+79129002417
+79129002735
+79129002876
+79129003228
+79129003693
+79129003728
+79129004233
+79821504308
+79821504325
+79821504327
+79821504331
+79821504336
+79821504337
+79821504338
+79821504339
+79821504342
+79821504344
+79825811570
+79825811589
+79825811591
+79825811602
+79825811612
+79825811633
+79825811672
+79825811684
+79825811731
+79825811763
+79821504308
+79821504325
+79821504327
+79821504331
+79821504336
+79821504337
+79821504338
+79821504339
+79821504342
+79821504344
+79825700130
+79825700215
+79825701458
+79825702833
+79825704137
+79825704149
+79825704152
+79825704155
+79825704156
+79825704158
+79825773499
+79825773523
+79825773528
+79825773529
+79825773539
+79825773559
+79825773578
+79825773593
+79825774105
+79825774269
+79822101341
+79822102187
+79822102232
+79822102241
+79822102254
+79822102270
+79822102272
+79822102297
+79822102344
+79822102352
+79120931562
+79120931574
+79120931578
+79120931579
+79120931580
+79120931581
+79120931584
+79120931586
+79120934631
+79120934633
+79128110709
+79128110713
+79128110714
+79128110715
+79128110718
+79128110722
+79128110723
+79128110724
+79128110726
+79128110727
+79825601872
+79825602003
+79825602403
+79825602409
+79825602527
+79825602996
+79825603670
+79825603709
+79825603743
+79825603801
+79821504308
+79821504325
+79821504327
+79821504331
+79821504336
+79821504337
+79821504338
+79821504339
+79821504342
+79821504344
+79195300359
+79195300681
+79195300735
+79195301950
+79195302061
+79195302069
+79195302074
+79195302081
+79195302087
+79195302088
+79125302903
+79125302960
+79125302968
+79125302970
+79125302979
+79125302991
+79125303184
+79125303190
+79125303292
+79125303918
+79195300359
+79195300681
+79195300735
+79195301950
+79195302061
+79195302069
+79195302074
+79195302081
+79195302087
+79195302088
+79822201518
+79822201622
+79822201977
+79822201991
+79822201993
+79822202405
+79822202703
+79822202835
+79822203863
+79822203910
+79825811570
+79825811589
+79825811591
+79825811602
+79825811612
+79825811633
+79825811672
+79825811684
+79825811731
+79825811763
+79821902110
+79821902499
+79821902568
+79821902644
+79821902790
+79821902795
+79821902813
+79821902897
+79821902982
+79821902986
+79821803490
+79821803548
+79821803559
+79821803571
+79821803572
+79821803594
+79821803610
+79821803627
+79821803634
+79821803642
+79822101341
+79822102187
+79822102232
+79822102241
+79822102254
+79822102270
+79822102272
+79822102297
+79822102344
+79822102352
+79128110709
+79128110713
+79128110714
+79128110715
+79128110718
+79128110722
+79128110723
+79128110724
+79128110726
+79128110727
+79129306864
+79129306865
+79129306873
+79129306874
+79129306878
+79129306879
+79129306881
+79129306882
+79129306884
+79129306886
+79195300359
+79195300681
+79195300735
+79195301950
+79195302061
+79195302069
+79195302074
+79195302081
+79195302087
+79195302088
+79825000257
+79825000258
+79825000388
+79825000538
+79825000561
+79825000689
+79825000716
+79825000736
+79825001018
+79825001295
+79821902110
+79821902499
+79821902568
+79821902644
+79821902790
+79821902795
+79821902813
+79821902897
+79821902982
+79821902986
+79828701022
+79828701025
+79828701182
+79828701290
+79828701417
+79828701500
+79828701560
+79828701568
+79828701571
+79828701572
+79825700130
+79825700215
+79825701458
+79825702833
+79825704137
+79825704149
+79825704152
+79825704155
+79825704156
+79825704158
+79128110709
+79128110713
+79128110714
+79128110715
+79128110718
+79128110722
+79128110723
+79128110724
+79128110726
+79128110727
+79120931562
+79120931574
+79120931578
+79120931579
+79120931580
+79120931581
+79120931584
+79120931586
+79120934631
+79120934633
+79120931562
+79120931574
+79120931578
+79120931579
+79120931580
+79120931581
+79120931584
+79120931586
+79120934631
+79120934633
+79120869045
+79120869052
+79120869053
+79120869055
+79120869106
+79120869107
+79120869108
+79120869109
+79120869110
+79120869113
+79825811570
+79825811589
+79825811591
+79825811602
+79825811612
+79825811633
+79825811672
+79825811684
+79825811731
+79825811763
+79825506310
+79825506313
+79825506314
+79825506320
+79825506321
+79825506322
+79825506324
+79825506332
+79825506334
+79825506338
+79821803490
+79821803548
+79821803559
+79821803571
+79821803572
+79821803594
+79821803610
+79821803627
+79821803634
+79821803642
+79128110709
+79128110713
+79128110714
+79128110715
+79128110718
+79128110722
+79128110723
+79128110724
+79128110726
+79128110727
+79821803490
+79821803548
+79821803559
+79821803571
+79821803572
+79821803594
+79821803610
+79821803627
+79821803634
+79821803642
+79825911608
+79825911781
+79825912542
+79825912569
+79825912616
+79825912666
+79825912669
+79825912679
+79825912702
+79825912771
+79828803136
+79828803160
+79828803164
+79828803165
+79828803169
+79828803170
+79828803172
+79828803192
+79828803194
+79828803265
+79120931562
+79120931574
+79120931578
+79120931579
+79120931580
+79120931581
+79120931584
+79120931586
+79120934631
+79120934633
+79120892261
+79120892265
+79120892268
+79120892286
+79120892301
+79120892312
+79120892316
+79120892347
+79120892664
+79120892689
+79120892261
+79120892265
+79120892268
+79120892286
+79120892301
+79120892312
+79120892316
+79120892347
+79120892664
+79120892689
+79821351856
+79821351859
+79821351871
+79821351878
+79821351894
+79821352041
+79821352089
+79821352161
+79821352225
+79821352351
+79821400025
+79821403927
+79821403934
+79821403944
+79821403946
+79821404165
+79821404195
+79821404208
+79821404253
+79821404549
+79822201518
+79822201622
+79822201977
+79822201991
+79822201993
+79822202405
+79822202703
+79822202835
+79822203863
+79822203910
+79120869045
+79120869052
+79120869053
+79120869055
+79120869106
+79120869107
+79120869108
+79120869109
+79120869110
+79120869113
+79821504308
+79821504325
+79821504327
+79821504331
+79821504336
+79821504337
+79821504338
+79821504339
+79821504342
+79821504344
+79825911608
+79825911781
+79825912542
+79825912569
+79825912616
+79825912666
+79825912669
+79825912679
+79825912702
+79825912771
+79825401147
+79825401672
+79825401804
+79825402493
+79825402562
+79825402630
+79825402644
+79825402715
+79825402743
+79825402746
+79195300359
+79195300681
+79195300735
+79195301950
+79195302061
+79195302069
+79195302074
+79195302081
+79195302087
+79195302088
+79824101201
+79824101359
+79824101372
+79824101762
+79824102008
+79824102068
+79824102096
+79824102369
+79824102543
+79824102586
+79825601872
+79825602003
+79825602403
+79825602409
+79825602527
+79825602996
+79825603670
+79825603709
+79825603743
+79825603801
+79822201518
+79822201622
+79822201977
+79822201991
+79822201993
+79822202405
+79822202703
+79822202835
+79822203863
+79822203910
+79825000257
+79825000258
+79825000388
+79825000538
+79825000561
+79825000689
+79825000716
+79825000736
+79825001018
+79825001295
+79125100473
+79125101043
+79125102484
+79125102617
+79125102706
+79125102995
+79125103045
+79125103127
+79125103185
+79125103206
+79128110709
+79128110713
+79128110714
+79128110715
+79128110718
+79128110722
+79128110723
+79128110724
+79128110726
+79128110727
+79825773499
+79825773523
+79825773528
+79825773529
+79825773539
+79825773559
+79825773578
+79825773593
+79825774105
+79825774269
+79125100473
+79125101043
+79125102484
+79125102617
+79125102706
+79125102995
+79125103045
+79125103127
+79125103185
+79125103206
+79825506310
+79825506313
+79825506314
+79825506320
+79825506321
+79825506322
+79825506324
+79825506332
+79825506334
+79825506338
+79125302903
+79125302960
+79125302968
+79125302970
+79125302979
+79125302991
+79125303184
+79125303190
+79125303292
+79125303918
+79124103161
+79124103275
+79124103496
+79124103534
+79124103568
+79124103667
+79124103720
+79124103731
+79124103745
+79124103756
+79825911608
+79825911781
+79825912542
+79825912569
+79825912616
+79825912666
+79825912669
+79825912679
+79825912702
+79825912771
+79825000257
+79825000258
+79825000388
+79825000538
+79825000561
+79825000689
+79825000716
+79825000736
+79825001018
+79825001295
+79825401147
+79825401672
+79825401804
+79825402493
+79825402562
+79825402630
+79825402644
+79825402715
+79825402743
+79825402746
+79825204194
+79825204309
+79825204456
+79825205114
+79825205276
+79825205631
+79825205698
+79825205742
+79825206184
+79825206224
+79124103161
+79124103275
+79124103496
+79124103534
+79124103568
+79124103667
+79124103720
+79124103731
+79124103745
+79124103756
+79825506310
+79825506313
+79825506314
+79825506320
+79825506321
+79825506322
+79825506324
+79825506332
+79825506334
+79825506338
+79125100473
+79125101043
+79125102484
+79125102617
+79125102706
+79125102995
+79125103045
+79125103127
+79125103185
+79125103206
+79129001723
+79129001831
+79129001971
+79129002417
+79129002735
+79129002876
+79129003228
+79129003693
+79129003728
+79129004233
+79825506310
+79825506313
+79825506314
+79825506320
+79825506321
+79825506322
+79825506324
+79825506332
+79825506334
+79825506338
+79128110709
+79128110713
+79128110714
+79128110715
+79128110718
+79128110722
+79128110723
+79128110724
+79128110726
+79128110727
+79825204194
+79825204309
+79825204456
+79825205114
+79825205276
+79825205631
+79825205698
+79825205742
+79825206184
+79825206224
+79125100473
+79125101043
+79125102484
+79125102617
+79125102706
+79125102995
+79125103045
+79125103127
+79125103185
+79125103206
+79825811570
+79825811589
+79825811591
+79825811602
+79825811612
+79825811633
+79825811672
+79825811684
+79825811731
+79825811763
+79828701022
+79828701025
+79828701182
+79828701290
+79828701417
+79828701500
+79828701560
+79828701568
+79828701571
+79828701572
+79825000257
+79825000258
+79825000388
+79825000538
+79825000561
+79825000689
+79825000716
+79825000736
+79825001018
+79825001295
+79825506310
+79825506313
+79825506314
+79825506320
+79825506321
+79825506322
+79825506324
+79825506332
+79825506334
+79825506338
+79120892261
+79120892265
+79120892268
+79120892286
+79120892301
+79120892312
+79120892316
+79120892347
+79120892664
+79120892689
+79825301129
+79825303011
+79825303084
+79825303122
+79825303139
+79825303187
+79825303239
+79825303257
+79825303351
+79825303379
+79195300359
+79195300681
+79195300735
+79195301950
+79195302061
+79195302069
+79195302074
+79195302081
+79195302087
+79195302088
+79825101657
+79825102049
+79825102050
+79825102069
+79825102413
+79825102530
+79825102551
+79825102673
+79825102741
+79825102765
+79128110709
+79128110713
+79128110714
+79128110715
+79128110718
+79128110722
+79128110723
+79128110724
+79128110726
+79128110727
+79822001358
+79822001362
+79822001363
+79822001364
+79822001371
+79822001374
+79822001375
+79822001376
+79822001379
+79822001381
+79125302903
+79125302960
+79125302968
+79125302970
+79125302979
+79125302991
+79125303184
+79125303190
+79125303292
+79125303918
+79825301129
+79825303011
+79825303084
+79825303122
+79825303139
+79825303187
+79825303239
+79825303257
+79825303351
+79825303379
+79825911608
+79825911781
+79825912542
+79825912569
+79825912616
+79825912666
+79825912669
+79825912679
+79825912702
+79825912771
+79821803490
+79821803548
+79821803559
+79821803571
+79821803572
+79821803594
+79821803610
+79821803627
+79821803634
+79821803642
+79824101201
+79824101359
+79824101372
+79824101762
+79824102008
+79824102068
+79824102096
+79824102369
+79824102543
+79824102586
+79821902110
+79821902499
+79821902568
+79821902644
+79821902790
+79821902795
+79821902813
+79821902897
+79821902982
+79821902986
+79822101341
+79822102187
+79822102232
+79822102241
+79822102254
+79822102270
+79822102272
+79822102297
+79822102344
+79822102352
+79822001358
+79822001362
+79822001363
+79822001364
+79822001371
+79822001374
+79822001375
+79822001376
+79822001379
+79822001381
+79825911608
+79825911781
+79825912542
+79825912569
+79825912616
+79825912666
+79825912669
+79825912679
+79825912702
+79825912771
+79129306864
+79129306865
+79129306873
+79129306874
+79129306878
+79129306879
+79129306881
+79129306882
+79129306884
+79129306886
+79821400025
+79821403927
+79821403934
+79821403944
+79821403946
+79821404165
+79821404195
+79821404208
+79821404253
+79821404549
+79822101341
+79822102187
+79822102232
+79822102241
+79822102254
+79822102270
+79822102272
+79822102297
+79822102344
+79822102352
+79822101341
+79822102187
+79822102232
+79822102241
+79822102254
+79822102270
+79822102272
+79822102297
+79822102344
+79822102352
+79195300359
+79195300681
+79195300735
+79195301950
+79195302061
+79195302069
+79195302074
+79195302081
+79195302087
+79195302088
+79825000257
+79825000258
+79825000388
+79825000538
+79825000561
+79825000689
+79825000716
+79825000736
+79825001018
+79825001295
+79124103161
+79124103275
+79124103496
+79124103534
+79124103568
+79124103667
+79124103720
+79124103731
+79124103745
+79124103756
+79825811570
+79825811589
+79825811591
+79825811602
+79825811612
+79825811633
+79825811672
+79825811684
+79825811731
+79825811763
+79828803136
+79828803160
+79828803164
+79828803165
+79828803169
+79828803170
+79828803172
+79828803192
+79828803194
+79828803265
+79821351856
+79821351859
+79821351871
+79821351878
+79821351894
+79821352041
+79821352089
+79821352161
+79821352225
+79821352351
+79824101201
+79824101359
+79824101372
+79824101762
+79824102008
+79824102068
+79824102096
+79824102369
+79824102543
+79824102586
+79828803136
+79828803160
+79828803164
+79828803165
+79828803169
+79828803170
+79828803172
+79828803192
+79828803194
+79828803265
+79822001358
+79822001362
+79822001363
+79822001364
+79822001371
+79822001374
+79822001375
+79822001376
+79822001379
+79822001381
+79825773499
+79825773523
+79825773528
+79825773529
+79825773539
+79825773559
+79825773578
+79825773593
+79825774105
+79825774269
+79825101657
+79825102049
+79825102050
+79825102069
+79825102413
+79825102530
+79825102551
+79825102673
+79825102741
+79825102765
+79825000257
+79825000258
+79825000388
+79825000538
+79825000561
+79825000689
+79825000716
+79825000736
+79825001018
+79825001295
+79825811570
+79825811589
+79825811591
+79825811602
+79825811612
+79825811633
+79825811672
+79825811684
+79825811731
+79825811763
+79824101201
+79824101359
+79824101372
+79824101762
+79824102008
+79824102068
+79824102096
+79824102369
+79824102543
+79824102586
+79822201518
+79822201622
+79822201977
+79822201991
+79822201993
+79822202405
+79822202703
+79822202835
+79822203863
+79822203910
+79195300359
+79195300681
+79195300735
+79195301950
+79195302061
+79195302069
+79195302074
+79195302081
+79195302087
+79195302088
+79825401147
+79825401672
+79825401804
+79825402493
+79825402562
+79825402630
+79825402644
+79825402715
+79825402743
+79825402746
+79828701022
+79828701025
+79828701182
+79828701290
+79828701417
+79828701500
+79828701560
+79828701568
+79828701571
+79828701572
+79828701022
+79828701025
+79828701182
+79828701290
+79828701417
+79828701500
+79828701560
+79828701568
+79828701571
+79828701572
