+79889300270
+79889200871
+79887200160
+79887202554
+79887202986
+79889300051
+79887201740
+79187209529
+79887203069
+79889300192
+79889300368
+79889300322
+79889397943
+79887202937
+79887203059
+79187211289
+79889200857
+79887202350
+79887203027
+79887210894
+79887210867
+79889300379
+79887201583
+79187210767
+79187211629
+79889300453
+79887210924
+79889200879
+79889397189
+79889200876
+79889397138
+79889395384
+79887210947
+79887210932
+79889200869
+79889200875
+79187211282
+79887210154
+79887210762
+79187210930
+79889200872
+79889393215
+79187211220
+79887210918
+79889397916
+79889300419
+79889300185
+79889200883
+79889393645
+79889200873
+79887210861
+79889300257
+79187211806
+79887210879
+79889397586
+79187209773
+79187211234
+79889397335
+79889200881
+79889397947
