+79823901515
+79828105444
+79823808437
+79127307057
+79195001770
+79823805594
+79123329810
+79195116496
+79127013203
+79127214351
+79823901313
+79123329781
+79828102296
+79127215121
+79195207576
+79195206124
+79128213264
+79123608839
+79127013389
+79127306696
+79127214607
+79828103160
+79828104999
+79127013216
+79127302671
+79127304599
+79127104211
+79123608738
+79127307867
+79128212085
+79195116918
+79127215150
+79823901717
+79123608188
+79123712860
+79123706174
+79128210739
+79127003628
+79127105118
+79195003018
+79195114216
+79823901902
+79127210858
+79127214278
+79123329780
+79123608904
+79127103216
+79127214838
+79127104937
+79127302818
+79123711959
+79823808776
+79123703518
+79195009581
+79823806825
+79123608840
+79127003367
+79823804817
+79123329790
+79123607928
+79823809177
+79195116037
+79127013245
+79127012714
+79195009927
+79195008205
+79127013417
+79128213485
+79823808601
+79123329793
+79823806240
+79127104922
+79123608640
+79123708410
+79127103248
+79127302092
+79127010936
+79195114497
+79823903156
+79127104358
+79195008564
+79195204476
+79195116123
+79823905731
+79195204214
+79195207657
+79123329796
+79195112861
+79195201937
+79195004814
+79195004582
+79828105352
+79823902243
+79127215896
+79195114632
+79127103548
+79195201767
+79127304107
+79823903660
+79127307514
+79127012491
+79127102469
+79823902256
+79828102937
+79127214668
+79195206589
+79195003363
+79195114484
+79195007331
+79128208678
+79123608962
+79823808121
+79123329807
+79123708058
+79127308946
+79828105304
+79128213598
+79128213113
+79128213156
+79128213521
+79123706265
+79123608506
+79127215377
+79123703020
+79823804315
+79128213286
+79195205942
+79195109025
+79823901719
+79123329768
+79195207225
+79123329798
+79828104453
+79123329778
+79828105389
+79828102931
+79123609976
+79123706499
+79123704218
+79127104445
