+79159200462
+79159200799
+79101907467
+79109200241
+79109200187
+79103701311
+79109505258
+79103700231
+79159000947
+79108003364
+79109200214
+79109505256
+79101906980
+79103700323
+79101905801
+79159001804
+79109200216
+79103701467
+79109200285
+79108003306
+79101905499
+79159109092
+79805722279
+79159201160
+79101905593
+79103700271
+79103701081
+79106608548
+79109505253
+79106602993
+79106603932
+79159201134
+79106601905
+79159002684
+79159109715
+79805722278
+79101906069
+79159200715
+79159201066
+79109500205
+79103700371
+79109505237
+79159109201
+79109502774
+79159109258
+79805715540
+79805722285
+79159003389
+79103701587
+79159201289
+79159002880
+79159109716
+79159201209
+79159003531
+79159003552
+79106608649
+79103700454
+79101906671
+79159107250
+79103700685
+79106609513
+79109200253
+79103700275
+79805722271
+79805715569
+79159103523
+79101905495
+79109200170
+79109505263
+79108003434
+79101906371
+79159002386
+79106604827
+79108002502
+79108003432
+79109200162
+79159200450
+79159201118
+79106605644
+79106602437
+79108003158
+79106603927
+79159002792
+79109502461
+79108002038
+79805716691
+79108002121
+79159109530
+79805716686
+79805722273
+79159104372
+79106609507
+79109200027
+79108000451
+79159002791
+79805715564
+79159104698
+79109505246
+79159201117
+79109501246
+79108001219
+79109200261
+79101908060
