+79195903198
+79824208098
+79824209536
+79824209992
+79195601322
+79195601435
+79128304180
+79120631290
+79828000853
+79195701451
+79125706852
+79195903213
+79125202083
+79129708169
+79828002832
+79128303507
+79823952201
+79129706841
+79195903196
+79120631292
+79128305265
+79195601292
+79823952144
+79195800931
+79824209993
+79129708190
+79125706847
+79128305985
+79120631245
+79195800924
+79125202045
+79195601404
+79125706939
+79120631286
+79128305982
+79129707864
+79129707826
+79823952091
+79828002854
+79129706465
+79823951956
+79828000857
+79195700856
+79824209430
+79824209994
+79195903180
+79129708001
+79195700601
+79195800318
+79828002817
+79120631296
+79125202108
+79195903211
+79828000379
+79125706936
+79828002459
+79195801462
+79823952167
+79129707856
+79120631282
+79824209990
+79120631289
+79195701444
+79195903208
+79823952186
+79824208599
+79125706932
+79824209414
+79128305579
+79823952198
+79195701338
+79125202089
+79195801742
+79125201867
+79195903183
+79195700967
+79823951799
+79828000893
+79125202011
+79125202110
+79125202054
+79195903189
+79195701408
+79195800679
+79125202042
+79823952103
+79828002818
+79195903216
+79195601451
+79823952093
+79125706894
+79195701311
+79125202072
+79195802503
+79195601583
+79195800757
+79195903194
+79195802140
+79120631295
+79195600071
+79129707198
+79128305567
+79128305287
+79128306437
+79195701110
+79125706857
+79125706944
+79195800503
+79195601629
+79195600241
+79129708272
+79120631294
+79120631288
+79195601520
+79128306002
+79824209976
+79125706843
+79828002896
+79125706922
+79195700552
