+79102108545
+79191705704
+79102706714
+79192707831
+79191705780
+79192103238
+79192707815
+79192102825
+79107301624
+79103102455
+79155108519
+79155108524
+79155108533
+79107301682
+79191300398
+79102706668
+79192707822
+79100518491
+79192102903
+79103102359
+79807915728
+79107408156
+79107405664
+79102108798
+79192707634
+79807915734
+79100518483
+79107409882
+79100518486
+79102108661
+79103102229
+79192103018
+79103102399
+79102706669
+79191705679
+79191700980
+79155108596
+79807915736
+79807915730
+79107405279
+79102706706
+79192103235
+79191301054
+79107409824
+79191705621
+79102108455
+79107409129
+79192102932
+79191705711
+79102108601
+79807915726
+79100518490
+79107405071
+79102108499
+79155108516
+79102706703
+79100518485
+79107302741
+79103102270
+79102108621
+79100518437
+79107409774
+79191301327
+79103102241
+79155108515
+79191300419
+79102706741
+79191300279
+79100518488
+79100518489
+79192707851
+79192102914
+79191302540
+79107409446
+79155108523
+79107303526
+79102108493
+79102108791
+79107302268
+79192707669
+79807915729
+79807915735
+79155108536
+79192707685
+79107303618
+79107302025
+79191302706
+79807915731
+79191301809
+79102706727
+79192102085
+79155108527
+79103102245
+79107404186
+79191703144
+79192102556
+79155108507
+79191705631
+79192707684
+79807915723
+79191705634
+79192707697
+79807915732
+79191300669
+79102706685
+79192101436
+79191705742
+79100518492
+79103102239
+79107302493
+79107302787
+79102706723
+79191303981
+79192707743
+79102706663
+79100518487
+79103102243
+79103101925
+79102108913
+79107303592
