+79191604483
+79192503381
+79103510004
+79802616617
+79158506172
+79158508649
+79102541590
+79192510715
+79158505932
+79192511930
+79192509198
+79802507375
+79107423235
+79155505439
+79191605451
+79107424581
+79102541578
+79102541509
+79802507504
+79802507591
+79192503816
+79192502318
+79158505674
+79155506861
+79802617154
+79802617163
+79191605269
+79803506209
+79191605914
+79802616175
+79107424413
+79155504819
+79107424378
+79103502059
+79155506503
+79155505396
+79803506210
+79803500799
+79802507498
+79103510682
+79158507617
+79155506143
+79803502246
+79155507237
+79158509057
+79803505668
+79802616625
+79192511193
+79103502699
+79102541472
+79103511432
+79107399467
+79802613187
+79107424870
+79191605380
+79103505224
+79158506136
+79102541600
+79103514238
+79107424396
+79107425102
+79103513965
+79107425249
+79192505539
+79103510527
+79158507419
+79802616377
+79802507411
+79192510803
+79192507523
+79102541561
+79803509837
+79155507146
+79103501565
+79803510015
+79191605433
+79191605323
+79802616149
+79802616981
+79802507585
+79102541583
+79102541527
+79191605456
+79155506155
+79802617164
+79191605938
+79802507573
+79158509758
+79191604954
+79158509061
+79802617156
+79802507467
+79107394591
+79803509081
+79107424973
+79102541564
+79107424324
+79802507529
+79155504786
+79107422945
+79803507425
+79191605209
+79802507363
+79803502393
+79102541567
+79103509247
