+79113200119
+79813002187
+79113014002
+79110610112
+79813027213
+79113316638
+79113202498
+79113013478
+79110610120
+79113408427
+79113408436
+79113011253
+79113316637
+79813027795
+79813027067
+79813002269
+79813002197
+79813002248
+79113014021
+79113316645
+79113106977
+79113013289
+79813002270
+79118003257
+79113201847
+79113013215
+79118003327
+79813027796
+79110610064
+79113408450
+79113201460
+79118003329
+79813211109
+79110604951
+79113201381
+79118002652
+79113107004
+79113407659
+79118003326
+79113014164
+79113316649
+79813002186
+79110610119
+79113107034
+79118002238
+79113408465
+79813002094
+79113013185
+79813027732
+79813002217
+79813027072
+79110610039
+79813002268
+79110610114
+79113408452
+79813027794
+79113106992
+79813027079
+79813027068
+79113200118
+79813027214
+79113300064
+79118003285
+79110610125
+79113106994
+79113012789
+79113408469
+79113106987
+79113202139
+79110610104
+79113105320
+79118003165
+79813211108
+79113300068
+79113107026
+79113202357
+79113316641
+79113316650
+79113408447
+79118003295
+79118003052
+79113013698
+79113316657
+79113408455
+79113201517
+79113408428
+79113105425
+79110610117
+79813026340
+79813002204
+79113200081
+79113202546
+79113316643
+79113107048
