+79877505583 - ask me
+79875327051 - ask me
+79159328340 - ask me
+79867530024 - ask me
+79875328199 - ask me
+79159432154
+79107953679
+79107953651
+79159432136
+79107953519
+79159355677
+79108840837
+79873926297
+79877504957
+79107953623
+79159432153
+79873926304
+79877509297
+79870817652
+79875326945
+79873926260
+79867534565
+79107953572
+79875327243
+79870887576
+79107953827
+79873926285
+79159337128
+79867534601
+79159309332
+79875327208
+79159355771
+79108848531
+79877505875
+79877504569
+79159432137
+79108834462
+79867534578
+79867534581
+79159331650
+79873926301
+79159335172
+79867534615
+79875327046
+79867534696
+79877510826
+79159309306
+79870829108
+79867534747
+79159432139
+79875327156
+79108848267
+79108833509
+79875327117
+79873926299
+79108834474
+79877505280
+79107953643
+79107953840
+79159432148
+79877507816
+79877505614
+79870861975
+79159328314
+79875327216
+79870824139
+79159432134
+79875327319
+79159336632
+79159337152
+79107953420
+79159432142
+79877508426
+79108849473
+79107953612
+79870822199
+79873926254
+79873926291
+79108838412
+79108835085
+79108848045
+79867534659
+79159432146
+79107953856
+79873926273
+79159432143
+79877505924
+79867534553
+79873926235
