+79803607879
+79155000748
+79107475770
+79107471578
+79103009163
+79192005015
+79803607412
+79103009599
+79102601397
+79107470636
+79803608769
+79190909820
+79192606715
+79155000297
+79192606736
+79155001385
+79190909867
+79190909874
+79155002458
+79107475647
+79102600031
+79103005804
+79102600702
+79102600071
+79102013923
+79192001806
+79107470891
+79803600592
+79102600889
+79192005027
+79190909876
+79102013947
+79190909885
+79803609103
+79155002389
+79190909850
+79192005038
+79192606703
+79102600573
+79102601015
+79192606734
+79803600375
+79107474395
+79190909750
+79190909658
+79103009494
+79102600161
+79102013895
+79192606645
+79102013983
+79155002367
+79192606580
+79803609456
+79155001374
+79807666392
+79103002054
+79192606581
+79192005041
+79192000941
+79192606698
+79103009604
+79102600987
+79102013893
+79103006536
+79807666278
+79103009281
+79192005028
+79807666357
+79102013954
+79192005059
+79192000708
+79102013920
+79107471547
+79155000964
+79155002524
+79102600826
+79803606841
+79803608353
+79103009267
+79807666387
+79807666343
+79107475459
+79102013959
+79103009276
+79807666374
+79192005042
+79807666354
+79192606643
+79807666391
+79807666351
+79107471082
+79103009485
+79190909751
+79190909871
+79803606362
+79155000868
+79192606642
+79192005018
+79102013698
+79155001726
+79807666191
+79107475607
+79102013735
+79102600827
